BEGIN DSCRDATA
% INDEX	K01	L01	M01	K02	L02	M02	K03	L03	M03	K04	L04	M04	K05	L05	M05	K06	L06	M06	K07	L07	M07	K08	L08	M08	K09	L09	M09	K10	L10	M10	K11	L11	M11	K12	L12	M12	K13	L13	M13	K14	L14	M14	K15	L15	M15	K16	L16	M16	K17	L17	M17	K18	L18	M18
0	0	0	0	0	0	0	0	0	0	0	0	0	0	0	0	0	0	0	0	0	0	0	0	0	0	0	0	0	0	0	0	0	0	0	0	0	0	0	0	0	0	0	0	0	0	0	0	0	0	0	0	0	0	0
1	6.81133548802204E-08	1E10	1470588235.29411	1E-30	2.72413390902101E-10	1E10	1E-30	1E10	1.19696391512068E-02	2.99170984783217E-05	1E10	76.1163477573878	3.93999469756076E-05	1E10	10.9484353187634	3.58789662636179E-05	1E10	2.34973958756337	3.27694376789036E-05	1E10	0.479923382174716	2.77050846028294E-05	1E10	9.75275826147201E-02	2.42620728368009E-05	1E10	1.60284242084505E-02	1E-30	1.04387782197883E-10	9.93550701984607E-02	1E-30	4.31893118313388E-11	7.47328642857079E-02	1.66143854899878E-07	6.95397594633893E-11	0.119453874412227	6.59106465429744E-08	6.20199494340865E-11	0.109436416063727	7.37609719943411E-12	3.64834764568397E-10	39.9162678536881	1E10	1E-30	1E-10	1E10	1E-30	1E-10	1E10	1E-30	1E-10	1E10	1E-30	1E-10
2	2.13316845247425E-07	1E10	666666666.666666	1E-30	2.69766652725844E-10	1E10	1E-30	1E10	8.05677999729818E-03	6.11951811528533E-05	1E10	44.1176880061922	8.14086878222848E-05	1E10	6.86145263963211	7.25828410141458E-05	1E10	1.56113683344764	6.89605988461134E-05	1E10	0.324521322465102	6.32381451127229E-05	1E10	7.36201195290799E-02	4.97905994024994E-05	1E10	1.43153267551031E-02	1E-30	6.43101067683881E-11	5.61930802881398E-02	1E-30	9.30087663160498E-11	4.16703645115409E-02	1E-30	3.36926599708873E-11	1.50755794381405E-02	3.33175994719011E-07	8.6613780087131E-11	9.24409488505193E-02	1.88135236109519E-07	5.80855502583136E-11	7.80029999876158E-02	7.42867807404187E-12	3.49193944085767E-10	44.9846854465326	1E10	1E-30	1E-10	1E10	1E-30	1E-10	1E10	1E-30	1E-10
3	1.55436793306771E-07	1E10	666666666.666666	1E-30	2.69766652725844E-10	1E10	1E-30	1E10	8.05677999729818E-03	6.11951811528533E-05	1E10	44.1176880061922	8.14086878222848E-05	1E10	6.86145263963211	7.25828410141458E-05	1E10	1.56113683344764	6.89605988461134E-05	1E10	0.324521322465102	6.32381451127229E-05	1E10	7.36201195290799E-02	4.97905994024994E-05	1E10	1.43153267551031E-02	1E-30	6.43101067683881E-11	5.61930802881398E-02	1E-30	9.30087663160498E-11	4.16703645115409E-02	1E-30	3.36926599708873E-11	1.50755794381405E-02	3.33175994719011E-07	8.6613780087131E-11	9.24409488505193E-02	1.88135236109519E-07	5.80855502583136E-11	7.80029999876158E-02	7.42867807404187E-12	3.49193944085767E-10	44.9846854465326	1E10	1E-30	1E-10	1E10	1E-30	1E-10	1E10	1E-30	1E-10
4	2.13316845247425E-07	1E10	454545454.545454	1E-30	3.20473831142486E-10	1E10	1E-30	1E10	7.16172331673226E-03	7.82005351476533E-05	1E10	32.2999487567509	1.04044118457796E-04	1E10	4.94042569738995	9.50565165184365E-05	1E10	1.0993687718583	8.13949537722951E-05	1E10	0.248188346682131	6.05921163589415E-05	1E10	5.44807238597244E-02	7.43801996045848E-05	1E10	6.90684472507214E-03	1E-30	1.59172772792732E-11	0.200867798516668	1E-30	7.08779547409513E-11	4.75500207033084E-02	1E-30	2.84061762292029E-11	1.77825023060255E-02	6.0107482816142E-07	5.8381577346537E-11	5.84222803596102E-02	1.59926039294297E-07	7.7756279549722E-11	5.59629145413951E-02	3.20376254031254E-09	5.47146482104816E-11	2.40243066540209E-02	9.77560862134643E-12	2.32690347414069E-10	24.6303948863816	1E10	1E-30	1E-10	1E10	1E-30	1E-10
5	2.13316845247425E-07	1E10	454545454.545454	1E-30	3.20473831142486E-10	1E10	1E-30	1E10	7.16172331673226E-03	7.82005351476533E-05	1E10	32.2999487567509	1.04044118457796E-04	1E10	4.94042569738995	9.50565165184365E-05	1E10	1.0993687718583	8.13949537722951E-05	1E10	0.248188346682131	6.05921163589415E-05	1E10	5.44807238597244E-02	7.43801996045848E-05	1E10	6.90684472507214E-03	1E-30	1.59172772792732E-11	0.200867798516668	1E-30	7.08779547409513E-11	4.75500207033084E-02	1E-30	2.84061762292029E-11	1.77825023060255E-02	6.0107482816142E-07	5.8381577346537E-11	5.84222803596102E-02	1.59926039294297E-07	7.7756279549722E-11	5.59629145413951E-02	3.20376254031254E-09	5.47146482104816E-11	2.40243066540209E-02	9.77560862134643E-12	2.32690347414069E-10	24.6303948863816	1E10	1E-30	1E-10	1E10	1E-30	1E-10
6	3.298186910367E-07	1E10	303030303.030303	1E-30	3.32566123072096E-10	1E10	1E-30	1E10	5.11245353921363E-03	8.79376810150089E-05	1E10	49.3071135362913	1.5064524549203E-04	1E10	3.56480620001501	1.55834201110651E-04	1E10	0.703032698279726	1.346304280669E-04	1E10	0.178666145541016	7.4846848359229E-05	1E10	3.28227819228479E-02	3.17765917265403E-04	1E10	1.83992351491753E-02	1E-30	1.16680600242896E-10	3.73591359437534E-02	1E-30	6.7253183718817E-11	3.28487700150853E-02	1E-30	3.79620542717089E-11	1.04152224666176E-02	1.00862566210287E-06	7.15969630498256E-11	7.38282682775218E-02	4.05351266624541E-07	7.12893596834588E-11	6.62706709360764E-02	1.1136237453049E-11	1.88450643942143E-10	16.4769490006566	1E10	1E-30	1E-10	1E10	1E-30	1E-10	1E10	1E-30	1E-10
7	3.298186910367E-07	1E10	303030303.030303	1E-30	3.32566123072096E-10	1E10	1E-30	1E10	5.11245353921363E-03	8.79376810150089E-05	1E10	49.3071135362913	1.5064524549203E-04	1E10	3.56480620001501	1.55834201110651E-04	1E10	0.703032698279726	1.346304280669E-04	1E10	0.178666145541016	7.4846848359229E-05	1E10	3.28227819228479E-02	3.17765917265403E-04	1E10	1.83992351491753E-02	1E-30	1.16680600242896E-10	3.73591359437534E-02	1E-30	6.7253183718817E-11	3.28487700150853E-02	1E-30	3.79620542717089E-11	1.04152224666176E-02	1.00862566210287E-06	7.15969630498256E-11	7.38282682775218E-02	4.05351266624541E-07	7.12893596834588E-11	6.62706709360764E-02	1.1136237453049E-11	1.88450643942143E-10	16.4769490006566	1E10	1E-30	1E-10	1E10	1E-30	1E-10	1E10	1E-30	1E-10
END DSCRDATA
