BEGIN DSCRDATA
% INDEX	K01	L01	M01	K02	L02	M02	K03	L03	M03	K04	L04	M04	K05	L05	M05	K06	L06	M06	K07	L07	M07	K08	L08	M08	K09	L09	M09	K10	L10	M10	K11	L11	M11	K12	L12	M12	K13	L13	M13	K14	L14	M14	K15	L15	M15	K16	L16	M16	K17	L17	M17	K18	L18	M18
0	0	0	0	0	0	0	0	0	0	0	0	0	0	0	0	0	0	0	0	0	0	0	0	0	0	0	0	0	0	0	0	0	0	0	0	0	0	0	0	0	0	0	0	0	0	0	0	0	0	0	0	0	0	0
1	1.03452403341347E-09	1E10	1E10	1E-30	1.67030998760502E-10	1E10	1E-30	1E10	0.259779226327368	7.56007933289159E-08	1E10	25876.5503615594	1.55035320871368E-07	1E10	961.405006682649	1.31797552868212E-07	1E10	96.1405006682649	1.11921559307448E-07	1E10	11.8278655582433	6.45477025748417E-08	1E10	2.05087571478249	3.13455061538642E-08	1E10	0.370677441289421	2.11815592157972E-08	1E10	0.108306112852128	2.00221929002412E-11	2.03639990474181E-10	4.40113695693195	1.73823085809746E-12	1.89341843728741E-10	18.6977753629943	1E10	1E-30	1E-10	1E10	1E-30	1E-10	1E10	1E-30	1E-10	1E10	1E-30	1E-10	1E10	1E-30	1E-10	1E10	1E-30	1E-10
2	1.03452403341347E-09	1E10	1E10	1E-30	1.67030998760502E-10	1E10	1E-30	1E10	0.259779226327368	7.56007933289159E-08	1E10	25876.5503615594	1.55035320871368E-07	1E10	961.405006682649	1.31797552868212E-07	1E10	96.1405006682649	1.11921559307448E-07	1E10	11.8278655582433	6.45477025748417E-08	1E10	2.05087571478249	3.13455061538642E-08	1E10	0.370677441289421	2.11815592157972E-08	1E10	0.108306112852128	2.00221929002412E-11	2.03639990474181E-10	4.40113695693195	1.73823085809746E-12	1.89341843728741E-10	18.6977753629943	1E10	1E-30	1E-10	1E10	1E-30	1E-10	1E10	1E-30	1E-10	1E10	1E-30	1E-10	1E10	1E-30	1E-10	1E10	1E-30	1E-10
3	1.03452403341347E-09	1E10	1E10	1E-30	1.67030998760502E-10	1E10	1E-30	1E10	0.259779226327368	7.56007933289159E-08	1E10	25876.5503615594	1.55035320871368E-07	1E10	961.405006682649	1.31797552868212E-07	1E10	96.1405006682649	1.11921559307448E-07	1E10	11.8278655582433	6.45477025748417E-08	1E10	2.05087571478249	3.13455061538642E-08	1E10	0.370677441289421	2.11815592157972E-08	1E10	0.108306112852128	2.00221929002412E-11	2.03639990474181E-10	4.40113695693195	1.73823085809746E-12	1.89341843728741E-10	18.6977753629943	1E10	1E-30	1E-10	1E10	1E-30	1E-10	1E10	1E-30	1E-10	1E10	1E-30	1E-10	1E10	1E-30	1E-10	1E10	1E-30	1E-10
4	1.03452403341347E-09	1E10	1E10	1E-30	1.67030998760502E-10	1E10	1E-30	1E10	0.259779226327368	7.56007933289159E-08	1E10	25876.5503615594	1.55035320871368E-07	1E10	961.405006682649	1.31797552868212E-07	1E10	96.1405006682649	1.11921559307448E-07	1E10	11.8278655582433	6.45477025748417E-08	1E10	2.05087571478249	3.13455061538642E-08	1E10	0.370677441289421	2.11815592157972E-08	1E10	0.108306112852128	2.00221929002412E-11	2.03639990474181E-10	4.40113695693195	1.73823085809746E-12	1.89341843728741E-10	18.6977753629943	1E10	1E-30	1E-10	1E10	1E-30	1E-10	1E10	1E-30	1E-10	1E10	1E-30	1E-10	1E10	1E-30	1E-10	1E10	1E-30	1E-10
5	1.15197386612772E-09	1E10	1E10	1E-30	2.37735647653696E-10	1E10	1E-30	1E10	0.254579552430874	1.02885681312785E-07	1E10	16257.1521153591	1.72367731003699E-07	1E10	814.787709535458	2.14070045389386E-07	1E10	89.3396957991077	1.77126892472956E-07	1E10	22.1582038696255	1.0876332240296E-07	1E10	4.79079890763293	7.3404384559872E-08	1E10	0.888733451449494	2.13360513569812E-08	1E10	0.274811495308586	1.7669250040181E-11	2.03869316120702E-10	4.25154844563573	1.60321658640156E-12	1.81983257926511E-10	22.080906856188	1E10	1E-30	1E-10	1E10	1E-30	1E-10	1E10	1E-30	1E-10	1E10	1E-30	1E-10	1E10	1E-30	1E-10	1E10	1E-30	1E-10
6	1.15197386612772E-09	1E10	1E10	1E-30	2.37735647653696E-10	1E10	1E-30	1E10	0.254579552430874	1.02885681312785E-07	1E10	16257.1521153591	1.72367731003699E-07	1E10	814.787709535458	2.14070045389386E-07	1E10	89.3396957991077	1.77126892472956E-07	1E10	22.1582038696255	1.0876332240296E-07	1E10	4.79079890763293	7.3404384559872E-08	1E10	0.888733451449494	2.13360513569812E-08	1E10	0.274811495308586	1.7669250040181E-11	2.03869316120702E-10	4.25154844563573	1.60321658640156E-12	1.81983257926511E-10	22.080906856188	1E10	1E-30	1E-10	1E10	1E-30	1E-10	1E10	1E-30	1E-10	1E10	1E-30	1E-10	1E10	1E-30	1E-10	1E10	1E-30	1E-10
7	1.15197386612772E-09	1E10	1E10	1E-30	2.37735647653696E-10	1E10	1E-30	1E10	0.254579552430874	1.02885681312785E-07	1E10	16257.1521153591	1.72367731003699E-07	1E10	814.787709535458	2.14070045389386E-07	1E10	89.3396957991077	1.77126892472956E-07	1E10	22.1582038696255	1.0876332240296E-07	1E10	4.79079890763293	7.3404384559872E-08	1E10	0.888733451449494	2.13360513569812E-08	1E10	0.274811495308586	1.7669250040181E-11	2.03869316120702E-10	4.25154844563573	1.60321658640156E-12	1.81983257926511E-10	22.080906856188	1E10	1E-30	1E-10	1E10	1E-30	1E-10	1E10	1E-30	1E-10	1E10	1E-30	1E-10	1E10	1E-30	1E-10	1E10	1E-30	1E-10
8	1.15197386612772E-09	1E10	1E10	1E-30	2.37735647653696E-10	1E10	1E-30	1E10	0.254579552430874	1.02885681312785E-07	1E10	16257.1521153591	1.72367731003699E-07	1E10	814.787709535458	2.14070045389386E-07	1E10	89.3396957991077	1.77126892472956E-07	1E10	22.1582038696255	1.0876332240296E-07	1E10	4.79079890763293	7.3404384559872E-08	1E10	0.888733451449494	2.13360513569812E-08	1E10	0.274811495308586	1.7669250040181E-11	2.03869316120702E-10	4.25154844563573	1.60321658640156E-12	1.81983257926511E-10	22.080906856188	1E10	1E-30	1E-10	1E10	1E-30	1E-10	1E10	1E-30	1E-10	1E10	1E-30	1E-10	1E10	1E-30	1E-10	1E10	1E-30	1E-10
9	1.50089367456017E-09	1E10	1E10	1E-30	1.78996781425395E-10	1E10	1E-30	1E10	0.174277025132343	1.30061823320316E-07	1E10	15697.9525475224	2.19612685242016E-07	1E10	639.503626976547	1.80201067162808E-07	1E10	63.9503626976547	1.49523385902333E-07	1E10	6.75535461054013	1.02769433332848E-07	1E10	1.0229268317202	5.28459481631648E-08	1E10	0.264338090901696	1.46387776372904E-08	1E10	0.117403904562527	1.10660924860896E-11	2.54906208735865E-10	5.48195195115077	2.45406766819662E-12	1.49429650189264E-10	15.735969619223	1E10	1E-30	1E-10	1E10	1E-30	1E-10	1E10	1E-30	1E-10	1E10	1E-30	1E-10	1E10	1E-30	1E-10	1E10	1E-30	1E-10
10	1.50089367456017E-09	1E10	1E10	1E-30	1.78996781425395E-10	1E10	1E-30	1E10	0.174277025132343	1.30061823320316E-07	1E10	15697.9525475224	2.19612685242016E-07	1E10	639.503626976547	1.80201067162808E-07	1E10	63.9503626976547	1.49523385902333E-07	1E10	6.75535461054013	1.02769433332848E-07	1E10	1.0229268317202	5.28459481631648E-08	1E10	0.264338090901696	1.46387776372904E-08	1E10	0.117403904562527	1.10660924860896E-11	2.54906208735865E-10	5.48195195115077	2.45406766819662E-12	1.49429650189264E-10	15.735969619223	1E10	1E-30	1E-10	1E10	1E-30	1E-10	1E10	1E-30	1E-10	1E10	1E-30	1E-10	1E10	1E-30	1E-10	1E10	1E-30	1E-10
11	1.50089367456017E-09	1E10	1E10	1E-30	1.78996781425395E-10	1E10	1E-30	1E10	0.174277025132343	1.30061823320316E-07	1E10	15697.9525475224	2.19612685242016E-07	1E10	639.503626976547	1.80201067162808E-07	1E10	63.9503626976547	1.49523385902333E-07	1E10	6.75535461054013	1.02769433332848E-07	1E10	1.0229268317202	5.28459481631648E-08	1E10	0.264338090901696	1.46387776372904E-08	1E10	0.117403904562527	1.10660924860896E-11	2.54906208735865E-10	5.48195195115077	2.45406766819662E-12	1.49429650189264E-10	15.735969619223	1E10	1E-30	1E-10	1E10	1E-30	1E-10	1E10	1E-30	1E-10	1E10	1E-30	1E-10	1E10	1E-30	1E-10	1E10	1E-30	1E-10
12	1.50089367456017E-09	1E10	1E10	1E-30	1.78996781425395E-10	1E10	1E-30	1E10	0.174277025132343	1.30061823320316E-07	1E10	15697.9525475224	2.19612685242016E-07	1E10	639.503626976547	1.80201067162808E-07	1E10	63.9503626976547	1.49523385902333E-07	1E10	6.75535461054013	1.02769433332848E-07	1E10	1.0229268317202	5.28459481631648E-08	1E10	0.264338090901696	1.46387776372904E-08	1E10	0.117403904562527	1.10660924860896E-11	2.54906208735865E-10	5.48195195115077	2.45406766819662E-12	1.49429650189264E-10	15.735969619223	1E10	1E-30	1E-10	1E10	1E-30	1E-10	1E10	1E-30	1E-10	1E10	1E-30	1E-10	1E10	1E-30	1E-10	1E10	1E-30	1E-10
13	1.84380965579982E-09	1E10	1E10	1E-30	1.58327172349695E-10	1E10	1E-30	1E10	0.152454845242765	1.89390009707524E-07	1E10	9294.83698791531	2.57902284543394E-07	1E10	673.351415708095	2.33865015390919E-07	1E10	70.5085490258435	1.99577874484705E-07	1E10	8.02130225170695	1.34428050837002E-07	1E10	1.50204015120229	7.38737085279435E-08	1E10	0.368707135087317	2.39050634935107E-08	1E10	0.11659543364313	9.71471751338254E-10	4.4224293737626E-11	0.253227393573763	1.71019354878886E-11	1.60069575582644E-10	3.93451724397803	2.15254973388065E-12	1.8171705054012E-10	17.825563851481	1E10	1E-30	1E-10	1E10	1E-30	1E-10	1E10	1E-30	1E-10	1E10	1E-30	1E-10	1E10	1E-30	1E-10
14	1.84380965579982E-09	1E10	1E10	1E-30	1.58327172349695E-10	1E10	1E-30	1E10	0.152454845242765	1.89390009707524E-07	1E10	9294.83698791531	2.57902284543394E-07	1E10	673.351415708095	2.33865015390919E-07	1E10	70.5085490258435	1.99577874484705E-07	1E10	8.02130225170695	1.34428050837002E-07	1E10	1.50204015120229	7.38737085279435E-08	1E10	0.368707135087317	2.39050634935107E-08	1E10	0.11659543364313	9.71471751338254E-10	4.4224293737626E-11	0.253227393573763	1.71019354878886E-11	1.60069575582644E-10	3.93451724397803	2.15254973388065E-12	1.8171705054012E-10	17.825563851481	1E10	1E-30	1E-10	1E10	1E-30	1E-10	1E10	1E-30	1E-10	1E10	1E-30	1E-10	1E10	1E-30	1E-10
15	1.84380965579982E-09	1E10	1E10	1E-30	1.58327172349695E-10	1E10	1E-30	1E10	0.152454845242765	1.89390009707524E-07	1E10	9294.83698791531	2.57902284543394E-07	1E10	673.351415708095	2.33865015390919E-07	1E10	70.5085490258435	1.99577874484705E-07	1E10	8.02130225170695	1.34428050837002E-07	1E10	1.50204015120229	7.38737085279435E-08	1E10	0.368707135087317	2.39050634935107E-08	1E10	0.11659543364313	9.71471751338254E-10	4.4224293737626E-11	0.253227393573763	1.71019354878886E-11	1.60069575582644E-10	3.93451724397803	2.15254973388065E-12	1.8171705054012E-10	17.825563851481	1E10	1E-30	1E-10	1E10	1E-30	1E-10	1E10	1E-30	1E-10	1E10	1E-30	1E-10	1E10	1E-30	1E-10
16	1.84380965579982E-09	1E10	1E10	1E-30	1.58327172349695E-10	1E10	1E-30	1E10	0.152454845242765	1.89390009707524E-07	1E10	9294.83698791531	2.57902284543394E-07	1E10	673.351415708095	2.33865015390919E-07	1E10	70.5085490258435	1.99577874484705E-07	1E10	8.02130225170695	1.34428050837002E-07	1E10	1.50204015120229	7.38737085279435E-08	1E10	0.368707135087317	2.39050634935107E-08	1E10	0.11659543364313	9.71471751338254E-10	4.4224293737626E-11	0.253227393573763	1.71019354878886E-11	1.60069575582644E-10	3.93451724397803	2.15254973388065E-12	1.8171705054012E-10	17.825563851481	1E10	1E-30	1E-10	1E10	1E-30	1E-10	1E10	1E-30	1E-10	1E10	1E-30	1E-10	1E10	1E-30	1E-10
17	2.23354035079652E-09	1E10	1E10	1E-30	1.36806101704531E-10	1E10	1E-30	1E10	0.134785822956073	2.14169788631901E-07	1E10	8368.37626724264	3.40927850636722E-07	1E10	481.549791483585	3.05186864715884E-07	1E10	50.424453397042	2.84950881594178E-07	1E10	6.60065858102041	1.97663506512734E-07	1E10	1.19064429918026	1.12246982460041E-07	1E10	0.296396659161091	3.60042355542669E-08	1E10	9.70079480665995E-02	1.78872616982732E-08	9.53628071659489E-12	6.41533664103944E-02	2.19217976482074E-09	2.83279350456112E-11	0.197227759331012	1.63655141519541E-11	1.52554282369761E-10	3.26815436998665	2.05788784887069E-12	1.7819750157942E-10	21.7708800221331	1E10	1E-30	1E-10	1E10	1E-30	1E-10	1E10	1E-30	1E-10	1E10	1E-30	1E-10
18	2.23354035079652E-09	1E10	1E10	1E-30	1.36806101704531E-10	1E10	1E-30	1E10	0.134785822956073	2.14169788631901E-07	1E10	8368.37626724264	3.40927850636722E-07	1E10	481.549791483585	3.05186864715884E-07	1E10	50.424453397042	2.84950881594178E-07	1E10	6.60065858102041	1.97663506512734E-07	1E10	1.19064429918026	1.12246982460041E-07	1E10	0.296396659161091	3.60042355542669E-08	1E10	9.70079480665995E-02	1.78872616982732E-08	9.53628071659489E-12	6.41533664103944E-02	2.19217976482074E-09	2.83279350456112E-11	0.197227759331012	1.63655141519541E-11	1.52554282369761E-10	3.26815436998665	2.05788784887069E-12	1.7819750157942E-10	21.7708800221331	1E10	1E-30	1E-10	1E10	1E-30	1E-10	1E10	1E-30	1E-10	1E10	1E-30	1E-10
19	2.23354035079652E-09	1E10	1E10	1E-30	1.36806101704531E-10	1E10	1E-30	1E10	0.134785822956073	2.14169788631901E-07	1E10	8368.37626724264	3.40927850636722E-07	1E10	481.549791483585	3.05186864715884E-07	1E10	50.424453397042	2.84950881594178E-07	1E10	6.60065858102041	1.97663506512734E-07	1E10	1.19064429918026	1.12246982460041E-07	1E10	0.296396659161091	3.60042355542669E-08	1E10	9.70079480665995E-02	1.78872616982732E-08	9.53628071659489E-12	6.41533664103944E-02	2.19217976482074E-09	2.83279350456112E-11	0.197227759331012	1.63655141519541E-11	1.52554282369761E-10	3.26815436998665	2.05788784887069E-12	1.7819750157942E-10	21.7708800221331	1E10	1E-30	1E-10	1E10	1E-30	1E-10	1E10	1E-30	1E-10	1E10	1E-30	1E-10
20	2.23354035079652E-09	1E10	1E10	1E-30	1.36806101704531E-10	1E10	1E-30	1E10	0.134785822956073	2.14169788631901E-07	1E10	8368.37626724264	3.40927850636722E-07	1E10	481.549791483585	3.05186864715884E-07	1E10	50.424453397042	2.84950881594178E-07	1E10	6.60065858102041	1.97663506512734E-07	1E10	1.19064429918026	1.12246982460041E-07	1E10	0.296396659161091	3.60042355542669E-08	1E10	9.70079480665995E-02	1.78872616982732E-08	9.53628071659489E-12	6.41533664103944E-02	2.19217976482074E-09	2.83279350456112E-11	0.197227759331012	1.63655141519541E-11	1.52554282369761E-10	3.26815436998665	2.05788784887069E-12	1.7819750157942E-10	21.7708800221331	1E10	1E-30	1E-10	1E10	1E-30	1E-10	1E10	1E-30	1E-10	1E10	1E-30	1E-10
21	2.75082713199148E-09	1E10	1E10	1E-30	1.76309985430472E-10	1E10	1E-30	1E10	0.108081904420412	3.13192956865953E-07	1E10	4846.07364811729	3.9829864946831E-07	1E10	278.862431640386	3.937558535282E-07	1E10	27.251474772523	3.38425236674038E-07	1E10	4.02619247776145	2.19529573069351E-07	1E10	0.787853097426693	1.24876949836479E-07	1E10	0.19892490583849	4.23138246885793E-08	1E10	6.74045418539136E-02	1E-30	1.32543622533341E-10	1.62410113486189	1.73751428514412E-08	1.40015656042507E-11	8.29143110188959E-02	2.81876634051446E-09	3.4419008720508E-11	0.198883944417049	1.46302371316471E-10	1.69107346943509E-11	0.658044807735175	3.57947608088025E-12	1.10543851671586E-10	17.1442010969411	1E10	1E-30	1E-10	1E10	1E-30	1E-10	1E10	1E-30	1E-10
22	2.75082713199148E-09	1E10	1E10	1E-30	1.76309985430472E-10	1E10	1E-30	1E10	0.108081904420412	3.13192956865953E-07	1E10	4846.07364811729	3.9829864946831E-07	1E10	278.862431640386	3.937558535282E-07	1E10	27.251474772523	3.38425236674038E-07	1E10	4.02619247776145	2.19529573069351E-07	1E10	0.787853097426693	1.24876949836479E-07	1E10	0.19892490583849	4.23138246885793E-08	1E10	6.74045418539136E-02	1E-30	1.32543622533341E-10	1.62410113486189	1.73751428514412E-08	1.40015656042507E-11	8.29143110188959E-02	2.81876634051446E-09	3.4419008720508E-11	0.198883944417049	1.46302371316471E-10	1.69107346943509E-11	0.658044807735175	3.57947608088025E-12	1.10543851671586E-10	17.1442010969411	1E10	1E-30	1E-10	1E10	1E-30	1E-10	1E10	1E-30	1E-10
23	2.75082713199148E-09	1E10	1E10	1E-30	1.76309985430472E-10	1E10	1E-30	1E10	0.108081904420412	3.13192956865953E-07	1E10	4846.07364811729	3.9829864946831E-07	1E10	278.862431640386	3.937558535282E-07	1E10	27.251474772523	3.38425236674038E-07	1E10	4.02619247776145	2.19529573069351E-07	1E10	0.787853097426693	1.24876949836479E-07	1E10	0.19892490583849	4.23138246885793E-08	1E10	6.74045418539136E-02	1E-30	1.32543622533341E-10	1.62410113486189	1.73751428514412E-08	1.40015656042507E-11	8.29143110188959E-02	2.81876634051446E-09	3.4419008720508E-11	0.198883944417049	1.46302371316471E-10	1.69107346943509E-11	0.658044807735175	3.57947608088025E-12	1.10543851671586E-10	17.1442010969411	1E10	1E-30	1E-10	1E10	1E-30	1E-10	1E10	1E-30	1E-10
24	2.75082713199148E-09	1E10	1E10	1E-30	1.76309985430472E-10	1E10	1E-30	1E10	0.108081904420412	3.13192956865953E-07	1E10	4846.07364811729	3.9829864946831E-07	1E10	278.862431640386	3.937558535282E-07	1E10	27.251474772523	3.38425236674038E-07	1E10	4.02619247776145	2.19529573069351E-07	1E10	0.787853097426693	1.24876949836479E-07	1E10	0.19892490583849	4.23138246885793E-08	1E10	6.74045418539136E-02	1E-30	1.32543622533341E-10	1.62410113486189	1.73751428514412E-08	1.40015656042507E-11	8.29143110188959E-02	2.81876634051446E-09	3.4419008720508E-11	0.198883944417049	1.46302371316471E-10	1.69107346943509E-11	0.658044807735175	3.57947608088025E-12	1.10543851671586E-10	17.1442010969411	1E10	1E-30	1E-10	1E10	1E-30	1E-10	1E10	1E-30	1E-10
25	3.42463618075396E-09	1E10	1E10	1E-30	1.64786865004553E-10	1E10	1E-30	1E10	0.105438042695683	4.1076588979758E-07	1E10	4638.72340652575	5.873611291565E-07	1E10	279.510725574959	5.3113129685818E-07	1E10	36.0079566915364	4.13040851309316E-07	1E10	5.47474968475222	3.1283951851112E-07	1E10	0.831476223300801	1.92895283498709E-07	1E10	0.190480198400531	6.24196901918248E-08	1E10	0.069159179907488	1.67367781047614E-08	1.54172520357848E-11	6.57096925619131E-02	3.74648908907682E-09	2.62703954576397E-11	0.173223448654057	1.09557753115281E-11	2.01688063744476E-10	3.65253285274098	2.90691571286252E-12	1.24142823249191E-10	18.2232354837369	1E10	1E-30	1E-10	1E10	1E-30	1E-10	1E10	1E-30	1E-10	1E10	1E-30	1E-10
26	3.42463618075396E-09	1E10	1E10	1E-30	1.64786865004553E-10	1E10	1E-30	1E10	0.105438042695683	4.1076588979758E-07	1E10	4638.72340652575	5.873611291565E-07	1E10	279.510725574959	5.3113129685818E-07	1E10	36.0079566915364	4.13040851309316E-07	1E10	5.47474968475222	3.1283951851112E-07	1E10	0.831476223300801	1.92895283498709E-07	1E10	0.190480198400531	6.24196901918248E-08	1E10	0.069159179907488	1.67367781047614E-08	1.54172520357848E-11	6.57096925619131E-02	3.74648908907682E-09	2.62703954576397E-11	0.173223448654057	1.09557753115281E-11	2.01688063744476E-10	3.65253285274098	2.90691571286252E-12	1.24142823249191E-10	18.2232354837369	1E10	1E-30	1E-10	1E10	1E-30	1E-10	1E10	1E-30	1E-10	1E10	1E-30	1E-10
27	3.42463618075396E-09	1E10	1E10	1E-30	1.64786865004553E-10	1E10	1E-30	1E10	0.105438042695683	4.1076588979758E-07	1E10	4638.72340652575	5.873611291565E-07	1E10	279.510725574959	5.3113129685818E-07	1E10	36.0079566915364	4.13040851309316E-07	1E10	5.47474968475222	3.1283951851112E-07	1E10	0.831476223300801	1.92895283498709E-07	1E10	0.190480198400531	6.24196901918248E-08	1E10	0.069159179907488	1.67367781047614E-08	1.54172520357848E-11	6.57096925619131E-02	3.74648908907682E-09	2.62703954576397E-11	0.173223448654057	1.09557753115281E-11	2.01688063744476E-10	3.65253285274098	2.90691571286252E-12	1.24142823249191E-10	18.2232354837369	1E10	1E-30	1E-10	1E10	1E-30	1E-10	1E10	1E-30	1E-10	1E10	1E-30	1E-10
28	3.42463618075396E-09	1E10	1E10	1E-30	1.64786865004553E-10	1E10	1E-30	1E10	0.105438042695683	4.1076588979758E-07	1E10	4638.72340652575	5.873611291565E-07	1E10	279.510725574959	5.3113129685818E-07	1E10	36.0079566915364	4.13040851309316E-07	1E10	5.47474968475222	3.1283951851112E-07	1E10	0.831476223300801	1.92895283498709E-07	1E10	0.190480198400531	6.24196901918248E-08	1E10	0.069159179907488	1.67367781047614E-08	1.54172520357848E-11	6.57096925619131E-02	3.74648908907682E-09	2.62703954576397E-11	0.173223448654057	1.09557753115281E-11	2.01688063744476E-10	3.65253285274098	2.90691571286252E-12	1.24142823249191E-10	18.2232354837369	1E10	1E-30	1E-10	1E10	1E-30	1E-10	1E10	1E-30	1E-10	1E10	1E-30	1E-10
29	3.72945601481637E-09	1E10	1E10	1E-30	1.62494524060319E-10	1E10	1E-30	1E10	0.098545303261894	4.5516329573942E-07	1E10	3867.51147082592	6.31057341666878E-07	1E10	280.176438546881	6.19401256575306E-07	1E10	28.6702586167203	5.34473942833601E-07	1E10	4.53346990936984	3.76337330750584E-07	1E10	0.850343004549905	2.66426426811255E-07	1E10	0.186034779254824	1.19008313371997E-07	1E10	6.16019050894162E-02	1E-30	2.29939362385771E-10	3.17296158271259	1.76017712996141E-08	1.77217659413502E-11	7.06016640577365E-02	5.18345011793563E-09	2.45255248477228E-11	0.157145897167717	4.1674164770319E-12	8.41270203913101E-11	13.9798343206262	1E10	1E-30	1E-10	1E10	1E-30	1E-10	1E10	1E-30	1E-10	1E10	1E-30	1E-10
30	3.72945601481637E-09	1E10	1E10	1E-30	1.62494524060319E-10	1E10	1E-30	1E10	0.098545303261894	4.5516329573942E-07	1E10	3867.51147082592	6.31057341666878E-07	1E10	280.176438546881	6.19401256575306E-07	1E10	28.6702586167203	5.34473942833601E-07	1E10	4.53346990936984	3.76337330750584E-07	1E10	0.850343004549905	2.66426426811255E-07	1E10	0.186034779254824	1.19008313371997E-07	1E10	6.16019050894162E-02	1E-30	2.29939362385771E-10	3.17296158271259	1.76017712996141E-08	1.77217659413502E-11	7.06016640577365E-02	5.18345011793563E-09	2.45255248477228E-11	0.157145897167717	4.1674164770319E-12	8.41270203913101E-11	13.9798343206262	1E10	1E-30	1E-10	1E10	1E-30	1E-10	1E10	1E-30	1E-10	1E10	1E-30	1E-10
31	3.72945601481637E-09	1E10	1E10	1E-30	1.62494524060319E-10	1E10	1E-30	1E10	0.098545303261894	4.5516329573942E-07	1E10	3867.51147082592	6.31057341666878E-07	1E10	280.176438546881	6.19401256575306E-07	1E10	28.6702586167203	5.34473942833601E-07	1E10	4.53346990936984	3.76337330750584E-07	1E10	0.850343004549905	2.66426426811255E-07	1E10	0.186034779254824	1.19008313371997E-07	1E10	6.16019050894162E-02	1E-30	2.29939362385771E-10	3.17296158271259	1.76017712996141E-08	1.77217659413502E-11	7.06016640577365E-02	5.18345011793563E-09	2.45255248477228E-11	0.157145897167717	4.1674164770319E-12	8.41270203913101E-11	13.9798343206262	1E10	1E-30	1E-10	1E10	1E-30	1E-10	1E10	1E-30	1E-10	1E10	1E-30	1E-10
32	3.72945601481637E-09	1E10	1E10	1E-30	1.62494524060319E-10	1E10	1E-30	1E10	0.098545303261894	4.5516329573942E-07	1E10	3867.51147082592	6.31057341666878E-07	1E10	280.176438546881	6.19401256575306E-07	1E10	28.6702586167203	5.34473942833601E-07	1E10	4.53346990936984	3.76337330750584E-07	1E10	0.850343004549905	2.66426426811255E-07	1E10	0.186034779254824	1.19008313371997E-07	1E10	6.16019050894162E-02	1E-30	2.29939362385771E-10	3.17296158271259	1.76017712996141E-08	1.77217659413502E-11	7.06016640577365E-02	5.18345011793563E-09	2.45255248477228E-11	0.157145897167717	4.1674164770319E-12	8.41270203913101E-11	13.9798343206262	1E10	1E-30	1E-10	1E10	1E-30	1E-10	1E10	1E-30	1E-10	1E10	1E-30	1E-10
33	4.79988481825943E-09	1E10	1E10	1E-30	1.98350091592818E-10	1E10	1E-30	1E10	8.37496096108255E-02	5.12147321231153E-07	1E10	3986.55669196611	8.02556061074618E-07	1E10	199.801132014478	1.01763581025197E-06	1E10	23.4745861477961	6.1234497288383E-07	1E10	6.12859775281721	4.49018747857129E-07	1E10	0.939522032501304	3.25285327695549E-07	1E10	0.163270216670906	1.29498421431442E-07	1E10	0.062073605113239	1E-30	9.76425434619105E-11	0.567276160693839	3.055591406122E-08	1.54168555290736E-11	6.23041775401052E-02	5.84521977427105E-09	3.32627916816699E-11	0.133384021955065	5.56045433468033E-11	4.1611467775191E-11	1.11459678209313	4.02819307439728E-12	9.53263655103738E-11	11.1459678209313	1E10	1E-30	1E-10	1E10	1E-30	1E-10	1E10	1E-30	1E-10
34	4.79988481825943E-09	1E10	1E10	1E-30	1.98350091592818E-10	1E10	1E-30	1E10	8.37496096108255E-02	5.12147321231153E-07	1E10	3986.55669196611	8.02556061074618E-07	1E10	199.801132014478	1.01763581025197E-06	1E10	23.4745861477961	6.1234497288383E-07	1E10	6.12859775281721	4.49018747857129E-07	1E10	0.939522032501304	3.25285327695549E-07	1E10	0.163270216670906	1.29498421431442E-07	1E10	0.062073605113239	1E-30	9.76425434619105E-11	0.567276160693839	3.055591406122E-08	1.54168555290736E-11	6.23041775401052E-02	5.84521977427105E-09	3.32627916816699E-11	0.133384021955065	5.56045433468033E-11	4.1611467775191E-11	1.11459678209313	4.02819307439728E-12	9.53263655103738E-11	11.1459678209313	1E10	1E-30	1E-10	1E10	1E-30	1E-10	1E10	1E-30	1E-10
35	4.79988481825943E-09	1E10	1E10	1E-30	1.98350091592818E-10	1E10	1E-30	1E10	8.37496096108255E-02	5.12147321231153E-07	1E10	3986.55669196611	8.02556061074618E-07	1E10	199.801132014478	1.01763581025197E-06	1E10	23.4745861477961	6.1234497288383E-07	1E10	6.12859775281721	4.49018747857129E-07	1E10	0.939522032501304	3.25285327695549E-07	1E10	0.163270216670906	1.29498421431442E-07	1E10	0.062073605113239	1E-30	9.76425434619105E-11	0.567276160693839	3.055591406122E-08	1.54168555290736E-11	6.23041775401052E-02	5.84521977427105E-09	3.32627916816699E-11	0.133384021955065	5.56045433468033E-11	4.1611467775191E-11	1.11459678209313	4.02819307439728E-12	9.53263655103738E-11	11.1459678209313	1E10	1E-30	1E-10	1E10	1E-30	1E-10	1E10	1E-30	1E-10
36	4.79988481825943E-09	1E10	1E10	1E-30	1.98350091592818E-10	1E10	1E-30	1E10	8.37496096108255E-02	5.12147321231153E-07	1E10	3986.55669196611	8.02556061074618E-07	1E10	199.801132014478	1.01763581025197E-06	1E10	23.4745861477961	6.1234497288383E-07	1E10	6.12859775281721	4.49018747857129E-07	1E10	0.939522032501304	3.25285327695549E-07	1E10	0.163270216670906	1.29498421431442E-07	1E10	0.062073605113239	1E-30	9.76425434619105E-11	0.567276160693839	3.055591406122E-08	1.54168555290736E-11	6.23041775401052E-02	5.84521977427105E-09	3.32627916816699E-11	0.133384021955065	5.56045433468033E-11	4.1611467775191E-11	1.11459678209313	4.02819307439728E-12	9.53263655103738E-11	11.1459678209313	1E10	1E-30	1E-10	1E10	1E-30	1E-10	1E10	1E-30	1E-10
37	5.73751746237412E-09	1E10	1E10	1E-30	1.18948163633759E-10	1E10	1E-30	1E10	6.15945152071324E-02	7.02291010318654E-07	1E10	2699.4616828384	8.60556418740928E-07	1E10	289.252530691055	7.22952686333525E-07	1E10	32.4546677388908	5.34764175823027E-07	1E10	4.03696944936855	4.33624859556047E-07	1E10	0.614341183755134	5.35590448999926E-07	1E10	6.67822883566233E-02	4.54105844535357E-07	1E10	3.67789749349253E-02	1E-30	6.54057555162173E-11	0.165448789460868	1.81458381037807E-07	3.0253368557522E-12	2.86219442797514E-02	9.66910164851424E-09	2.24459811272385E-11	0.107490912406196	5.66899576026208E-12	1.76090622202691E-10	20.648866472042	1.8699685035402E-12	1.76077901011954E-10	26.0432309669151	1E10	1E-30	1E-10	1E10	1E-30	1E-10	1E10	1E-30	1E-10
38	5.73751746237412E-09	1E10	1E10	1E-30	1.18948163633759E-10	1E10	1E-30	1E10	6.15945152071324E-02	7.02291010318654E-07	1E10	2699.4616828384	8.60556418740928E-07	1E10	289.252530691055	7.22952686333525E-07	1E10	32.4546677388908	5.34764175823027E-07	1E10	4.03696944936855	4.33624859556047E-07	1E10	0.614341183755134	5.35590448999926E-07	1E10	6.67822883566233E-02	4.54105844535357E-07	1E10	3.67789749349253E-02	1E-30	6.54057555162173E-11	0.165448789460868	1.81458381037807E-07	3.0253368557522E-12	2.86219442797514E-02	9.66910164851424E-09	2.24459811272385E-11	0.107490912406196	5.66899576026208E-12	1.76090622202691E-10	20.648866472042	1.8699685035402E-12	1.76077901011954E-10	26.0432309669151	1E10	1E-30	1E-10	1E10	1E-30	1E-10	1E10	1E-30	1E-10
39	5.73751746237412E-09	1E10	1E10	1E-30	1.18948163633759E-10	1E10	1E-30	1E10	6.15945152071324E-02	7.02291010318654E-07	1E10	2699.4616828384	8.60556418740928E-07	1E10	289.252530691055	7.22952686333525E-07	1E10	32.4546677388908	5.34764175823027E-07	1E10	4.03696944936855	4.33624859556047E-07	1E10	0.614341183755134	5.35590448999926E-07	1E10	6.67822883566233E-02	4.54105844535357E-07	1E10	3.67789749349253E-02	1E-30	6.54057555162173E-11	0.165448789460868	1.81458381037807E-07	3.0253368557522E-12	2.86219442797514E-02	9.66910164851424E-09	2.24459811272385E-11	0.107490912406196	5.66899576026208E-12	1.76090622202691E-10	20.648866472042	1.8699685035402E-12	1.76077901011954E-10	26.0432309669151	1E10	1E-30	1E-10	1E10	1E-30	1E-10	1E10	1E-30	1E-10
40	5.73751746237412E-09	1E10	1E10	1E-30	1.18948163633759E-10	1E10	1E-30	1E10	6.15945152071324E-02	7.02291010318654E-07	1E10	2699.4616828384	8.60556418740928E-07	1E10	289.252530691055	7.22952686333525E-07	1E10	32.4546677388908	5.34764175823027E-07	1E10	4.03696944936855	4.33624859556047E-07	1E10	0.614341183755134	5.35590448999926E-07	1E10	6.67822883566233E-02	4.54105844535357E-07	1E10	3.67789749349253E-02	1E-30	6.54057555162173E-11	0.165448789460868	1.81458381037807E-07	3.0253368557522E-12	2.86219442797514E-02	9.66910164851424E-09	2.24459811272385E-11	0.107490912406196	5.66899576026208E-12	1.76090622202691E-10	20.648866472042	1.8699685035402E-12	1.76077901011954E-10	26.0432309669151	1E10	1E-30	1E-10	1E10	1E-30	1E-10	1E10	1E-30	1E-10
41	7.07696575360236E-09	1E10	1E10	1E-30	1.09074886320253E-10	1E10	1E-30	1E10	0.05303932730472	9.79950802824726E-07	1E10	2416.47312307939	1.27083249820669E-06	1E10	271.132743841978	9.60686606416467E-07	1E10	44.9968351857768	7.79192065017115E-07	1E10	4.53059431995574	6.89137713115641E-07	1E10	0.60838761927919	6.42703854340401E-07	1E10	0.142719664889594	3.91559865672373E-07	1E10	4.42979569832957E-02	1E-30	7.9441804799922E-11	0.181994955270101	6.93812366976045E-08	9.92339624236064E-12	4.81038789149272E-02	1.32073334307741E-08	2.17866526073984E-11	0.103187187805476	6.05161270393825E-12	1.41019835580071E-10	20.4819638562684	1.52088425956323E-12	1.90815824317802E-10	29.2759140847035	1E10	1E-30	1E-10	1E10	1E-30	1E-10	1E10	1E-30	1E-10
42	7.07696575360236E-09	1E10	1E10	1E-30	1.11615566805335E-10	1E10	1E-30	1E10	0.05303932730472	9.79950802824726E-07	1E10	2416.47312307939	1.27083249820669E-06	1E10	271.132743841978	9.60686606416467E-07	1E10	44.9968351857768	7.79192065017115E-07	1E10	4.53059431995574	6.89137713115641E-07	1E10	0.60838761927919	6.42703854340401E-07	1E10	0.142719664889594	3.91559865672373E-07	1E10	4.42979569832957E-02	1E-30	7.9441804799922E-11	0.181994955270101	6.93812366976045E-08	9.92339624236064E-12	4.81038789149272E-02	1.32073334307741E-08	2.17866526073984E-11	0.103187187805476	6.05161270393825E-12	1.41019835580071E-10	20.4819638562684	1.52088425956323E-12	1.90815824317802E-10	37.714683195026	1E10	1E-30	1E-10	1E10	1E-30	1E-10	1E10	1E-30	1E-10
43	7.07696575360236E-09	1E10	1E10	1E-30	1.09074886320253E-10	1E10	1E-30	1E10	0.05303932730472	9.79950802824726E-07	1E10	2416.47312307939	1.27083249820669E-06	1E10	271.132743841978	9.60686606416467E-07	1E10	44.9968351857768	7.79192065017115E-07	1E10	4.53059431995574	6.89137713115641E-07	1E10	0.60838761927919	6.42703854340401E-07	1E10	0.142719664889594	3.91559865672373E-07	1E10	4.42979569832957E-02	1E-30	7.9441804799922E-11	0.181994955270101	6.93812366976045E-08	9.92339624236064E-12	4.81038789149272E-02	1.32073334307741E-08	2.17866526073984E-11	0.103187187805476	6.05161270393825E-12	1.41019835580071E-10	20.4819638562684	1.52088425956323E-12	1.90815824317802E-10	29.2759140847035	1E10	1E-30	1E-10	1E10	1E-30	1E-10	1E10	1E-30	1E-10
44	7.07696575360236E-09	1E10	1E10	1E-30	1.11615566805335E-10	1E10	1E-30	1E10	0.05303932730472	9.79950802824726E-07	1E10	2416.47312307939	1.27083249820669E-06	1E10	271.132743841978	9.60686606416467E-07	1E10	44.9968351857768	7.79192065017115E-07	1E10	4.53059431995574	6.89137713115641E-07	1E10	0.60838761927919	6.42703854340401E-07	1E10	0.142719664889594	3.91559865672373E-07	1E10	4.42979569832957E-02	1E-30	7.9441804799922E-11	0.181994955270101	6.93812366976045E-08	9.92339624236064E-12	4.81038789149272E-02	1.32073334307741E-08	2.17866526073984E-11	0.103187187805476	6.05161270393825E-12	1.41019835580071E-10	20.4819638562684	1.52088425956323E-12	1.90815824317802E-10	37.714683195026	1E10	1E-30	1E-10	1E10	1E-30	1E-10	1E10	1E-30	1E-10
45	8.79260543629478E-09	1E10	1E10	1E-30	6.82642126637078E-11	1E10	1E-30	1E10	4.42234559650307E-02	1.13600185436739E-06	1E10	1935.57716391706	2.04853629880045E-06	1E10	243.674727814368	1.23912907268583E-06	1E10	59.8150526893052	1.71319399484959E-06	1E10	7.70567148114986	9.22591909904018E-07	1E10	2.27410487728295	2.15614634015781E-06	1E10	0.231892614465528	7.27137677766136E-07	1E10	0.214919063121367	4.77161005416144E-07	1E10	5.05209582294662E-02	1E-30	8.19228782799656E-11	0.204376918514955	5.82618081329774E-08	1.67877945473047E-11	5.96501234632831E-02	1.35719944282195E-08	3.17582223072295E-11	0.11580784365771	6.66774967481642E-12	1.19378911459883E-10	18.3700904849734	1.32400024424019E-12	1.99381729085691E-10	29.3502216313968	1E10	1E-30	1E-10	1E10	1E-30	1E-10
46	8.79260543629478E-09	1E10	1E10	1E-30	6.82642126637078E-11	1E10	1E-30	1E10	4.42234559650307E-02	1.13600185436739E-06	1E10	1935.57716391706	2.04853629880045E-06	1E10	243.674727814368	1.23912907268583E-06	1E10	59.8150526893052	1.71319399484959E-06	1E10	7.70567148114986	9.22591909904018E-07	1E10	2.27410487728295	2.15614634015781E-06	1E10	0.231892614465528	7.27137677766136E-07	1E10	0.214919063121367	4.77161005416144E-07	1E10	5.05209582294662E-02	1E-30	8.19228782799656E-11	0.204376918514955	5.82618081329774E-08	1.67877945473047E-11	5.96501234632831E-02	1.35719944282195E-08	3.17582223072295E-11	0.11580784365771	6.66774967481642E-12	1.19378911459883E-10	18.3700904849734	1.32400024424019E-12	1.99381729085691E-10	49.843827583865	1E10	1E-30	1E-10	1E10	1E-30	1E-10
47	8.79260543629478E-09	1E10	1E10	1E-30	6.82642126637078E-11	1E10	1E-30	1E10	4.42234559650307E-02	1.13600185436739E-06	1E10	1935.57716391706	2.04853629880045E-06	1E10	243.674727814368	1.23912907268583E-06	1E10	59.8150526893052	1.71319399484959E-06	1E10	7.70567148114986	9.22591909904018E-07	1E10	2.27410487728295	2.15614634015781E-06	1E10	0.231892614465528	7.27137677766136E-07	1E10	0.214919063121367	4.77161005416144E-07	1E10	5.05209582294662E-02	1E-30	8.19228782799656E-11	0.204376918514955	5.82618081329774E-08	1.67877945473047E-11	5.96501234632831E-02	1.35719944282195E-08	3.17582223072295E-11	0.11580784365771	6.66774967481642E-12	1.19378911459883E-10	18.3700904849734	1.32400024424019E-12	1.99381729085691E-10	29.3502216313968	1E10	1E-30	1E-10	1E10	1E-30	1E-10
48	8.79260543629478E-09	1E10	1E10	1E-30	6.82642126637078E-11	1E10	1E-30	1E10	4.42234559650307E-02	1.13600185436739E-06	1E10	1935.57716391706	2.04853629880045E-06	1E10	243.674727814368	1.23912907268583E-06	1E10	59.8150526893052	1.71319399484959E-06	1E10	7.70567148114986	9.22591909904018E-07	1E10	2.27410487728295	2.15614634015781E-06	1E10	0.231892614465528	7.27137677766136E-07	1E10	0.214919063121367	4.77161005416144E-07	1E10	5.05209582294662E-02	1E-30	8.19228782799656E-11	0.204376918514955	5.82618081329774E-08	1.67877945473047E-11	5.96501234632831E-02	1.35719944282195E-08	3.17582223072295E-11	0.11580784365771	6.66774967481642E-12	1.19378911459883E-10	18.3700904849734	1.32400024424019E-12	1.99381729085691E-10	49.843827583865	1E10	1E-30	1E-10	1E10	1E-30	1E-10
49	9.883779470209E-09	1E10	1E10	1E-30	2.03516743602563E-10	1E10	1E-30	1E10	3.86206874952141E-02	1.17255341936205E-06	1E10	3150.88078058737	1.94904641790406E-06	1E10	256.113205125637	1.82597600025134E-06	1E10	53.5096328529622	1.31524152882197E-06	1E10	9.66833658450583	9.790309582253E-07	1E10	1.37870246330948	7.04082078825329E-07	1E10	0.196773801292517	6.2144223558099E-07	1E10	4.03867725101622E-02	1E-30	1.11364884323001E-10	0.229911616876311	7.0114664567356E-08	1.66983872995472E-11	6.51855832023528E-02	1.73502673519718E-08	3.0930518022503E-11	0.116409775346812	6.45043895477952E-12	9.43482923268388E-11	12.6860480804837	7.43391690237798E-12	5.32275351127807E-11	10.3649328323198	1E10	1E-30	1E-10	1E10	1E-30	1E-10	1E10	1E-30	1E-10
50	9.883779470209E-09	1E10	1E10	1E-30	2.03516743602563E-10	1E10	1E-30	1E10	3.86206874952141E-02	1.17255341936205E-06	1E10	3150.88078058737	1.94904641790406E-06	1E10	256.113205125637	1.82597600025134E-06	1E10	53.5096328529622	1.31524152882197E-06	1E10	9.66833658450583	9.790309582253E-07	1E10	1.37870246330948	7.04082078825329E-07	1E10	0.196773801292517	6.2144223558099E-07	1E10	4.03867725101622E-02	1E-30	1.11364884323001E-10	0.229911616876311	7.0114664567356E-08	1.66983872995472E-11	6.51855832023528E-02	1.73502673519718E-08	3.0930518022503E-11	0.116409775346812	6.45043895477952E-12	9.43482923268388E-11	12.6860480804837	7.43391690237798E-12	5.32275351127807E-11	10.3649328323198	1E10	1E-30	1E-10	1E10	1E-30	1E-10	1E10	1E-30	1E-10
51	9.883779470209E-09	1E10	1E10	1E-30	2.03516743602563E-10	1E10	1E-30	1E10	3.86206874952141E-02	1.17255341936205E-06	1E10	3150.88078058737	1.94904641790406E-06	1E10	256.113205125637	1.82597600025134E-06	1E10	53.5096328529622	1.31524152882197E-06	1E10	9.66833658450583	9.790309582253E-07	1E10	1.37870246330948	7.04082078825329E-07	1E10	0.196773801292517	6.2144223558099E-07	1E10	4.03867725101622E-02	1E-30	1.11364884323001E-10	0.229911616876311	7.0114664567356E-08	1.66983872995472E-11	6.51855832023528E-02	1.73502673519718E-08	3.0930518022503E-11	0.116409775346812	6.45043895477952E-12	9.43482923268388E-11	12.6860480804837	7.43391690237798E-12	5.32275351127807E-11	10.3649328323198	1E10	1E-30	1E-10	1E10	1E-30	1E-10	1E10	1E-30	1E-10
52	9.883779470209E-09	1E10	1E10	1E-30	2.03516743602563E-10	1E10	1E-30	1E10	3.86206874952141E-02	1.17255341936205E-06	1E10	3150.88078058737	1.94904641790406E-06	1E10	256.113205125637	1.82597600025134E-06	1E10	53.5096328529622	1.31524152882197E-06	1E10	9.66833658450583	9.790309582253E-07	1E10	1.37870246330948	7.04082078825329E-07	1E10	0.196773801292517	6.2144223558099E-07	1E10	4.03867725101622E-02	1E-30	1.11364884323001E-10	0.229911616876311	7.0114664567356E-08	1.66983872995472E-11	6.51855832023528E-02	1.73502673519718E-08	3.0930518022503E-11	0.116409775346812	6.45043895477952E-12	9.43482923268388E-11	12.6860480804837	7.43391690237798E-12	5.32275351127807E-11	10.3649328323198	1E10	1E-30	1E-10	1E10	1E-30	1E-10	1E10	1E-30	1E-10
53	1.20686477403877E-08	1E10	1E10	1E-30	1.06858355751651E-10	1E10	1E-30	1E10	3.77485499937429E-02	1.46938492608278E-06	1E10	2432.40581544707	2.63635933941347E-06	1E10	243.240581544707	2.064781482304E-06	1E10	50.8201605888044	1.63356982934783E-06	1E10	8.43404731470541	1.36704905364269E-06	1E10	1.33670641739715	8.44034911407515E-07	1E10	0.29391259056756	6.78895685858184E-07	1E10	4.40360666060692E-02	1E-30	8.44897274455762E-11	0.168395559458866	6.16877775387061E-08	2.0763701036052E-11	4.41069431774824E-02	2.4456287871195E-08	2.42762314908744E-11	0.100964002844559	6.9472684873245E-12	1.33044201477832E-10	18.8774324771781	1.58206001750685E-12	2.08563178560175E-10	29.2203893333254	1E10	1E-30	1E-10	1E10	1E-30	1E-10	1E10	1E-30	1E-10
54	1.20686477403877E-08	1E10	1E10	1E-30	1.09347406607308E-10	1E10	1E-30	1E10	3.77485499937429E-02	1.46938492608278E-06	1E10	2432.40581544707	2.63635933941347E-06	1E10	243.240581544707	2.064781482304E-06	1E10	50.8201605888044	1.63356982934783E-06	1E10	8.43404731470541	1.36704905364269E-06	1E10	1.33670641739715	8.44034911407515E-07	1E10	0.29391259056756	6.78895685858184E-07	1E10	4.40360666060692E-02	1E-30	8.44897274455762E-11	0.168395559458866	6.16877775387061E-08	2.0763701036052E-11	4.41069431774824E-02	2.4456287871195E-08	2.42762314908744E-11	0.100964002844559	6.9472684873245E-12	1.33044201477832E-10	18.8774324771781	1.58206001750685E-12	2.08563178560175E-10	38.519975141898	1E10	1E-30	1E-10	1E10	1E-30	1E-10	1E10	1E-30	1E-10
55	1.20686477403877E-08	1E10	1E10	1E-30	1.06858355751651E-10	1E10	1E-30	1E10	3.77485499937429E-02	1.46938492608278E-06	1E10	2432.40581544707	2.63635933941347E-06	1E10	243.240581544707	2.064781482304E-06	1E10	50.8201605888044	1.63356982934783E-06	1E10	8.43404731470541	1.36704905364269E-06	1E10	1.33670641739715	8.44034911407515E-07	1E10	0.29391259056756	6.78895685858184E-07	1E10	4.40360666060692E-02	1E-30	8.44897274455762E-11	0.168395559458866	6.16877775387061E-08	2.0763701036052E-11	4.41069431774824E-02	2.4456287871195E-08	2.42762314908744E-11	0.100964002844559	6.9472684873245E-12	1.33044201477832E-10	18.8774324771781	1.58206001750685E-12	2.08563178560175E-10	29.2203893333254	1E10	1E-30	1E-10	1E10	1E-30	1E-10	1E10	1E-30	1E-10
56	1.20686477403877E-08	1E10	1E10	1E-30	1.09347406607308E-10	1E10	1E-30	1E10	3.77485499937429E-02	1.46938492608278E-06	1E10	2432.40581544707	2.63635933941347E-06	1E10	243.240581544707	2.064781482304E-06	1E10	50.8201605888044	1.63356982934783E-06	1E10	8.43404731470541	1.36704905364269E-06	1E10	1.33670641739715	8.44034911407515E-07	1E10	0.29391259056756	6.78895685858184E-07	1E10	4.40360666060692E-02	1E-30	8.44897274455762E-11	0.168395559458866	6.16877775387061E-08	2.0763701036052E-11	4.41069431774824E-02	2.4456287871195E-08	2.42762314908744E-11	0.100964002844559	6.9472684873245E-12	1.33044201477832E-10	18.8774324771781	1.58206001750685E-12	2.08563178560175E-10	38.519975141898	1E10	1E-30	1E-10	1E10	1E-30	1E-10	1E10	1E-30	1E-10
57	1.49751967326138E-08	1E10	1E10	1E-30	1.33006638825889E-10	1E10	1E-30	1E10	3.12700672276559E-02	1.85346301104904E-06	1E10	1850.90339154183	2.5042289504499E-06	1E10	185.090339154183	2.25815818501744E-06	1E10	30.717350355346	2.10490810859729E-06	1E10	3.95716128244754	2.11074797079266E-06	1E10	0.672022402968392	1.36527304612276E-06	1E10	0.218698534057413	8.68034682738374E-07	1E10	4.75283176741657E-02	1E-30	9.22808643296679E-11	0.163589378012474	1.12290230199488E-07	1.62182697214315E-11	0.045021173149898	2.5209187114322E-08	3.1830572421691E-11	8.97646857792568E-02	7.10138081515648E-12	1.14700179847806E-10	19.5207221217849	2.19867721302393E-12	1.58261461190877E-10	25.741516300323	1E10	1E-30	1E-10	1E10	1E-30	1E-10	1E10	1E-30	1E-10
58	1.49751967326138E-08	1E10	1E10	1E-30	1.33006638825889E-10	1E10	1E-30	1E10	3.12700672276559E-02	1.85346301104904E-06	1E10	1850.90339154183	2.5042289504499E-06	1E10	185.090339154183	2.25815818501744E-06	1E10	30.717350355346	2.10490810859729E-06	1E10	3.95716128244754	2.11074797079266E-06	1E10	0.672022402968392	1.36527304612276E-06	1E10	0.218698534057413	8.68034682738374E-07	1E10	4.75283176741657E-02	1E-30	9.22808643296679E-11	0.163589378012474	1.12290230199488E-07	1.62182697214315E-11	0.045021173149898	2.5209187114322E-08	3.1830572421691E-11	8.97646857792568E-02	7.10138081515648E-12	1.14700179847806E-10	19.5207221217849	2.19867721302393E-12	1.58261461190877E-10	25.741516300323	1E10	1E-30	1E-10	1E10	1E-30	1E-10	1E10	1E-30	1E-10
59	1.49751967326138E-08	1E10	1E10	1E-30	1.33006638825889E-10	1E10	1E-30	1E10	3.12700672276559E-02	1.85346301104904E-06	1E10	1850.90339154183	2.5042289504499E-06	1E10	185.090339154183	2.25815818501744E-06	1E10	30.717350355346	2.10490810859729E-06	1E10	3.95716128244754	2.11074797079266E-06	1E10	0.672022402968392	1.36527304612276E-06	1E10	0.218698534057413	8.68034682738374E-07	1E10	4.75283176741657E-02	1E-30	9.22808643296679E-11	0.163589378012474	1.12290230199488E-07	1.62182697214315E-11	0.045021173149898	2.5209187114322E-08	3.1830572421691E-11	8.97646857792568E-02	7.10138081515648E-12	1.14700179847806E-10	19.5207221217849	2.19867721302393E-12	1.58261461190877E-10	25.741516300323	1E10	1E-30	1E-10	1E10	1E-30	1E-10	1E10	1E-30	1E-10
60	1.49751967326138E-08	1E10	1E10	1E-30	1.33006638825889E-10	1E10	1E-30	1E10	3.12700672276559E-02	1.85346301104904E-06	1E10	1850.90339154183	2.5042289504499E-06	1E10	185.090339154183	2.25815818501744E-06	1E10	30.717350355346	2.10490810859729E-06	1E10	3.95716128244754	2.11074797079266E-06	1E10	0.672022402968392	1.36527304612276E-06	1E10	0.218698534057413	8.68034682738374E-07	1E10	4.75283176741657E-02	1E-30	9.22808643296679E-11	0.163589378012474	1.12290230199488E-07	1.62182697214315E-11	0.045021173149898	2.5209187114322E-08	3.1830572421691E-11	8.97646857792568E-02	7.10138081515648E-12	1.14700179847806E-10	19.5207221217849	2.19867721302393E-12	1.58261461190877E-10	25.741516300323	1E10	1E-30	1E-10	1E10	1E-30	1E-10	1E10	1E-30	1E-10
61	1.84769526070621E-08	1E10	1E10	1E-30	1.29674816581361E-10	1E10	1E-30	1E10	2.63139371823795E-02	2.4526332495452E-06	1E10	1605.96125368658	3.18072329396757E-06	1E10	160.596125368658	3.49121656395426E-06	1E10	27.9084079759592	3.04397124764085E-06	1E10	4.52621378566232	2.11877611558966E-06	1E10	1.11105373339618	1.24360226215988E-06	1E10	0.183841108082982	1.2741515102826E-06	1E10	2.25967020093134E-02	1E-30	1.10559086893708E-10	0.164936309681323	1.23444863690841E-07	1.9712824364874E-11	0.054869353042349	3.90120797408496E-08	2.88051213209359E-11	8.91561106343328E-02	8.32807192947535E-12	7.73440412059249E-11	15.590443292918	2.19339513405564E-12	1.45128591616456E-10	29.9280661888776	1E10	1E-30	1E-10	1E10	1E-30	1E-10	1E10	1E-30	1E-10
62	1.84769526070621E-08	1E10	1E10	1E-30	1.29674816581361E-10	1E10	1E-30	1E10	2.63139371823795E-02	2.4526332495452E-06	1E10	1605.96125368658	3.18072329396757E-06	1E10	160.596125368658	3.49121656395426E-06	1E10	27.9084079759592	3.04397124764085E-06	1E10	4.52621378566232	2.11877611558966E-06	1E10	1.11105373339618	1.24360226215988E-06	1E10	0.183841108082982	1.2741515102826E-06	1E10	2.25967020093134E-02	1E-30	1.10559086893708E-10	0.164936309681323	1.23444863690841E-07	1.9712824364874E-11	0.054869353042349	3.90120797408496E-08	2.88051213209359E-11	8.91561106343328E-02	8.32807192947535E-12	7.73440412059249E-11	15.590443292918	2.19339513405564E-12	1.45128591616456E-10	29.9280661888776	1E10	1E-30	1E-10	1E10	1E-30	1E-10	1E10	1E-30	1E-10
63	1.84769526070621E-08	1E10	1E10	1E-30	1.29674816581361E-10	1E10	1E-30	1E10	2.63139371823795E-02	2.4526332495452E-06	1E10	1605.96125368658	3.18072329396757E-06	1E10	160.596125368658	3.49121656395426E-06	1E10	27.9084079759592	3.04397124764085E-06	1E10	4.52621378566232	2.11877611558966E-06	1E10	1.11105373339618	1.24360226215988E-06	1E10	0.183841108082982	1.2741515102826E-06	1E10	2.25967020093134E-02	1E-30	1.10559086893708E-10	0.164936309681323	1.23444863690841E-07	1.9712824364874E-11	0.054869353042349	3.90120797408496E-08	2.88051213209359E-11	8.91561106343328E-02	8.32807192947535E-12	7.73440412059249E-11	15.590443292918	2.19339513405564E-12	1.45128591616456E-10	29.9280661888776	1E10	1E-30	1E-10	1E10	1E-30	1E-10	1E10	1E-30	1E-10
64	1.84769526070621E-08	1E10	1E10	1E-30	1.29674816581361E-10	1E10	1E-30	1E10	2.63139371823795E-02	2.4526332495452E-06	1E10	1605.96125368658	3.18072329396757E-06	1E10	160.596125368658	3.49121656395426E-06	1E10	27.9084079759592	3.04397124764085E-06	1E10	4.52621378566232	2.11877611558966E-06	1E10	1.11105373339618	1.24360226215988E-06	1E10	0.183841108082982	1.2741515102826E-06	1E10	2.25967020093134E-02	1E-30	1.10559086893708E-10	0.164936309681323	1.23444863690841E-07	1.9712824364874E-11	0.054869353042349	3.90120797408496E-08	2.88051213209359E-11	8.91561106343328E-02	8.32807192947535E-12	7.73440412059249E-11	15.590443292918	2.19339513405564E-12	1.45128591616456E-10	29.9280661888776	1E10	1E-30	1E-10	1E10	1E-30	1E-10	1E10	1E-30	1E-10
65	2.06090797545231E-08	1E10	1E10	1E-30	1.91057186850728E-10	1E10	1E-30	1E10	2.09214565731838E-02	2.53266244738843E-06	1E10	1167.87397722904	5.82439755564426E-06	1E10	99.4021965846338	3.22939304791551E-06	1E10	37.7916611124496	2.71968865950014E-06	1E10	4.46517088268822	1.94010360058289E-06	1E10	0.660865922239731	1.47183294949917E-06	1E10	9.71935966449914E-02	1.10122761050405E-06	1E10	1.21450875974618E-02	1E-30	1.41047740563501E-10	0.20271211825089	1.42379027449816E-07	1.85257486997824E-11	6.10758280618612E-02	3.40211693667088E-08	3.95124676686644E-11	8.81485701440444E-02	7.38171712103597E-12	7.48007887059775E-11	8.20704915873142	1.20447042315791E-11	2.60950370196285E-11	5.89156351250907	1E10	1E-30	1E-10	1E10	1E-30	1E-10	1E10	1E-30	1E-10
66	2.06090797545231E-08	1E10	1E10	1E-30	1.91057186850728E-10	1E10	1E-30	1E10	2.09214565731838E-02	2.53266244738843E-06	1E10	1167.87397722904	5.82439755564426E-06	1E10	99.4021965846338	3.22939304791551E-06	1E10	37.7916611124496	2.71968865950014E-06	1E10	4.46517088268822	1.94010360058289E-06	1E10	0.660865922239731	1.47183294949917E-06	1E10	9.71935966449914E-02	1.10122761050405E-06	1E10	1.21450875974618E-02	1E-30	1.41047740563501E-10	0.20271211825089	1.42379027449816E-07	1.85257486997824E-11	6.10758280618612E-02	3.40211693667088E-08	3.95124676686644E-11	8.81485701440444E-02	7.38171712103597E-12	7.48007887059775E-11	8.20704915873142	1.20447042315791E-11	2.60950370196285E-11	5.89156351250907	1E10	1E-30	1E-10	1E10	1E-30	1E-10	1E10	1E-30	1E-10
67	2.06090797545231E-08	1E10	1E10	1E-30	1.91057186850728E-10	1E10	1E-30	1E10	2.09214565731838E-02	2.53266244738843E-06	1E10	1167.87397722904	5.82439755564426E-06	1E10	99.4021965846338	3.22939304791551E-06	1E10	37.7916611124496	2.71968865950014E-06	1E10	4.46517088268822	1.94010360058289E-06	1E10	0.660865922239731	1.47183294949917E-06	1E10	9.71935966449914E-02	1.10122761050405E-06	1E10	1.21450875974618E-02	1E-30	1.41047740563501E-10	0.20271211825089	1.42379027449816E-07	1.85257486997824E-11	6.10758280618612E-02	3.40211693667088E-08	3.95124676686644E-11	8.81485701440444E-02	7.38171712103597E-12	7.48007887059775E-11	8.20704915873142	1.20447042315791E-11	2.60950370196285E-11	5.89156351250907	1E10	1E-30	1E-10	1E10	1E-30	1E-10	1E10	1E-30	1E-10
68	2.06090797545231E-08	1E10	1E10	1E-30	1.91057186850728E-10	1E10	1E-30	1E10	2.09214565731838E-02	2.53266244738843E-06	1E10	1167.87397722904	5.82439755564426E-06	1E10	99.4021965846338	3.22939304791551E-06	1E10	37.7916611124496	2.71968865950014E-06	1E10	4.46517088268822	1.94010360058289E-06	1E10	0.660865922239731	1.47183294949917E-06	1E10	9.71935966449914E-02	1.10122761050405E-06	1E10	1.21450875974618E-02	1E-30	1.41047740563501E-10	0.20271211825089	1.42379027449816E-07	1.85257486997824E-11	6.10758280618612E-02	3.40211693667088E-08	3.95124676686644E-11	8.81485701440444E-02	7.38171712103597E-12	7.48007887059775E-11	8.20704915873142	1.20447042315791E-11	2.60950370196285E-11	5.89156351250907	1E10	1E-30	1E-10	1E10	1E-30	1E-10	1E10	1E-30	1E-10
69	2.51655546098468E-08	1E10	1E10	1E-30	1.81750016631553E-10	1E10	1E-30	1E10	2.80090406653462E-02	2.90207981890895E-06	1E10	1273.07871038119	5.7672832038793E-06	1E10	156.622898016808	3.39194205175208E-06	1E10	48.4011026368384	3.38785756768509E-06	1E10	6.99608786992417	2.32790297921949E-06	1E10	1.24409990099092	1.53595363084093E-06	1E10	0.192308756910563	1.43749163701924E-06	1E10	1.92216460518209E-02	1E-30	8.58437912754652E-11	0.12839281569896	5.29532219518167E-07	5.25133130285321E-12	1.55885609583313E-02	3.03823153818611E-08	4.00293467879016E-11	6.93745673568846E-02	4.93449251818728E-12	1.82506076146795E-10	19.175752549494	2.86565133623166E-12	1.13132350578193E-10	21.8658604643096	1E10	1E-30	1E-10	1E10	1E-30	1E-10	1E10	1E-30	1E-10
70	2.51655546098468E-08	1E10	1E10	1E-30	1.81750016631553E-10	1E10	1E-30	1E10	2.80090406653462E-02	2.90207981890895E-06	1E10	1273.07871038119	5.7672832038793E-06	1E10	156.622898016808	3.39194205175208E-06	1E10	48.4011026368384	3.38785756768509E-06	1E10	6.99608786992417	2.32790297921949E-06	1E10	1.24409990099092	1.53595363084093E-06	1E10	0.192308756910563	1.43749163701924E-06	1E10	1.92216460518209E-02	1E-30	8.58437912754652E-11	0.12839281569896	5.29532219518167E-07	5.25133130285321E-12	1.55885609583313E-02	3.03823153818611E-08	4.00293467879016E-11	6.93745673568846E-02	4.93449251818728E-12	1.82506076146795E-10	19.175752549494	2.86565133623166E-12	1.13132350578193E-10	21.8658604643096	1E10	1E-30	1E-10	1E10	1E-30	1E-10	1E10	1E-30	1E-10
71	3.3858016938064E-08	1E10	1E10	1E-30	1.71643757742591E-10	1E10	1E-30	1E10	2.15301693949653E-02	4.01390684703595E-06	1E10	854.673760227365	7.52009280322284E-06	1E10	102.754386512209	4.26670983273354E-06	1E10	30.3249693555275	4.22315180184882E-06	1E10	3.17541411309416	3.46752627796704E-06	1E10	0.69470491367752	2.39817928914574E-06	1E10	0.123450070218809	2.25785057103835E-06	1E10	2.31708913675391E-02	1E-30	1.10545556494822E-10	0.111782321179393	6.45050562373055E-07	6.58782732730728E-12	1.47887375326516E-02	5.12069260432477E-08	3.9527403862026E-11	5.87813314449124E-02	5.84290632699644E-12	1.44047579162842E-10	21.4760464529251	3.4788980128407E-12	1.13246628562196E-10	27.3150125359057	1E10	1E-30	1E-10	1E10	1E-30	1E-10	1E10	1E-30	1E-10
72	3.3858016938064E-08	1E10	1E10	1E-30	1.71643757742591E-10	1E10	1E-30	1E10	2.15301693949653E-02	4.01390684703595E-06	1E10	854.673760227365	7.52009280322284E-06	1E10	102.754386512209	4.26670983273354E-06	1E10	30.3249693555275	4.22315180184882E-06	1E10	3.17541411309416	3.46752627796704E-06	1E10	0.69470491367752	2.39817928914574E-06	1E10	0.123450070218809	2.25785057103835E-06	1E10	2.31708913675391E-02	1E-30	1.10545556494822E-10	0.111782321179393	6.45050562373055E-07	6.58782732730728E-12	1.47887375326516E-02	5.12069260432477E-08	3.9527403862026E-11	5.87813314449124E-02	5.84290632699644E-12	1.44047579162842E-10	21.4760464529251	3.4788980128407E-12	1.13246628562196E-10	27.3150125359057	1E10	1E-30	1E-10	1E10	1E-30	1E-10	1E10	1E-30	1E-10
73	4.08331298646385E-08	1E10	1E10	1E-30	3.92690320596851E-11	1E10	1E-30	1E10	2.01299160096899E-02	4.57670152924101E-06	1E10	869.375805233518	7.07994760726949E-06	1E10	102.142750789244	5.33714912956865E-06	1E10	18.163835061325	4.70557372390117E-06	1E10	2.50730721034952	3.09999238004637E-06	1E10	0.398200210107373	3.97660322526695E-06	1E10	3.85156941690022E-02	3.91705776692646E-06	1E10	0.01404398496859	1E-30	1.16938484719982E-10	0.109429365142019	4.97899764766389E-07	1.07445713946956E-11	0.022642822820613	7.10912144662025E-08	3.63018302060374E-11	6.17831684734186E-02	7.62877941361417E-12	1.00618961441718E-10	18.885487546631	1.01345287753133E-12	2.52081487777386E-10	29.2523105916321	1E10	1E-30	1E-10	1E10	1E-30	1E-10	1E10	1E-30	1E-10
74	4.08331298646385E-08	1E10	1E10	1E-30	3.75016344772374E-11	1E10	1E-30	1E10	2.01299160096899E-02	4.57670152924101E-06	1E10	869.375805233518	7.07994760726949E-06	1E10	102.142750789244	5.33714912956865E-06	1E10	18.163835061325	4.70557372390117E-06	1E10	2.50730721034952	3.09999238004637E-06	1E10	0.398200210107373	3.97660322526695E-06	1E10	3.85156941690022E-02	3.91705776692646E-06	1E10	0.01404398496859	1E-30	1.16938484719982E-10	0.109429365142019	4.97899764766389E-07	1.07445713946956E-11	0.022642822820613	7.10912144662025E-08	3.63018302060374E-11	6.17831684734186E-02	7.62877941361417E-12	1.00618961441718E-10	18.885487546631	1.01345287753133E-12	2.52081487777386E-10	61.1167393376376	1E10	1E-30	1E-10	1E10	1E-30	1E-10	1E10	1E-30	1E-10
75	4.4619437331807E-08	1E10	1E10	1E-30	1.78673050839534E-10	1E10	1E-30	1E10	1.70633431511104E-02	6.02108002071642E-06	1E10	529.050603648877	7.59211975029197E-06	1E10	52.9050603648877	6.79260657226717E-06	1E10	9.19384577471376	5.86267595611264E-06	1E10	1.33680048537878	4.54627340627123E-06	1E10	0.210888541029817	4.68530390349575E-06	1E10	4.02493071423417E-02	2.71633994379507E-06	1E10	0.011549990427583	1E-30	1.36906834062966E-10	0.121321761096328	3.04340666260908E-07	1.99145992008134E-11	3.41010465211681E-02	9.37772130445328E-08	3.09990995755771E-11	5.49587634326374E-02	5.42994052342047E-12	1.06766795801929E-10	16.5516342966439	4.30236358215074E-12	7.51654169470319E-11	14.4344331339831	1E10	1E-30	1E-10	1E10	1E-30	1E-10	1E10	1E-30	1E-10
76	4.4619437331807E-08	1E10	1E10	1E-30	1.78673050839534E-10	1E10	1E-30	1E10	1.70633431511104E-02	6.02108002071642E-06	1E10	529.050603648877	7.59211975029197E-06	1E10	52.9050603648877	6.79260657226717E-06	1E10	9.19384577471376	5.86267595611264E-06	1E10	1.33680048537878	4.54627340627123E-06	1E10	0.210888541029817	4.68530390349575E-06	1E10	4.02493071423417E-02	2.71633994379507E-06	1E10	0.011549990427583	1E-30	1.36906834062966E-10	0.121321761096328	3.04340666260908E-07	1.99145992008134E-11	3.41010465211681E-02	9.37772130445328E-08	3.09990995755771E-11	5.49587634326374E-02	5.42994052342047E-12	1.06766795801929E-10	16.5516342966439	4.30236358215074E-12	7.51654169470319E-11	14.4344331339831	1E10	1E-30	1E-10	1E10	1E-30	1E-10	1E10	1E-30	1E-10
END DSCRDATA
