BEGIN DSCRDATA
% INDEX	K01	L01	M01	K02	L02	M02	K03	L03	M03	K04	L04	M04	K05	L05	M05	K06	L06	M06	K07	L07	M07	K08	L08	M08	K09	L09	M09	K10	L10	M10	K11	L11	M11	K12	L12	M12	K13	L13	M13	K14	L14	M14	K15	L15	M15	K16	L16	M16	K17	L17	M17	K18	L18	M18
0	0	0	0	0	0	0	0	0	0	0	0	0	0	0	0	0	0	0	0	0	0	0	0	0	0	0	0	0	0	0	0	0	0	0	0	0	0	0	0	0	0	0	0	0	0	0	0	0	0	0	0	0	0	0
1	1.01840025110195E-09	1E10	1E10	1E-30	9.30106223858031E-11	1E10	1E-30	1E10	0.316319545719607	8.9064118529385E-08	1E10	32415.1382402955	2.99586613159315E-07	1E10	1822.83717942761	1.75705678422988E-07	1E10	617.657725842315	1.55185983326439E-07	1E10	77.7585006853884	1.11015653542454E-07	1E10	12.215358973133	5.87037394802721E-08	1E10	2.19078805700563	2.6912764258135E-08	1E10	0.423824930594234	1.0787522756581E-08	1E10	0.14763043593058	1.44569098153236E-11	2.58527212799101E-10	4.89029483640429	1.08177950984203E-12	2.53596202961337E-10	29.0883080922613	1E10	1E-30	1E-10	1E10	1E-30	1E-10	1E10	1E-30	1E-10	1E10	1E-30	1E-10	1E10	1E-30	1E-10
2	1.01840025110195E-09	1E10	1E10	1E-30	9.30106223858031E-11	1E10	1E-30	1E10	0.316319545719607	8.9064118529385E-08	1E10	32415.1382402955	2.99586613159315E-07	1E10	1822.83717942761	1.75705678422988E-07	1E10	617.657725842315	1.55185983326439E-07	1E10	77.7585006853884	1.11015653542454E-07	1E10	12.215358973133	5.87037394802721E-08	1E10	2.19078805700563	2.6912764258135E-08	1E10	0.423824930594234	1.0787522756581E-08	1E10	0.14763043593058	1.44569098153236E-11	2.58527212799101E-10	4.89029483640429	1.08177950984203E-12	2.53596202961337E-10	29.0883080922613	1E10	1E-30	1E-10	1E10	1E-30	1E-10	1E10	1E-30	1E-10	1E10	1E-30	1E-10	1E10	1E-30	1E-10
3	1.01840025110195E-09	1E10	1E10	1E-30	9.30106223858031E-11	1E10	1E-30	1E10	0.316319545719607	8.9064118529385E-08	1E10	32415.1382402955	2.99586613159315E-07	1E10	1822.83717942761	1.75705678422988E-07	1E10	617.657725842315	1.55185983326439E-07	1E10	77.7585006853884	1.11015653542454E-07	1E10	12.215358973133	5.87037394802721E-08	1E10	2.19078805700563	2.6912764258135E-08	1E10	0.423824930594234	1.0787522756581E-08	1E10	0.14763043593058	1.44569098153236E-11	2.58527212799101E-10	4.89029483640429	1.08177950984203E-12	2.53596202961337E-10	29.0883080922613	1E10	1E-30	1E-10	1E10	1E-30	1E-10	1E10	1E-30	1E-10	1E10	1E-30	1E-10	1E10	1E-30	1E-10
4	1.01840025110195E-09	1E10	1E10	1E-30	9.30106223858031E-11	1E10	1E-30	1E10	0.316319545719607	8.9064118529385E-08	1E10	32415.1382402955	2.99586613159315E-07	1E10	1822.83717942761	1.75705678422988E-07	1E10	617.657725842315	1.55185983326439E-07	1E10	77.7585006853884	1.11015653542454E-07	1E10	12.215358973133	5.87037394802721E-08	1E10	2.19078805700563	2.6912764258135E-08	1E10	0.423824930594234	1.0787522756581E-08	1E10	0.14763043593058	1.44569098153236E-11	2.58527212799101E-10	4.89029483640429	1.08177950984203E-12	2.53596202961337E-10	29.0883080922613	1E10	1E-30	1E-10	1E10	1E-30	1E-10	1E10	1E-30	1E-10	1E10	1E-30	1E-10	1E10	1E-30	1E-10
5	1.24712716244941E-09	1E10	1E10	1E-30	1.81249918192331E-10	1E10	1E-30	1E10	0.295925742607426	1.02755618519507E-07	1E10	28002.7949957222	1.90576304121244E-07	1E10	1436.15521971326	2.1105662521325E-07	1E10	161.139265976036	1.96689810128203E-07	1E10	25.3523274931407	1.23166428399632E-07	1E10	5.1531579933529	5.31364996140192E-08	1E10	1.17517686422122	1.9550420158128E-08	1E10	0.269533445220647	4.67043317225987E-08	1E10	7.82889469491485E-03	1.07676048651849E-09	1.50932385198702E-11	0.143729301904086	1.25539957912312E-11	2.53789182095962E-10	5.36707772835671	2.36470378581538E-12	1.30996315667475E-10	13.9878168532115	1E10	1E-30	1E-10	1E10	1E-30	1E-10	1E10	1E-30	1E-10	1E10	1E-30	1E-10
6	1.24712716244941E-09	1E10	1E10	1E-30	1.81249918192331E-10	1E10	1E-30	1E10	0.295925742607426	1.02755618519507E-07	1E10	28002.7949957222	1.90576304121244E-07	1E10	1436.15521971326	2.1105662521325E-07	1E10	161.139265976036	1.96689810128203E-07	1E10	25.3523274931407	1.23166428399632E-07	1E10	5.1531579933529	5.31364996140192E-08	1E10	1.17517686422122	1.9550420158128E-08	1E10	0.269533445220647	4.67043317225987E-08	1E10	7.82889469491485E-03	1.07676048651849E-09	1.50932385198702E-11	0.143729301904086	1.25539957912312E-11	2.53789182095962E-10	5.36707772835671	2.36470378581538E-12	1.30996315667475E-10	13.9878168532115	1E10	1E-30	1E-10	1E10	1E-30	1E-10	1E10	1E-30	1E-10	1E10	1E-30	1E-10
7	1.24712716244941E-09	1E10	1E10	1E-30	1.81249918192331E-10	1E10	1E-30	1E10	0.295925742607426	1.02755618519507E-07	1E10	28002.7949957222	1.90576304121244E-07	1E10	1436.15521971326	2.1105662521325E-07	1E10	161.139265976036	1.96689810128203E-07	1E10	25.3523274931407	1.23166428399632E-07	1E10	5.1531579933529	5.31364996140192E-08	1E10	1.17517686422122	1.9550420158128E-08	1E10	0.269533445220647	4.67043317225987E-08	1E10	7.82889469491485E-03	1.07676048651849E-09	1.50932385198702E-11	0.143729301904086	1.25539957912312E-11	2.53789182095962E-10	5.36707772835671	2.36470378581538E-12	1.30996315667475E-10	13.9878168532115	1E10	1E-30	1E-10	1E10	1E-30	1E-10	1E10	1E-30	1E-10	1E10	1E-30	1E-10
8	1.24712716244941E-09	1E10	1E10	1E-30	1.81249918192331E-10	1E10	1E-30	1E10	0.295925742607426	1.02755618519507E-07	1E10	28002.7949957222	1.90576304121244E-07	1E10	1436.15521971326	2.1105662521325E-07	1E10	161.139265976036	1.96689810128203E-07	1E10	25.3523274931407	1.23166428399632E-07	1E10	5.1531579933529	5.31364996140192E-08	1E10	1.17517686422122	1.9550420158128E-08	1E10	0.269533445220647	4.67043317225987E-08	1E10	7.82889469491485E-03	1.07676048651849E-09	1.50932385198702E-11	0.143729301904086	1.25539957912312E-11	2.53789182095962E-10	5.36707772835671	2.36470378581538E-12	1.30996315667475E-10	13.9878168532115	1E10	1E-30	1E-10	1E10	1E-30	1E-10	1E10	1E-30	1E-10	1E10	1E-30	1E-10
9	1.58386256480157E-09	1E10	1E10	1E-30	1.38724712175591E-10	1E10	1E-30	1E10	0.209649697919533	6.594656992978E-08	1E10	161294.419655858	2.47337967388516E-07	1E10	1252.04328186158	2.42587319406883E-07	1E10	128.120711636115	1.83937852533222E-07	1E10	14.7102259053764	1.39130777847114E-07	1E10	1.95610465165388	6.28601821090264E-08	1E10	0.452829854432449	1.91758544756854E-08	1E10	0.139654497907299	1E-30	1.5773968814919E-11	0.111791609770118	2.48057340976138E-09	1.26226051899181E-11	0.188170452837667	1.39641886490339E-11	2.24151756867385E-10	4.51374519962493	1.76713142674337E-12	1.86747854690767E-10	24.2591986553545	1E10	1E-30	1E-10	1E10	1E-30	1E-10	1E10	1E-30	1E-10	1E10	1E-30	1E-10
10	1.58386256480157E-09	1E10	1E10	1E-30	1.38724712175591E-10	1E10	1E-30	1E10	0.209649697919533	6.594656992978E-08	1E10	161294.419655858	2.47337967388516E-07	1E10	1252.04328186158	2.42587319406883E-07	1E10	128.120711636115	1.83937852533222E-07	1E10	14.7102259053764	1.39130777847114E-07	1E10	1.95610465165388	6.28601821090264E-08	1E10	0.452829854432449	1.91758544756854E-08	1E10	0.139654497907299	1E-30	1.5773968814919E-11	0.111791609770118	2.48057340976138E-09	1.26226051899181E-11	0.188170452837667	1.39641886490339E-11	2.24151756867385E-10	4.51374519962493	1.76713142674337E-12	1.86747854690767E-10	24.2591986553545	1E10	1E-30	1E-10	1E10	1E-30	1E-10	1E10	1E-30	1E-10	1E10	1E-30	1E-10
11	1.58386256480157E-09	1E10	1E10	1E-30	1.38724712175591E-10	1E10	1E-30	1E10	0.209649697919533	6.594656992978E-08	1E10	161294.419655858	2.47337967388516E-07	1E10	1252.04328186158	2.42587319406883E-07	1E10	128.120711636115	1.83937852533222E-07	1E10	14.7102259053764	1.39130777847114E-07	1E10	1.95610465165388	6.28601821090264E-08	1E10	0.452829854432449	1.91758544756854E-08	1E10	0.139654497907299	1E-30	1.5773968814919E-11	0.111791609770118	2.48057340976138E-09	1.26226051899181E-11	0.188170452837667	1.39641886490339E-11	2.24151756867385E-10	4.51374519962493	1.76713142674337E-12	1.86747854690767E-10	24.2591986553545	1E10	1E-30	1E-10	1E10	1E-30	1E-10	1E10	1E-30	1E-10	1E10	1E-30	1E-10
12	1.58386256480157E-09	1E10	1E10	1E-30	1.38724712175591E-10	1E10	1E-30	1E10	0.209649697919533	6.594656992978E-08	1E10	161294.419655858	2.47337967388516E-07	1E10	1252.04328186158	2.42587319406883E-07	1E10	128.120711636115	1.83937852533222E-07	1E10	14.7102259053764	1.39130777847114E-07	1E10	1.95610465165388	6.28601821090264E-08	1E10	0.452829854432449	1.91758544756854E-08	1E10	0.139654497907299	1E-30	1.5773968814919E-11	0.111791609770118	2.48057340976138E-09	1.26226051899181E-11	0.188170452837667	1.39641886490339E-11	2.24151756867385E-10	4.51374519962493	1.76713142674337E-12	1.86747854690767E-10	24.2591986553545	1E10	1E-30	1E-10	1E10	1E-30	1E-10	1E10	1E-30	1E-10	1E10	1E-30	1E-10
13	1.86699769104144E-09	1E10	1E10	1E-30	1.97150916294017E-10	1E10	1E-30	1E10	0.218453140650086	2.33219630353927E-07	1E10	6696.75012464981	2.8964515919094E-07	1E10	508.000447013324	2.86384580925694E-07	1E10	51.9833297504224	2.5222904978649E-07	1E10	7.5862129217438	1.78603702236246E-07	1E10	1.67844143008067	5.72407019555178E-08	1E10	0.518121451177111	3.35756987747139E-08	1E10	0.10477379706748	1.41785636465269E-07	1E10	3.31465471230914E-03	1.18865339473716E-09	3.35613508623456E-11	0.248086823172267	1.06935323270803E-11	2.03765497296297E-10	3.4299371193754	3.48091164025341E-12	1.14055849754633E-10	14.5309400258466	1E10	1E-30	1E-10	1E10	1E-30	1E-10	1E10	1E-30	1E-10	1E10	1E-30	1E-10
14	1.86699769104144E-09	1E10	1E10	1E-30	1.97150916294017E-10	1E10	1E-30	1E10	0.218453140650086	2.33219630353927E-07	1E10	6696.75012464981	2.8964515919094E-07	1E10	508.000447013324	2.86384580925694E-07	1E10	51.9833297504224	2.5222904978649E-07	1E10	7.5862129217438	1.78603702236246E-07	1E10	1.67844143008067	5.72407019555178E-08	1E10	0.518121451177111	3.35756987747139E-08	1E10	0.10477379706748	1.41785636465269E-07	1E10	3.31465471230914E-03	1.18865339473716E-09	3.35613508623456E-11	0.248086823172267	1.06935323270803E-11	2.03765497296297E-10	3.4299371193754	3.48091164025341E-12	1.14055849754633E-10	14.5309400258466	1E10	1E-30	1E-10	1E10	1E-30	1E-10	1E10	1E-30	1E-10	1E10	1E-30	1E-10
15	1.86699769104144E-09	1E10	1E10	1E-30	1.97150916294017E-10	1E10	1E-30	1E10	0.218453140650086	2.33219630353927E-07	1E10	6696.75012464981	2.8964515919094E-07	1E10	508.000447013324	2.86384580925694E-07	1E10	51.9833297504224	2.5222904978649E-07	1E10	7.5862129217438	1.78603702236246E-07	1E10	1.67844143008067	5.72407019555178E-08	1E10	0.518121451177111	3.35756987747139E-08	1E10	0.10477379706748	1.41785636465269E-07	1E10	3.31465471230914E-03	1.18865339473716E-09	3.35613508623456E-11	0.248086823172267	1.06935323270803E-11	2.03765497296297E-10	3.4299371193754	3.48091164025341E-12	1.14055849754633E-10	14.5309400258466	1E10	1E-30	1E-10	1E10	1E-30	1E-10	1E10	1E-30	1E-10	1E10	1E-30	1E-10
16	1.86699769104144E-09	1E10	1E10	1E-30	1.97150916294017E-10	1E10	1E-30	1E10	0.218453140650086	2.33219630353927E-07	1E10	6696.75012464981	2.8964515919094E-07	1E10	508.000447013324	2.86384580925694E-07	1E10	51.9833297504224	2.5222904978649E-07	1E10	7.5862129217438	1.78603702236246E-07	1E10	1.67844143008067	5.72407019555178E-08	1E10	0.518121451177111	3.35756987747139E-08	1E10	0.10477379706748	1.41785636465269E-07	1E10	3.31465471230914E-03	1.18865339473716E-09	3.35613508623456E-11	0.248086823172267	1.06935323270803E-11	2.03765497296297E-10	3.4299371193754	3.48091164025341E-12	1.14055849754633E-10	14.5309400258466	1E10	1E-30	1E-10	1E10	1E-30	1E-10	1E10	1E-30	1E-10	1E10	1E-30	1E-10
17	2.19450078980088E-09	1E10	1E10	1E-30	1.89160665095801E-10	1E10	1E-30	1E10	0.162943055189053	1.58072385137355E-07	1E10	24431.8046628577	4.0695359246665E-07	1E10	546.959975521122	3.47894966385677E-07	1E10	88.7065211151349	2.62932426838973E-07	1E10	11.6937969213922	1.92965085861038E-07	1E10	1.43266765575542	8.11005506537272E-08	1E10	0.40752857409169	3.8235803210621E-08	1E10	7.92238174573199E-02	1E-30	3.96898350968118E-11	0.308624527865866	2.64531741620668E-08	5.98734888408428E-12	5.39150368540562E-02	2.08237275285957E-09	2.79529078269382E-11	0.200000432071737	1.96551643272707E-11	1.2973052407587E-10	2.59374395698283	2.81259756738913E-12	1.11441618500308E-10	24.1014288206155	1E10	1E-30	1E-10	1E10	1E-30	1E-10	1E10	1E-30	1E-10
18	2.19450078980088E-09	1E10	1E10	1E-30	1.89160665095801E-10	1E10	1E-30	1E10	0.162943055189053	1.58072385137355E-07	1E10	24431.8046628577	4.0695359246665E-07	1E10	546.959975521122	3.47894966385677E-07	1E10	88.7065211151349	2.62932426838973E-07	1E10	11.6937969213922	1.92965085861038E-07	1E10	1.43266765575542	8.11005506537272E-08	1E10	0.40752857409169	3.8235803210621E-08	1E10	7.92238174573199E-02	1E-30	3.96898350968118E-11	0.308624527865866	2.64531741620668E-08	5.98734888408428E-12	5.39150368540562E-02	2.08237275285957E-09	2.79529078269382E-11	0.200000432071737	1.96551643272707E-11	1.2973052407587E-10	2.59374395698283	2.81259756738913E-12	1.11441618500308E-10	24.1014288206155	1E10	1E-30	1E-10	1E10	1E-30	1E-10	1E10	1E-30	1E-10
19	2.19450078980088E-09	1E10	1E10	1E-30	1.89160665095801E-10	1E10	1E-30	1E10	0.162943055189053	1.58072385137355E-07	1E10	24431.8046628577	4.0695359246665E-07	1E10	546.959975521122	3.47894966385677E-07	1E10	88.7065211151349	2.62932426838973E-07	1E10	11.6937969213922	1.92965085861038E-07	1E10	1.43266765575542	8.11005506537272E-08	1E10	0.40752857409169	3.8235803210621E-08	1E10	7.92238174573199E-02	1E-30	3.96898350968118E-11	0.308624527865866	2.64531741620668E-08	5.98734888408428E-12	5.39150368540562E-02	2.08237275285957E-09	2.79529078269382E-11	0.200000432071737	1.96551643272707E-11	1.2973052407587E-10	2.59374395698283	2.81259756738913E-12	1.11441618500308E-10	24.1014288206155	1E10	1E-30	1E-10	1E10	1E-30	1E-10	1E10	1E-30	1E-10
20	2.19450078980088E-09	1E10	1E10	1E-30	1.89160665095801E-10	1E10	1E-30	1E10	0.162943055189053	1.58072385137355E-07	1E10	24431.8046628577	4.0695359246665E-07	1E10	546.959975521122	3.47894966385677E-07	1E10	88.7065211151349	2.62932426838973E-07	1E10	11.6937969213922	1.92965085861038E-07	1E10	1.43266765575542	8.11005506537272E-08	1E10	0.40752857409169	3.8235803210621E-08	1E10	7.92238174573199E-02	1E-30	3.96898350968118E-11	0.308624527865866	2.64531741620668E-08	5.98734888408428E-12	5.39150368540562E-02	2.08237275285957E-09	2.79529078269382E-11	0.200000432071737	1.96551643272707E-11	1.2973052407587E-10	2.59374395698283	2.81259756738913E-12	1.11441618500308E-10	24.1014288206155	1E10	1E-30	1E-10	1E10	1E-30	1E-10	1E10	1E-30	1E-10
21	2.78811851241592E-09	1E10	1E10	1E-30	2.12146037307693E-10	1E10	1E-30	1E10	0.141360673398083	2.75752776135082E-07	1E10	12938.8705017419	4.7380983128937E-07	1E10	539.381896886366	4.36218423879186E-07	1E10	61.929327827994	3.54751111925537E-07	1E10	8.54862696511964	2.31771805502732E-07	1E10	1.38807843930077	1.23560587054881E-07	1E10	0.255497213949222	6.07502380383853E-08	1E10	6.89002462117562E-02	1E-30	7.56635765875129E-11	0.397097464586126	1.41583314080784E-08	1.56824597878802E-11	6.33430263618366E-02	5.63923480418685E-09	1.68933049324131E-11	9.78468831742951E-02	2.70493453562137E-11	8.25143522167184E-11	1.84874585417024	3.50978109396294E-12	9.40871976676884E-11	12.2661050369179	1E10	1E-30	1E-10	1E10	1E-30	1E-10	1E10	1E-30	1E-10
22	2.78811851241592E-09	1E10	1E10	1E-30	2.12146037307693E-10	1E10	1E-30	1E10	0.141360673398083	2.75752776135082E-07	1E10	12938.8705017419	4.7380983128937E-07	1E10	539.381896886366	4.36218423879186E-07	1E10	61.929327827994	3.54751111925537E-07	1E10	8.54862696511964	2.31771805502732E-07	1E10	1.38807843930077	1.23560587054881E-07	1E10	0.255497213949222	6.07502380383853E-08	1E10	6.89002462117562E-02	1E-30	7.56635765875129E-11	0.397097464586126	1.41583314080784E-08	1.56824597878802E-11	6.33430263618366E-02	5.63923480418685E-09	1.68933049324131E-11	9.78468831742951E-02	2.70493453562137E-11	8.25143522167184E-11	1.84874585417024	3.50978109396294E-12	9.40871976676884E-11	12.2661050369179	1E10	1E-30	1E-10	1E10	1E-30	1E-10	1E10	1E-30	1E-10
23	2.78811851241592E-09	1E10	1E10	1E-30	2.12146037307693E-10	1E10	1E-30	1E10	0.141360673398083	2.75752776135082E-07	1E10	12938.8705017419	4.7380983128937E-07	1E10	539.381896886366	4.36218423879186E-07	1E10	61.929327827994	3.54751111925537E-07	1E10	8.54862696511964	2.31771805502732E-07	1E10	1.38807843930077	1.23560587054881E-07	1E10	0.255497213949222	6.07502380383853E-08	1E10	6.89002462117562E-02	1E-30	7.56635765875129E-11	0.397097464586126	1.41583314080784E-08	1.56824597878802E-11	6.33430263618366E-02	5.63923480418685E-09	1.68933049324131E-11	9.78468831742951E-02	2.70493453562137E-11	8.25143522167184E-11	1.84874585417024	3.50978109396294E-12	9.40871976676884E-11	12.2661050369179	1E10	1E-30	1E-10	1E10	1E-30	1E-10	1E10	1E-30	1E-10
24	2.78811851241592E-09	1E10	1E10	1E-30	2.12146037307693E-10	1E10	1E-30	1E10	0.141360673398083	2.75752776135082E-07	1E10	12938.8705017419	4.7380983128937E-07	1E10	539.381896886366	4.36218423879186E-07	1E10	61.929327827994	3.54751111925537E-07	1E10	8.54862696511964	2.31771805502732E-07	1E10	1.38807843930077	1.23560587054881E-07	1E10	0.255497213949222	6.07502380383853E-08	1E10	6.89002462117562E-02	1E-30	7.56635765875129E-11	0.397097464586126	1.41583314080784E-08	1.56824597878802E-11	6.33430263618366E-02	5.63923480418685E-09	1.68933049324131E-11	9.78468831742951E-02	2.70493453562137E-11	8.25143522167184E-11	1.84874585417024	3.50978109396294E-12	9.40871976676884E-11	12.2661050369179	1E10	1E-30	1E-10	1E10	1E-30	1E-10	1E10	1E-30	1E-10
25	3.31154690367364E-09	1E10	1E10	1E-30	1.72465517778964E-10	1E10	1E-30	1E10	0.229370700918744	3.5397157261723E-07	1E10	7064.07311191916	5.59360468537598E-07	1E10	379.363187298474	5.48447599882939E-07	1E10	45.609486789206	4.12251821538377E-07	1E10	7.22861651238577	1.73994137121735E-07	1E10	1.35261412297305	9.95298588515196E-08	1E10	0.194031038932064	1E-30	1.40562240426214E-10	2.77128579807294	3.13019198822878E-08	8.76735580364518E-12	4.92348756402691E-02	3.35406114448722E-09	2.97076727885828E-11	0.155694347338391	2.91328453837474E-11	9.92070207609119E-11	1.96214709857333	4.00091896622107E-12	8.71590329972684E-11	27.4580310728231	1E10	1E-30	1E-10	1E10	1E-30	1E-10	1E10	1E-30	1E-10	1E10	1E-30	1E-10
26	3.31154690367364E-09	1E10	1E10	1E-30	1.72465517778964E-10	1E10	1E-30	1E10	0.229370700918744	3.5397157261723E-07	1E10	7064.07311191916	5.59360468537598E-07	1E10	379.363187298474	5.48447599882939E-07	1E10	45.609486789206	4.12251821538377E-07	1E10	7.22861651238577	1.73994137121735E-07	1E10	1.35261412297305	9.95298588515196E-08	1E10	0.194031038932064	1E-30	1.40562240426214E-10	2.77128579807294	3.13019198822878E-08	8.76735580364518E-12	4.92348756402691E-02	3.35406114448722E-09	2.97076727885828E-11	0.155694347338391	2.91328453837474E-11	9.92070207609119E-11	1.96214709857333	4.00091896622107E-12	8.71590329972684E-11	27.4580310728231	1E10	1E-30	1E-10	1E10	1E-30	1E-10	1E10	1E-30	1E-10	1E10	1E-30	1E-10
27	3.31154690367364E-09	1E10	1E10	1E-30	1.72465517778964E-10	1E10	1E-30	1E10	0.229370700918744	3.5397157261723E-07	1E10	7064.07311191916	5.59360468537598E-07	1E10	379.363187298474	5.48447599882939E-07	1E10	45.609486789206	4.12251821538377E-07	1E10	7.22861651238577	1.73994137121735E-07	1E10	1.35261412297305	9.95298588515196E-08	1E10	0.194031038932064	1E-30	1.40562240426214E-10	2.77128579807294	3.13019198822878E-08	8.76735580364518E-12	4.92348756402691E-02	3.35406114448722E-09	2.97076727885828E-11	0.155694347338391	2.91328453837474E-11	9.92070207609119E-11	1.96214709857333	4.00091896622107E-12	8.71590329972684E-11	27.4580310728231	1E10	1E-30	1E-10	1E10	1E-30	1E-10	1E10	1E-30	1E-10	1E10	1E-30	1E-10
28	3.31154690367364E-09	1E10	1E10	1E-30	1.72465517778964E-10	1E10	1E-30	1E10	0.229370700918744	3.5397157261723E-07	1E10	7064.07311191916	5.59360468537598E-07	1E10	379.363187298474	5.48447599882939E-07	1E10	45.609486789206	4.12251821538377E-07	1E10	7.22861651238577	1.73994137121735E-07	1E10	1.35261412297305	9.95298588515196E-08	1E10	0.194031038932064	1E-30	1.40562240426214E-10	2.77128579807294	3.13019198822878E-08	8.76735580364518E-12	4.92348756402691E-02	3.35406114448722E-09	2.97076727885828E-11	0.155694347338391	2.91328453837474E-11	9.92070207609119E-11	1.96214709857333	4.00091896622107E-12	8.71590329972684E-11	27.4580310728231	1E10	1E-30	1E-10	1E10	1E-30	1E-10	1E10	1E-30	1E-10	1E10	1E-30	1E-10
29	4.03010063399659E-09	1E10	1E10	1E-30	2.06045542396167E-10	1E10	1E-30	1E10	0.153378026190939	1.40777896238216E-07	1E10	111193.829831684	6.59512438501729E-07	1E10	670.009080774025	6.53566400042706E-07	1E10	67.0009080774025	7.06577345209103E-07	1E10	9.9101605152173	4.91298697453034E-07	1E10	2.4014553647166	2.09207378024236E-07	1E10	0.575175222221115	1.38677303688709E-07	1E10	8.71293758859558E-02	9.76231835543318E-08	1E10	1.38376965348391E-02	1E-30	9.87840807552185E-11	0.842640113103001	6.51749952521915E-08	5.33546038528418E-12	2.87033018608202E-02	3.31321016109101E-09	4.11903890382894E-11	0.178640709358282	3.6202253065686E-11	6.65388845446192E-11	1.66102922195604	2.87009334783401E-12	1.06100932279542E-10	13.4423473460481	1E10	1E-30	1E-10	1E10	1E-30	1E-10
30	4.03010063399659E-09	1E10	1E10	1E-30	2.06045542396167E-10	1E10	1E-30	1E10	0.153378026190939	1.40777896238216E-07	1E10	111193.829831684	6.59512438501729E-07	1E10	670.009080774025	6.53566400042706E-07	1E10	67.0009080774025	7.06577345209103E-07	1E10	9.9101605152173	4.91298697453034E-07	1E10	2.4014553647166	2.09207378024236E-07	1E10	0.575175222221115	1.38677303688709E-07	1E10	8.71293758859558E-02	9.76231835543318E-08	1E10	1.38376965348391E-02	1E-30	9.87840807552185E-11	0.842640113103001	6.51749952521915E-08	5.33546038528418E-12	2.87033018608202E-02	3.31321016109101E-09	4.11903890382894E-11	0.178640709358282	3.6202253065686E-11	6.65388845446192E-11	1.66102922195604	2.87009334783401E-12	1.06100932279542E-10	13.4423473460481	1E10	1E-30	1E-10	1E10	1E-30	1E-10
31	4.03010063399659E-09	1E10	1E10	1E-30	2.06045542396167E-10	1E10	1E-30	1E10	0.153378026190939	1.40777896238216E-07	1E10	111193.829831684	6.59512438501729E-07	1E10	670.009080774025	6.53566400042706E-07	1E10	67.0009080774025	7.06577345209103E-07	1E10	9.9101605152173	4.91298697453034E-07	1E10	2.4014553647166	2.09207378024236E-07	1E10	0.575175222221115	1.38677303688709E-07	1E10	8.71293758859558E-02	9.76231835543318E-08	1E10	1.38376965348391E-02	1E-30	9.87840807552185E-11	0.842640113103001	6.51749952521915E-08	5.33546038528418E-12	2.87033018608202E-02	3.31321016109101E-09	4.11903890382894E-11	0.178640709358282	3.6202253065686E-11	6.65388845446192E-11	1.66102922195604	2.87009334783401E-12	1.06100932279542E-10	13.4423473460481	1E10	1E-30	1E-10	1E10	1E-30	1E-10
32	4.03010063399659E-09	1E10	1E10	1E-30	2.06045542396167E-10	1E10	1E-30	1E10	0.153378026190939	1.40777896238216E-07	1E10	111193.829831684	6.59512438501729E-07	1E10	670.009080774025	6.53566400042706E-07	1E10	67.0009080774025	7.06577345209103E-07	1E10	9.9101605152173	4.91298697453034E-07	1E10	2.4014553647166	2.09207378024236E-07	1E10	0.575175222221115	1.38677303688709E-07	1E10	8.71293758859558E-02	9.76231835543318E-08	1E10	1.38376965348391E-02	1E-30	9.87840807552185E-11	0.842640113103001	6.51749952521915E-08	5.33546038528418E-12	2.87033018608202E-02	3.31321016109101E-09	4.11903890382894E-11	0.178640709358282	3.6202253065686E-11	6.65388845446192E-11	1.66102922195604	2.87009334783401E-12	1.06100932279542E-10	13.4423473460481	1E10	1E-30	1E-10	1E10	1E-30	1E-10
33	4.79488291885411E-09	1E10	1E10	1E-30	1.88931200962494E-10	1E10	1E-30	1E10	0.107891242510164	5.48080225750732E-07	1E10	6612.92291141235	8.65639187986388E-07	1E10	355.134987037377	8.53054828884037E-07	1E10	41.7247227943696	6.04542268851019E-07	1E10	5.89377374860239	4.1270111116296E-07	1E10	0.858503150879351	2.6134990851126E-07	1E10	0.130063197500874	2.1328444050676E-07	1E10	4.95530885128777E-02	1E-30	9.53865652734688E-11	0.435059872920683	4.0337373202415E-08	1.15217808243731E-11	5.48986948903127E-02	8.4677536403759E-09	2.42370321094187E-11	0.117759433061871	5.06347214186429E-11	5.12347997750196E-11	1.20512114716333	3.34624676994052E-12	1.04186267875873E-10	27.3558542086801	1E10	1E-30	1E-10	1E10	1E-30	1E-10	1E10	1E-30	1E-10
34	4.79488291885411E-09	1E10	1E10	1E-30	1.88931200962494E-10	1E10	1E-30	1E10	0.107891242510164	5.48080225750732E-07	1E10	6612.92291141235	8.65639187986388E-07	1E10	355.134987037377	8.53054828884037E-07	1E10	41.7247227943696	6.04542268851019E-07	1E10	5.89377374860239	4.1270111116296E-07	1E10	0.858503150879351	2.6134990851126E-07	1E10	0.130063197500874	2.1328444050676E-07	1E10	4.95530885128777E-02	1E-30	9.53865652734688E-11	0.435059872920683	4.0337373202415E-08	1.15217808243731E-11	5.48986948903127E-02	8.4677536403759E-09	2.42370321094187E-11	0.117759433061871	5.06347214186429E-11	5.12347997750196E-11	1.20512114716333	3.34624676994052E-12	1.04186267875873E-10	27.3558542086801	1E10	1E-30	1E-10	1E10	1E-30	1E-10	1E10	1E-30	1E-10
35	4.79488291885411E-09	1E10	1E10	1E-30	1.88931200962494E-10	1E10	1E-30	1E10	0.107891242510164	5.48080225750732E-07	1E10	6612.92291141235	8.65639187986388E-07	1E10	355.134987037377	8.53054828884037E-07	1E10	41.7247227943696	6.04542268851019E-07	1E10	5.89377374860239	4.1270111116296E-07	1E10	0.858503150879351	2.6134990851126E-07	1E10	0.130063197500874	2.1328444050676E-07	1E10	4.95530885128777E-02	1E-30	9.53865652734688E-11	0.435059872920683	4.0337373202415E-08	1.15217808243731E-11	5.48986948903127E-02	8.4677536403759E-09	2.42370321094187E-11	0.117759433061871	5.06347214186429E-11	5.12347997750196E-11	1.20512114716333	3.34624676994052E-12	1.04186267875873E-10	27.3558542086801	1E10	1E-30	1E-10	1E10	1E-30	1E-10	1E10	1E-30	1E-10
36	4.79488291885411E-09	1E10	1E10	1E-30	1.88931200962494E-10	1E10	1E-30	1E10	0.107891242510164	5.48080225750732E-07	1E10	6612.92291141235	8.65639187986388E-07	1E10	355.134987037377	8.53054828884037E-07	1E10	41.7247227943696	6.04542268851019E-07	1E10	5.89377374860239	4.1270111116296E-07	1E10	0.858503150879351	2.6134990851126E-07	1E10	0.130063197500874	2.1328444050676E-07	1E10	4.95530885128777E-02	1E-30	9.53865652734688E-11	0.435059872920683	4.0337373202415E-08	1.15217808243731E-11	5.48986948903127E-02	8.4677536403759E-09	2.42370321094187E-11	0.117759433061871	5.06347214186429E-11	5.12347997750196E-11	1.20512114716333	3.34624676994052E-12	1.04186267875873E-10	27.3558542086801	1E10	1E-30	1E-10	1E10	1E-30	1E-10	1E10	1E-30	1E-10
37	5.71894776063645E-09	1E10	1E10	1E-30	1.70564222035915E-10	1E10	1E-30	1E10	6.90652226739246E-02	6.27662144134722E-07	1E10	2443.99660077916	7.71672596092371E-07	1E10	169.083254123962	7.8292386991022E-07	1E10	15.7797674103938	5.02722889516255E-07	1E10	2.20597344532419	3.57202239922852E-07	1E10	0.306444589675869	3.65897107663809E-07	1E10	3.07872490793763E-02	1E-30	7.21701530596169E-11	0.214690133017288	3.91083541676408E-08	1.46537444477185E-11	4.69602718467106E-02	8.74595801440058E-09	2.53371896787418E-11	0.12526275626836	5.19659613242854E-12	1.46333989736719E-10	20.4983521205259	1.86023241842862E-12	1.61932791654931E-10	28.5628619346941	1E10	1E-30	1E-10	1E10	1E-30	1E-10	1E10	1E-30	1E-10	1E10	1E-30	1E-10
38	5.71894776063645E-09	1E10	1E10	1E-30	1.70564222035915E-10	1E10	1E-30	1E10	6.90652226739246E-02	6.27662144134722E-07	1E10	2443.99660077916	7.71672596092371E-07	1E10	169.083254123962	7.8292386991022E-07	1E10	15.7797674103938	5.02722889516255E-07	1E10	2.20597344532419	3.57202239922852E-07	1E10	0.306444589675869	3.65897107663809E-07	1E10	3.07872490793763E-02	1E-30	7.21701530596169E-11	0.214690133017288	3.91083541676408E-08	1.46537444477185E-11	4.69602718467106E-02	8.74595801440058E-09	2.53371896787418E-11	0.12526275626836	5.19659613242854E-12	1.46333989736719E-10	20.4983521205259	1.86023241842862E-12	1.61932791654931E-10	28.5628619346941	1E10	1E-30	1E-10	1E10	1E-30	1E-10	1E10	1E-30	1E-10	1E10	1E-30	1E-10
39	5.71894776063645E-09	1E10	1E10	1E-30	1.70564222035915E-10	1E10	1E-30	1E10	6.90652226739246E-02	6.27662144134722E-07	1E10	2443.99660077916	7.71672596092371E-07	1E10	169.083254123962	7.8292386991022E-07	1E10	15.7797674103938	5.02722889516255E-07	1E10	2.20597344532419	3.57202239922852E-07	1E10	0.306444589675869	3.65897107663809E-07	1E10	3.07872490793763E-02	1E-30	7.21701530596169E-11	0.214690133017288	3.91083541676408E-08	1.46537444477185E-11	4.69602718467106E-02	8.74595801440058E-09	2.53371896787418E-11	0.12526275626836	5.19659613242854E-12	1.46333989736719E-10	20.4983521205259	1.86023241842862E-12	1.61932791654931E-10	28.5628619346941	1E10	1E-30	1E-10	1E10	1E-30	1E-10	1E10	1E-30	1E-10	1E10	1E-30	1E-10
40	5.71894776063645E-09	1E10	1E10	1E-30	1.70564222035915E-10	1E10	1E-30	1E10	6.90652226739246E-02	6.27662144134722E-07	1E10	2443.99660077916	7.71672596092371E-07	1E10	169.083254123962	7.8292386991022E-07	1E10	15.7797674103938	5.02722889516255E-07	1E10	2.20597344532419	3.57202239922852E-07	1E10	0.306444589675869	3.65897107663809E-07	1E10	3.07872490793763E-02	1E-30	7.21701530596169E-11	0.214690133017288	3.91083541676408E-08	1.46537444477185E-11	4.69602718467106E-02	8.74595801440058E-09	2.53371896787418E-11	0.12526275626836	5.19659613242854E-12	1.46333989736719E-10	20.4983521205259	1.86023241842862E-12	1.61932791654931E-10	28.5628619346941	1E10	1E-30	1E-10	1E10	1E-30	1E-10	1E10	1E-30	1E-10	1E10	1E-30	1E-10
41	6.67404976728541E-09	1E10	1E10	1E-30	2.46389899425342E-10	1E10	1E-30	1E10	6.90196660695859E-02	9.03104733527537E-07	1E10	1915.51453687329	1.04090600636914E-06	1E10	205.251080572301	9.3225491012965E-07	1E10	23.0295500167541	7.68533354978547E-07	1E10	3.1997180327757	4.79380765599812E-07	1E10	0.580948500038032	3.82010784952745E-07	1E10	7.86791253094722E-02	1E-30	7.15245423003488E-11	0.239733087475503	5.75121491307817E-08	1.18412327521102E-11	4.99871571851393E-02	1.09445752234846E-08	2.56392711843869E-11	0.121823035859771	6.65971483870952E-12	1.05332490128802E-10	14.083796347102	4.91246660907899E-12	6.53634662858384E-11	13.3838009626433	1E10	1E-30	1E-10	1E10	1E-30	1E-10	1E10	1E-30	1E-10	1E10	1E-30	1E-10
42	6.67404976728541E-09	1E10	1E10	1E-30	2.46389899425342E-10	1E10	1E-30	1E10	6.90196660695859E-02	9.03104733527537E-07	1E10	1915.51453687329	1.04090600636914E-06	1E10	205.251080572301	9.3225491012965E-07	1E10	23.0295500167541	7.68533354978547E-07	1E10	3.1997180327757	4.79380765599812E-07	1E10	0.580948500038032	3.82010784952745E-07	1E10	7.86791253094722E-02	1E-30	7.15245423003488E-11	0.239733087475503	5.75121491307817E-08	1.18412327521102E-11	4.99871571851393E-02	1.09445752234846E-08	2.56392711843869E-11	0.121823035859771	6.65971483870952E-12	1.05332490128802E-10	14.083796347102	4.91246660907899E-12	6.53634662858384E-11	13.3838009626433	1E10	1E-30	1E-10	1E10	1E-30	1E-10	1E10	1E-30	1E-10	1E10	1E-30	1E-10
43	6.67404976728541E-09	1E10	1E10	1E-30	2.46389899425342E-10	1E10	1E-30	1E10	6.90196660695859E-02	9.03104733527537E-07	1E10	1915.51453687329	1.04090600636914E-06	1E10	205.251080572301	9.3225491012965E-07	1E10	23.0295500167541	7.68533354978547E-07	1E10	3.1997180327757	4.79380765599812E-07	1E10	0.580948500038032	3.82010784952745E-07	1E10	7.86791253094722E-02	1E-30	7.15245423003488E-11	0.239733087475503	5.75121491307817E-08	1.18412327521102E-11	4.99871571851393E-02	1.09445752234846E-08	2.56392711843869E-11	0.121823035859771	6.65971483870952E-12	1.05332490128802E-10	14.083796347102	4.91246660907899E-12	6.53634662858384E-11	13.3838009626433	1E10	1E-30	1E-10	1E10	1E-30	1E-10	1E10	1E-30	1E-10	1E10	1E-30	1E-10
44	6.67404976728541E-09	1E10	1E10	1E-30	2.46389899425342E-10	1E10	1E-30	1E10	6.90196660695859E-02	9.03104733527537E-07	1E10	1915.51453687329	1.04090600636914E-06	1E10	205.251080572301	9.3225491012965E-07	1E10	23.0295500167541	7.68533354978547E-07	1E10	3.1997180327757	4.79380765599812E-07	1E10	0.580948500038032	3.82010784952745E-07	1E10	7.86791253094722E-02	1E-30	7.15245423003488E-11	0.239733087475503	5.75121491307817E-08	1.18412327521102E-11	4.99871571851393E-02	1.09445752234846E-08	2.56392711843869E-11	0.121823035859771	6.65971483870952E-12	1.05332490128802E-10	14.083796347102	4.91246660907899E-12	6.53634662858384E-11	13.3838009626433	1E10	1E-30	1E-10	1E10	1E-30	1E-10	1E10	1E-30	1E-10	1E10	1E-30	1E-10
45	8.5200159815777E-09	1E10	1E10	1E-30	2.20303275162825E-10	1E10	1E-30	1E10	5.62953438683483E-02	1.05858046910779E-06	1E10	1909.30349218992	1.31766636964171E-06	1E10	132.091528878067	1.17745729502513E-06	1E10	16.2508082867547	9.3434035303704E-07	1E10	2.04585555143908	6.74324998604592E-07	1E10	0.299192573350176	5.39674178676364E-07	1E10	5.68264049729249E-02	1E-30	6.89205339538052E-11	0.197205905371925	6.20038863418315E-08	1.56298099348424E-11	5.65781727715191E-02	1.43342442951064E-08	2.9245085243415E-11	0.120005870458731	9.45840570601003E-09	1.29302734023858E-11	5.19668289199667E-02	5.64852232973977E-12	9.90292028639674E-11	12.4981821543089	4.58488254393664E-12	7.022316163348E-11	16.6200343653148	1E10	1E-30	1E-10	1E10	1E-30	1E-10	1E10	1E-30	1E-10
46	8.5200159815777E-09	1E10	1E10	1E-30	2.20303275162825E-10	1E10	1E-30	1E10	5.62953438683483E-02	1.05858046910779E-06	1E10	1909.30349218992	1.31766636964171E-06	1E10	132.091528878067	1.17745729502513E-06	1E10	16.2508082867547	9.3434035303704E-07	1E10	2.04585555143908	6.74324998604592E-07	1E10	0.299192573350176	5.39674178676364E-07	1E10	5.68264049729249E-02	1E-30	6.89205339538052E-11	0.197205905371925	6.20038863418315E-08	1.56298099348424E-11	5.65781727715191E-02	1.43342442951064E-08	2.9245085243415E-11	0.120005870458731	9.45840570601003E-09	1.29302734023858E-11	5.19668289199667E-02	5.64852232973977E-12	9.90292028639674E-11	12.4981821543089	4.58488254393664E-12	7.022316163348E-11	16.6200343653148	1E10	1E-30	1E-10	1E10	1E-30	1E-10	1E10	1E-30	1E-10
47	8.5200159815777E-09	1E10	1E10	1E-30	2.20303275162825E-10	1E10	1E-30	1E10	5.62953438683483E-02	1.05858046910779E-06	1E10	1909.30349218992	1.31766636964171E-06	1E10	132.091528878067	1.17745729502513E-06	1E10	16.2508082867547	9.3434035303704E-07	1E10	2.04585555143908	6.74324998604592E-07	1E10	0.299192573350176	5.39674178676364E-07	1E10	5.68264049729249E-02	1E-30	6.89205339538052E-11	0.197205905371925	6.20038863418315E-08	1.56298099348424E-11	5.65781727715191E-02	1.43342442951064E-08	2.9245085243415E-11	0.120005870458731	9.45840570601003E-09	1.29302734023858E-11	5.19668289199667E-02	5.64852232973977E-12	9.90292028639674E-11	12.4981821543089	4.58488254393664E-12	7.022316163348E-11	16.6200343653148	1E10	1E-30	1E-10	1E10	1E-30	1E-10	1E10	1E-30	1E-10
48	8.5200159815777E-09	1E10	1E10	1E-30	2.20303275162825E-10	1E10	1E-30	1E10	5.62953438683483E-02	1.05858046910779E-06	1E10	1909.30349218992	1.31766636964171E-06	1E10	132.091528878067	1.17745729502513E-06	1E10	16.2508082867547	9.3434035303704E-07	1E10	2.04585555143908	6.74324998604592E-07	1E10	0.299192573350176	5.39674178676364E-07	1E10	5.68264049729249E-02	1E-30	6.89205339538052E-11	0.197205905371925	6.20038863418315E-08	1.56298099348424E-11	5.65781727715191E-02	1.43342442951064E-08	2.9245085243415E-11	0.120005870458731	9.45840570601003E-09	1.29302734023858E-11	5.19668289199667E-02	5.64852232973977E-12	9.90292028639674E-11	12.4981821543089	4.58488254393664E-12	7.022316163348E-11	16.6200343653148	1E10	1E-30	1E-10	1E10	1E-30	1E-10	1E10	1E-30	1E-10
49	9.37427157251646E-09	1E10	1E10	1E-30	1.37850786522774E-10	1E10	1E-30	1E10	7.01454129723904E-02	1.10405912412376E-06	1E10	3346.35704968435	2.12850519748172E-06	1E10	272.00211279643	1.63734938590008E-06	1E10	63.7635190645293	1.3037306115103E-06	1E10	9.43131559074686	1.16745236704356E-06	1E10	1.33811877324511	7.85569696013633E-07	1E10	0.338465303380493	5.2203941432113E-07	1E10	5.53207280198992E-02	1E-30	1.36844623976978E-10	0.262832808953296	7.7991557515542E-08	1.48001904314461E-11	5.19147455516833E-02	1.61487266277133E-08	3.25414698495698E-11	9.36909217661484E-02	7.59120738162539E-12	6.68073171761451E-11	13.5205015055355	2.18932812353748E-12	1.46158484716996E-10	29.5796343303628	1E10	1E-30	1E-10	1E10	1E-30	1E-10	1E10	1E-30	1E-10
50	9.37427157251646E-09	1E10	1E10	1E-30	1.37850786522774E-10	1E10	1E-30	1E10	7.01454129723904E-02	1.10405912412376E-06	1E10	3346.35704968435	2.12850519748172E-06	1E10	272.00211279643	1.63734938590008E-06	1E10	63.7635190645293	1.3037306115103E-06	1E10	9.43131559074686	1.16745236704356E-06	1E10	1.33811877324511	7.85569696013633E-07	1E10	0.338465303380493	5.2203941432113E-07	1E10	5.53207280198992E-02	1E-30	1.36844623976978E-10	0.262832808953296	7.7991557515542E-08	1.48001904314461E-11	5.19147455516833E-02	1.61487266277133E-08	3.25414698495698E-11	9.36909217661484E-02	7.59120738162539E-12	6.68073171761451E-11	13.5205015055355	2.18932812353748E-12	1.46158484716996E-10	29.5796343303628	1E10	1E-30	1E-10	1E10	1E-30	1E-10	1E10	1E-30	1E-10
51	9.37427157251646E-09	1E10	1E10	1E-30	1.37850786522774E-10	1E10	1E-30	1E10	7.01454129723904E-02	1.10405912412376E-06	1E10	3346.35704968435	2.12850519748172E-06	1E10	272.00211279643	1.63734938590008E-06	1E10	63.7635190645293	1.3037306115103E-06	1E10	9.43131559074686	1.16745236704356E-06	1E10	1.33811877324511	7.85569696013633E-07	1E10	0.338465303380493	5.2203941432113E-07	1E10	5.53207280198992E-02	1E-30	1.36844623976978E-10	0.262832808953296	7.7991557515542E-08	1.48001904314461E-11	5.19147455516833E-02	1.61487266277133E-08	3.25414698495698E-11	9.36909217661484E-02	7.59120738162539E-12	6.68073171761451E-11	13.5205015055355	2.18932812353748E-12	1.46158484716996E-10	29.5796343303628	1E10	1E-30	1E-10	1E10	1E-30	1E-10	1E10	1E-30	1E-10
52	9.37427157251646E-09	1E10	1E10	1E-30	1.37850786522774E-10	1E10	1E-30	1E10	7.01454129723904E-02	1.10405912412376E-06	1E10	3346.35704968435	2.12850519748172E-06	1E10	272.00211279643	1.63734938590008E-06	1E10	63.7635190645293	1.3037306115103E-06	1E10	9.43131559074686	1.16745236704356E-06	1E10	1.33811877324511	7.85569696013633E-07	1E10	0.338465303380493	5.2203941432113E-07	1E10	5.53207280198992E-02	1E-30	1.36844623976978E-10	0.262832808953296	7.7991557515542E-08	1.48001904314461E-11	5.19147455516833E-02	1.61487266277133E-08	3.25414698495698E-11	9.36909217661484E-02	7.59120738162539E-12	6.68073171761451E-11	13.5205015055355	2.18932812353748E-12	1.46158484716996E-10	29.5796343303628	1E10	1E-30	1E-10	1E10	1E-30	1E-10	1E10	1E-30	1E-10
53	1.18322231346958E-08	1E10	1E10	1E-30	1.92166576877202E-10	1E10	1E-30	1E10	5.90656720818547E-02	1.37743287140478E-06	1E10	2548.57381763074	3.18376039760911E-06	1E10	180.425209038347	1.73382979775868E-06	1E10	59.744401812599	1.64256632344951E-06	1E10	6.70343213749677	1.14069755820051E-06	1E10	1.11309473530815	9.44846018209372E-07	1E10	0.145404297455979	8.11771496408196E-07	1E10	3.66138223847288E-02	1E-30	1.05450536217808E-10	0.171561506054551	1.35987006524077E-07	9.35201265663278E-12	3.13511103419587E-02	2.45708255124094E-08	2.32455451091667E-11	8.09850572015846E-02	3.61945236091646E-12	1.73620252724933E-10	20.8746412485015	5.34687159686173E-12	6.92984509290731E-11	23.2299132676512	1E10	1E-30	1E-10	1E10	1E-30	1E-10	1E10	1E-30	1E-10
54	1.18322231346958E-08	1E10	1E10	1E-30	1.92166576877202E-10	1E10	1E-30	1E10	5.90656720818547E-02	1.37743287140478E-06	1E10	2548.57381763074	3.18376039760911E-06	1E10	180.425209038347	1.73382979775868E-06	1E10	59.744401812599	1.64256632344951E-06	1E10	6.70343213749677	1.14069755820051E-06	1E10	1.11309473530815	9.44846018209372E-07	1E10	0.145404297455979	8.11771496408196E-07	1E10	3.66138223847288E-02	1E-30	1.05450536217808E-10	0.171561506054551	1.35987006524077E-07	9.35201265663278E-12	3.13511103419587E-02	2.45708255124094E-08	2.32455451091667E-11	8.09850572015846E-02	3.61945236091646E-12	1.73620252724933E-10	20.8746412485015	5.34687159686173E-12	6.92984509290731E-11	23.2299132676512	1E10	1E-30	1E-10	1E10	1E-30	1E-10	1E10	1E-30	1E-10
55	1.18322231346958E-08	1E10	1E10	1E-30	1.92166576877202E-10	1E10	1E-30	1E10	5.90656720818547E-02	1.37743287140478E-06	1E10	2548.57381763074	3.18376039760911E-06	1E10	180.425209038347	1.73382979775868E-06	1E10	59.744401812599	1.64256632344951E-06	1E10	6.70343213749677	1.14069755820051E-06	1E10	1.11309473530815	9.44846018209372E-07	1E10	0.145404297455979	8.11771496408196E-07	1E10	3.66138223847288E-02	1E-30	1.05450536217808E-10	0.171561506054551	1.35987006524077E-07	9.35201265663278E-12	3.13511103419587E-02	2.45708255124094E-08	2.32455451091667E-11	8.09850572015846E-02	3.61945236091646E-12	1.73620252724933E-10	20.8746412485015	5.34687159686173E-12	6.92984509290731E-11	23.2299132676512	1E10	1E-30	1E-10	1E10	1E-30	1E-10	1E10	1E-30	1E-10
56	1.18322231346958E-08	1E10	1E10	1E-30	1.92166576877202E-10	1E10	1E-30	1E10	5.90656720818547E-02	1.37743287140478E-06	1E10	2548.57381763074	3.18376039760911E-06	1E10	180.425209038347	1.73382979775868E-06	1E10	59.744401812599	1.64256632344951E-06	1E10	6.70343213749677	1.14069755820051E-06	1E10	1.11309473530815	9.44846018209372E-07	1E10	0.145404297455979	8.11771496408196E-07	1E10	3.66138223847288E-02	1E-30	1.05450536217808E-10	0.171561506054551	1.35987006524077E-07	9.35201265663278E-12	3.13511103419587E-02	2.45708255124094E-08	2.32455451091667E-11	8.09850572015846E-02	3.61945236091646E-12	1.73620252724933E-10	20.8746412485015	5.34687159686173E-12	6.92984509290731E-11	23.2299132676512	1E10	1E-30	1E-10	1E10	1E-30	1E-10	1E10	1E-30	1E-10
57	1.5032334623127E-08	1E10	1E10	1E-30	2.18002310419858E-10	1E10	1E-30	1E10	4.77913606599645E-02	1.87881059561243E-06	1E10	1966.44411198648	3.51201195460422E-06	1E10	205.911976780765	2.2132579394954E-06	1E10	49.3948428322076	2.03300536040333E-06	1E10	6.21844228530452	2.07535703707319E-06	1E10	0.730603263653686	1.28189052226455E-06	1E10	0.23839604897985	1.25099433653444E-06	1E10	4.94176264174469E-02	1E-30	9.13968435727765E-11	0.183131266987408	1.09981317578308E-07	1.65663222827463E-11	4.71803505449739E-02	2.54226199077319E-08	3.3038547716632E-11	9.63989494913176E-02	4.59025701300453E-08	5.6673321735035E-12	2.57586441954043E-02	8.37121191808511E-12	7.06246602831966E-11	11.4209317949061	3.5036715065645E-12	8.98018351302746E-11	17.659525741355	1E10	1E-30	1E-10	1E10	1E-30	1E-10
58	1.5032334623127E-08	1E10	1E10	1E-30	2.18002310419858E-10	1E10	1E-30	1E10	4.77913606599645E-02	1.87881059561243E-06	1E10	1966.44411198648	3.51201195460422E-06	1E10	205.911976780765	2.2132579394954E-06	1E10	49.3948428322076	2.03300536040333E-06	1E10	6.21844228530452	2.07535703707319E-06	1E10	0.730603263653686	1.28189052226455E-06	1E10	0.23839604897985	1.25099433653444E-06	1E10	4.94176264174469E-02	1E-30	9.13968435727765E-11	0.183131266987408	1.09981317578308E-07	1.65663222827463E-11	4.71803505449739E-02	2.54226199077319E-08	3.3038547716632E-11	9.63989494913176E-02	4.59025701300453E-08	5.6673321735035E-12	2.57586441954043E-02	8.37121191808511E-12	7.06246602831966E-11	11.4209317949061	3.5036715065645E-12	8.98018351302746E-11	17.659525741355	1E10	1E-30	1E-10	1E10	1E-30	1E-10
59	1.5032334623127E-08	1E10	1E10	1E-30	2.18002310419858E-10	1E10	1E-30	1E10	4.77913606599645E-02	1.87881059561243E-06	1E10	1966.44411198648	3.51201195460422E-06	1E10	205.911976780765	2.2132579394954E-06	1E10	49.3948428322076	2.03300536040333E-06	1E10	6.21844228530452	2.07535703707319E-06	1E10	0.730603263653686	1.28189052226455E-06	1E10	0.23839604897985	1.25099433653444E-06	1E10	4.94176264174469E-02	1E-30	9.13968435727765E-11	0.183131266987408	1.09981317578308E-07	1.65663222827463E-11	4.71803505449739E-02	2.54226199077319E-08	3.3038547716632E-11	9.63989494913176E-02	4.59025701300453E-08	5.6673321735035E-12	2.57586441954043E-02	8.37121191808511E-12	7.06246602831966E-11	11.4209317949061	3.5036715065645E-12	8.98018351302746E-11	17.659525741355	1E10	1E-30	1E-10	1E10	1E-30	1E-10
60	1.5032334623127E-08	1E10	1E10	1E-30	2.18002310419858E-10	1E10	1E-30	1E10	4.77913606599645E-02	1.87881059561243E-06	1E10	1966.44411198648	3.51201195460422E-06	1E10	205.911976780765	2.2132579394954E-06	1E10	49.3948428322076	2.03300536040333E-06	1E10	6.21844228530452	2.07535703707319E-06	1E10	0.730603263653686	1.28189052226455E-06	1E10	0.23839604897985	1.25099433653444E-06	1E10	4.94176264174469E-02	1E-30	9.13968435727765E-11	0.183131266987408	1.09981317578308E-07	1.65663222827463E-11	4.71803505449739E-02	2.54226199077319E-08	3.3038547716632E-11	9.63989494913176E-02	4.59025701300453E-08	5.6673321735035E-12	2.57586441954043E-02	8.37121191808511E-12	7.06246602831966E-11	11.4209317949061	3.5036715065645E-12	8.98018351302746E-11	17.659525741355	1E10	1E-30	1E-10	1E10	1E-30	1E-10
61	1.7869916039729E-08	1E10	1E10	1E-30	2.37579629038692E-10	1E10	1E-30	1E10	3.99683555819158E-02	2.60337736068066E-06	1E10	1528.35068683899	3.50763647040263E-06	1E10	206.168834812926	2.61028010471219E-06	1E10	34.2155098977189	2.47500842097013E-06	1E10	3.92846616004284	2.06455554004474E-06	1E10	0.539904040534509	1.69049889792555E-06	1E10	0.11746903135776	1.58826137753535E-06	1E10	3.29394210837324E-02	1E-30	1.09051059628856E-10	0.186356390385218	1.14449170255511E-07	2.02989828259489E-11	5.51868986749638E-02	2.80229315600047E-08	3.88887007344719E-11	9.98523386323469E-02	4.39645503045273E-12	8.63703201334491E-11	10.8082849806035	1E10	1E-30	1E-10	1E10	1E-30	1E-10	1E10	1E-30	1E-10	1E10	1E-30	1E-10
62	1.7869916039729E-08	1E10	1E10	1E-30	2.37579629038692E-10	1E10	1E-30	1E10	3.99683555819158E-02	2.60337736068066E-06	1E10	1528.35068683899	3.50763647040263E-06	1E10	206.168834812926	2.61028010471219E-06	1E10	34.2155098977189	2.47500842097013E-06	1E10	3.92846616004284	2.06455554004474E-06	1E10	0.539904040534509	1.69049889792555E-06	1E10	0.11746903135776	1.58826137753535E-06	1E10	3.29394210837324E-02	1E-30	1.09051059628856E-10	0.186356390385218	1.14449170255511E-07	2.02989828259489E-11	5.51868986749638E-02	2.80229315600047E-08	3.88887007344719E-11	9.98523386323469E-02	4.39645503045273E-12	8.63703201334491E-11	10.8082849806035	1E10	1E-30	1E-10	1E10	1E-30	1E-10	1E10	1E-30	1E-10	1E10	1E-30	1E-10
63	1.7869916039729E-08	1E10	1E10	1E-30	2.37579629038692E-10	1E10	1E-30	1E10	3.99683555819158E-02	2.60337736068066E-06	1E10	1528.35068683899	3.50763647040263E-06	1E10	206.168834812926	2.61028010471219E-06	1E10	34.2155098977189	2.47500842097013E-06	1E10	3.92846616004284	2.06455554004474E-06	1E10	0.539904040534509	1.69049889792555E-06	1E10	0.11746903135776	1.58826137753535E-06	1E10	3.29394210837324E-02	1E-30	1.09051059628856E-10	0.186356390385218	1.14449170255511E-07	2.02989828259489E-11	5.51868986749638E-02	2.80229315600047E-08	3.88887007344719E-11	9.98523386323469E-02	4.39645503045273E-12	8.63703201334491E-11	10.8082849806035	1E10	1E-30	1E-10	1E10	1E-30	1E-10	1E10	1E-30	1E-10	1E10	1E-30	1E-10
64	1.7869916039729E-08	1E10	1E10	1E-30	2.37579629038692E-10	1E10	1E-30	1E10	3.99683555819158E-02	2.60337736068066E-06	1E10	1528.35068683899	3.50763647040263E-06	1E10	206.168834812926	2.61028010471219E-06	1E10	34.2155098977189	2.47500842097013E-06	1E10	3.92846616004284	2.06455554004474E-06	1E10	0.539904040534509	1.69049889792555E-06	1E10	0.11746903135776	1.58826137753535E-06	1E10	3.29394210837324E-02	1E-30	1.09051059628856E-10	0.186356390385218	1.14449170255511E-07	2.02989828259489E-11	5.51868986749638E-02	2.80229315600047E-08	3.88887007344719E-11	9.98523386323469E-02	4.39645503045273E-12	8.63703201334491E-11	10.8082849806035	1E10	1E-30	1E-10	1E10	1E-30	1E-10	1E10	1E-30	1E-10	1E10	1E-30	1E-10
65	2.08568053466221E-08	1E10	1E10	1E-30	1.56976270836888E-10	1E10	1E-30	1E10	5.42759921608112E-02	2.39301435177677E-06	1E10	1433.58139729142	5.53114745717303E-06	1E10	130.744177342877	4.21199428190682E-06	1E10	33.6064282063716	3.82605650890459E-06	1E10	9.04528711531203	2.36231486906475E-06	1E10	1.72354392809261	1.33488792467094E-06	1E10	0.306563134373846	1.32088666500302E-06	1E10	3.53114928386372E-02	1E-30	1.39668817833286E-10	0.208861489120382	9.74117592003074E-08	2.61740196798876E-11	0.0563867355001	2.72027811124843E-08	4.42221864479856E-11	9.63029593729712E-02	5.71690183989836E-11	9.79125616973613E-12	4.02702897863399	2.34251046844062E-12	1.32962165983401E-10	24.7919787608719	1E10	1E-30	1E-10	1E10	1E-30	1E-10	1E10	1E-30	1E-10
66	2.08568053466221E-08	1E10	1E10	1E-30	1.56976270836888E-10	1E10	1E-30	1E10	5.42759921608112E-02	2.39301435177677E-06	1E10	1433.58139729142	5.53114745717303E-06	1E10	130.744177342877	4.21199428190682E-06	1E10	33.6064282063716	3.82605650890459E-06	1E10	9.04528711531203	2.36231486906475E-06	1E10	1.72354392809261	1.33488792467094E-06	1E10	0.306563134373846	1.32088666500302E-06	1E10	3.53114928386372E-02	1E-30	1.39668817833286E-10	0.208861489120382	9.74117592003074E-08	2.61740196798876E-11	0.0563867355001	2.72027811124843E-08	4.42221864479856E-11	9.63029593729712E-02	5.71690183989836E-11	9.79125616973613E-12	4.02702897863399	2.34251046844062E-12	1.32962165983401E-10	24.7919787608719	1E10	1E-30	1E-10	1E10	1E-30	1E-10	1E10	1E-30	1E-10
67	2.08568053466221E-08	1E10	1E10	1E-30	1.56976270836888E-10	1E10	1E-30	1E10	5.42759921608112E-02	2.39301435177677E-06	1E10	1433.58139729142	5.53114745717303E-06	1E10	130.744177342877	4.21199428190682E-06	1E10	33.6064282063716	3.82605650890459E-06	1E10	9.04528711531203	2.36231486906475E-06	1E10	1.72354392809261	1.33488792467094E-06	1E10	0.306563134373846	1.32088666500302E-06	1E10	3.53114928386372E-02	1E-30	1.39668817833286E-10	0.208861489120382	9.74117592003074E-08	2.61740196798876E-11	0.0563867355001	2.72027811124843E-08	4.42221864479856E-11	9.63029593729712E-02	5.71690183989836E-11	9.79125616973613E-12	4.02702897863399	2.34251046844062E-12	1.32962165983401E-10	24.7919787608719	1E10	1E-30	1E-10	1E10	1E-30	1E-10	1E10	1E-30	1E-10
68	2.08568053466221E-08	1E10	1E10	1E-30	1.56976270836888E-10	1E10	1E-30	1E10	5.42759921608112E-02	2.39301435177677E-06	1E10	1433.58139729142	5.53114745717303E-06	1E10	130.744177342877	4.21199428190682E-06	1E10	33.6064282063716	3.82605650890459E-06	1E10	9.04528711531203	2.36231486906475E-06	1E10	1.72354392809261	1.33488792467094E-06	1E10	0.306563134373846	1.32088666500302E-06	1E10	3.53114928386372E-02	1E-30	1.39668817833286E-10	0.208861489120382	9.74117592003074E-08	2.61740196798876E-11	0.0563867355001	2.72027811124843E-08	4.42221864479856E-11	9.63029593729712E-02	5.71690183989836E-11	9.79125616973613E-12	4.02702897863399	2.34251046844062E-12	1.32962165983401E-10	24.7919787608719	1E10	1E-30	1E-10	1E10	1E-30	1E-10	1E10	1E-30	1E-10
69	2.65567145083786E-08	1E10	1E10	1E-30	1.55047662602608E-10	1E10	1E-30	1E10	3.73342576196607E-02	2.87454707397685E-06	1E10	1315.21024600002	5.27761309660844E-06	1E10	151.006340697473	3.35976186334828E-06	1E10	33.0365877150983	3.92480914294084E-06	1E10	3.62238981045771	3.34083436083292E-06	1E10	0.909903181452729	1.80952304166118E-06	1E10	0.23220704600962	1.85482104787326E-06	1E10	0.031019793759278	1E-30	1.00426794372363E-10	0.138112644064565	1.28430481231783E-07	1.97858322165784E-11	2.60312803570583E-02	4.22998657813897E-08	3.0916939787285E-11	6.55651458256135E-02	4.25996983306442E-12	1.83015072656857E-10	24.0188171575561	2.63962918125228E-12	1.42683620240738E-10	31.5858816431234	1E10	1E-30	1E-10	1E10	1E-30	1E-10	1E10	1E-30	1E-10
70	2.65567145083786E-08	1E10	1E10	1E-30	1.55047662602608E-10	1E10	1E-30	1E10	3.73342576196607E-02	2.87454707397685E-06	1E10	1315.21024600002	5.27761309660844E-06	1E10	151.006340697473	3.35976186334828E-06	1E10	33.0365877150983	3.92480914294084E-06	1E10	3.62238981045771	3.34083436083292E-06	1E10	0.909903181452729	1.80952304166118E-06	1E10	0.23220704600962	1.85482104787326E-06	1E10	0.031019793759278	1E-30	1.00426794372363E-10	0.138112644064565	1.28430481231783E-07	1.97858322165784E-11	2.60312803570583E-02	4.22998657813897E-08	3.0916939787285E-11	6.55651458256135E-02	4.25996983306442E-12	1.83015072656857E-10	24.0188171575561	2.63962918125228E-12	1.42683620240738E-10	31.5858816431234	1E10	1E-30	1E-10	1E10	1E-30	1E-10	1E10	1E-30	1E-10
71	3.34972978750626E-08	1E10	1E10	1E-30	1.52323769771176E-10	1E10	1E-30	1E10	3.17911528751126E-02	3.76867948096786E-06	1E10	980.337025724209	7.98461153046259E-06	1E10	89.4077993682412	5.12312230732432E-06	1E10	27.6296514018767	4.87302154236108E-06	1E10	4.4810047630071	3.65720282890925E-06	1E10	0.87036432233846	2.21868210566771E-06	1E10	0.16423435753729	1.91643538876105E-06	1E10	2.56415743737461E-02	1E-30	1.06305439508522E-10	0.125297953227267	4.84040619762099E-07	8.35121186409991E-12	0.01325342486374	3.75771371584287E-08	4.83680023531989E-11	6.34642510856926E-02	5.10443506637478E-12	1.3631010836627E-10	19.3299614386073	2.35846967058323E-12	1.51368589599241E-10	37.9578870234624	1E10	1E-30	1E-10	1E10	1E-30	1E-10	1E10	1E-30	1E-10
72	3.34972978750626E-08	1E10	1E10	1E-30	1.52323769771176E-10	1E10	1E-30	1E10	3.17911528751126E-02	3.76867948096786E-06	1E10	980.337025724209	7.98461153046259E-06	1E10	89.4077993682412	5.12312230732432E-06	1E10	27.6296514018767	4.87302154236108E-06	1E10	4.4810047630071	3.65720282890925E-06	1E10	0.87036432233846	2.21868210566771E-06	1E10	0.16423435753729	1.91643538876105E-06	1E10	2.56415743737461E-02	1E-30	1.06305439508522E-10	0.125297953227267	4.84040619762099E-07	8.35121186409991E-12	0.01325342486374	3.75771371584287E-08	4.83680023531989E-11	6.34642510856926E-02	5.10443506637478E-12	1.3631010836627E-10	19.3299614386073	2.35846967058323E-12	1.51368589599241E-10	37.9578870234624	1E10	1E-30	1E-10	1E10	1E-30	1E-10	1E10	1E-30	1E-10
73	4.15304626780575E-08	1E10	1E10	1E-30	2.09175483610683E-10	1E10	1E-30	1E10	2.98089815414481E-02	4.90576199349286E-06	1E10	753.109514522	8.32113376692241E-06	1E10	67.1209561335182	7.18205963477426E-06	1E10	14.3502059624604	6.4583106381785E-06	1E10	3.28744226499558	4.56002238000117E-06	1E10	0.610680327412077	3.91531992776529E-06	1E10	0.122698012128443	2.06271753264736E-06	1E10	3.54286218304321E-02	1E-30	1.38855390809049E-10	0.132393842264755	2.89096312645965E-07	1.97386584031932E-11	2.60281574067618E-02	7.20811070736106E-08	3.57668516272423E-11	5.52168091321476E-02	5.70698777086838E-12	9.59634464737638E-11	16.0005611237952	3.74223124839006E-12	9.10536103871932E-11	28.6982692534435	1E10	1E-30	1E-10	1E10	1E-30	1E-10	1E10	1E-30	1E-10
74	4.15304626780575E-08	1E10	1E10	1E-30	2.09175483610683E-10	1E10	1E-30	1E10	2.98089815414481E-02	4.90576199349286E-06	1E10	753.109514522	8.32113376692241E-06	1E10	67.1209561335182	7.18205963477426E-06	1E10	14.3502059624604	6.4583106381785E-06	1E10	3.28744226499558	4.56002238000117E-06	1E10	0.610680327412077	3.91531992776529E-06	1E10	0.122698012128443	2.06271753264736E-06	1E10	3.54286218304321E-02	1E-30	1.38855390809049E-10	0.132393842264755	2.89096312645965E-07	1.97386584031932E-11	2.60281574067618E-02	7.20811070736106E-08	3.57668516272423E-11	5.52168091321476E-02	5.70698777086838E-12	9.59634464737638E-11	16.0005611237952	3.74223124839006E-12	9.10536103871932E-11	28.6982692534435	1E10	1E-30	1E-10	1E10	1E-30	1E-10	1E10	1E-30	1E-10
75	4.98365236442913E-08	1E10	1E10	1E-30	2.00935553899912E-10	1E10	1E-30	1E10	2.58282680259418E-02	6.68306219332987E-06	1E10	592.364612180136	1.10218646118311E-05	1E10	71.2178905550114	6.66695895840052E-06	1E10	18.3058165540295	7.53432954350867E-06	1E10	1.91685431091071	5.07377679512546E-06	1E10	0.427190488662776	2.8298565728502E-06	1E10	7.63246998375049E-02	3.42827046867893E-06	1E10	9.8735454386732E-03	1E-30	1.57645100293699E-10	0.127696353120277	1E-30	4.41409300314063E-12	4.67733069755133E-02	3.09504106674601E-07	2.23426628044511E-11	3.08503960324734E-02	1.02447958431797E-07	3.47469181277075E-11	5.60453119283794E-02	2.53773855400376E-12	1.47532767713825E-10	30.4802969090003	1E10	1E-30	1E-10	1E10	1E-30	1E-10	1E10	1E-30	1E-10
76	4.98365236442913E-08	1E10	1E10	1E-30	2.00935553899912E-10	1E10	1E-30	1E10	2.58282680259418E-02	6.68306219332987E-06	1E10	592.364612180136	1.10218646118311E-05	1E10	71.2178905550114	6.66695895840052E-06	1E10	18.3058165540295	7.53432954350867E-06	1E10	1.91685431091071	5.07377679512546E-06	1E10	0.427190488662776	2.8298565728502E-06	1E10	7.63246998375049E-02	3.42827046867893E-06	1E10	9.8735454386732E-03	1E-30	1.57645100293699E-10	0.127696353120277	1E-30	4.41409300314063E-12	4.67733069755133E-02	3.09504106674601E-07	2.23426628044511E-11	3.08503960324734E-02	1.02447958431797E-07	3.47469181277075E-11	5.60453119283794E-02	2.53773855400376E-12	1.47532767713825E-10	30.4802969090003	1E10	1E-30	1E-10	1E10	1E-30	1E-10	1E10	1E-30	1E-10
END DSCRDATA
