BEGIN DSCRDATA
% INDEX	K01	L01	M01	K02	L02	M02	K03	L03	M03	K04	L04	M04	K05	L05	M05	K06	L06	M06	K07	L07	M07	K08	L08	M08	K09	L09	M09	K10	L10	M10	K11	L11	M11	K12	L12	M12	K13	L13	M13	K14	L14	M14	K15	L15	M15	K16	L16	M16	K17	L17	M17	K18	L18	M18
0	0	0	0	0	0	0	0	0	0	0	0	0	0	0	0	0	0	0	0	0	0	0	0	0	0	0	0	0	0	0	0	0	0	0	0	0	0	0	0	0	0	0	0	0	0	0	0	0	0	0	0	0	0	0
1	2.36304713633783E-10	1E10	1E10	1E-30	1.63775373857071E-11	1E10	1E-30	1E10	0.499328896962652	1.35686989844296E-08	1E10	124308.959130066	4.06288567449669E-08	1E10	3195.2322430831	3.47326537982593E-08	1E10	298.196423290252	2.542231285187E-08	1E10	41.0020293833268	1.43574403430947E-08	1E10	6.3085802894705	8.21916445784312E-09	1E10	1.16115891896427	4.09280968876412E-09	1E10	0.650719766222536	1.52346051414115E-09	1E10	0.479289058939727	4.99675087449463E-12	2.7235235302729E-10	16.9572453765513	4.88387976643978E-13	3.05530003597078E-10	21.8451637542928	1E10	1E-30	1E-10	1E10	1E-30	1E-10	1E10	1E-30	1E-10	1E10	1E-30	1E-10	1E10	1E-30	1E-10
2	2.36304713633783E-10	1E10	1E10	1E-30	1.63775373857071E-11	1E10	1E-30	1E10	0.499328896962652	1.35686989844296E-08	1E10	124308.959130066	4.06288567449669E-08	1E10	3195.2322430831	3.47326537982593E-08	1E10	298.196423290252	2.542231285187E-08	1E10	41.0020293833268	1.43574403430947E-08	1E10	6.3085802894705	8.21916445784312E-09	1E10	1.16115891896427	4.09280968876412E-09	1E10	0.650719766222536	1.52346051414115E-09	1E10	0.479289058939727	4.99675087449463E-12	2.7235235302729E-10	16.9572453765513	4.88387976643978E-13	3.05530003597078E-10	21.8451637542928	1E10	1E-30	1E-10	1E10	1E-30	1E-10	1E10	1E-30	1E-10	1E10	1E-30	1E-10	1E10	1E-30	1E-10
3	4.87201552629742E-10	1E10	1E10	1E-30	1.05193573104725E-10	1E10	1E-30	1E10	0.350310302466754	3.51461098965667E-08	1E10	35120.0778278585	1.01240588280053E-07	1E10	1398.15548136673	8.78715369960272E-08	1E10	184.312788486127	7.02744179896915E-08	1E10	34.5719375599451	4.14950778501266E-08	1E10	6.35994005033619	1.61721632097357E-08	1E10	1.29567972544486	4.0472553015792E-09	1E10	0.415197709787465	3.03300727852889E-09	1.04727997591706E-11	0.180678102458187	3.72155790006637E-10	3.5062229509105E-11	0.521247283220867	1.47122315428454E-12	3.66178152899875E-10	18.1846015188359	1E10	1E-30	1E-10	1E10	1E-30	1E-10	1E10	1E-30	1E-10	1E10	1E-30	1E-10	1E10	1E-30	1E-10
4	7.13184437458185E-10	1E10	1E10	1E-30	8.08786023229633E-11	1E10	1E-30	1E10	0.250802707303764	2.91895560245765E-08	1E10	162404.868509199	1.37367755376476E-07	1E10	1952.53597417327	1.07042919915575E-07	1E10	209.217999049758	8.53534514494686E-08	1E10	22.4181124984999	5.27928676743013E-08	1E10	3.29459406889665	2.29117218313643E-08	1E10	0.685112217805302	4.28851076694783E-09	1E10	0.325241698085753	2.98035169129957E-09	1.72433166816597E-11	0.175957998625945	4.61962826008554E-10	4.05261921810905E-11	0.471606417217663	7.35619622726858E-12	1.25712295827856E-10	11.7470971644578	1.0574051825677E-12	2.62197424706729E-10	23.535805667718	1E10	1E-30	1E-10	1E10	1E-30	1E-10	1E10	1E-30	1E-10	1E10	1E-30	1E-10
5	1.0175676197528E-09	1E10	1E10	1E-30	4.66954450729933E-11	1E10	1E-30	1E10	0.310681521001403	1.01947411854021E-07	1E10	13908.7161515356	1.64394276299421E-07	1E10	553.715963311957	1.38660688831269E-07	1E10	65.0559531426205	9.91450102519622E-08	1E10	8.62083374368845	4.30556114152828E-08	1E10	1.52724432039338	1.2758260111808E-08	1E10	0.323028403544263	1E-30	5.08141604519252E-11	2.87666504994477	1.78305540038139E-11	1.84435239481404E-10	3.29093919956986	6.07359638540866E-12	1.34464521708015E-10	14.0354679361343	1.74437806589209E-12	1.77175104729578E-10	18.5535278878458	1E10	1E-30	1E-10	1E10	1E-30	1E-10	1E10	1E-30	1E-10	1E10	1E-30	1E-10	1E10	1E-30	1E-10
6	1.51894057534405E-09	1E10	1E10	1E-30	7.18323561363046E-11	1E10	1E-30	1E10	0.262537108166852	1.45670535348429E-07	1E10	11782.662646596	2.73059311398424E-07	1E10	491.183131312545	2.25192328266586E-07	1E10	70.9975632718672	1.65447687705061E-07	1E10	9.31405923359086	1.11393711755953E-07	1E10	1.31947157737837	3.12349237151622E-08	1E10	0.360990750739144	7.30565467829449E-09	9.27005809192579E-12	6.64925851750343E-02	7.49497630642577E-10	4.29216557308174E-11	0.319860252317641	4.20590480256121E-11	8.51883572075352E-11	1.96655629466498	4.72276277735665E-12	1.50381960152621E-10	14.5589386561945	2.14488905718385E-12	1.79967894520688E-10	19.0731024125826	1E10	1E-30	1E-10	1E10	1E-30	1E-10	1E10	1E-30	1E-10	1E10	1E-30	1E-10
7	1.51894057534405E-09	1E10	1E10	1E-30	7.18323561363046E-11	1E10	1E-30	1E10	0.262537108166852	1.45670535348429E-07	1E10	11782.662646596	2.73059311398424E-07	1E10	491.183131312545	2.25192328266586E-07	1E10	70.9975632718672	1.65447687705061E-07	1E10	9.31405923359086	1.11393711755953E-07	1E10	1.31947157737837	3.12349237151622E-08	1E10	0.360990750739144	7.30565467829449E-09	9.27005809192579E-12	6.64925851750343E-02	7.49497630642577E-10	4.29216557308174E-11	0.319860252317641	4.20590480256121E-11	8.51883572075352E-11	1.96655629466498	4.72276277735665E-12	1.50381960152621E-10	14.5589386561945	2.14488905718385E-12	1.79967894520688E-10	19.0731024125826	1E10	1E-30	1E-10	1E10	1E-30	1E-10	1E10	1E-30	1E-10	1E10	1E-30	1E-10
8	2.22462996667995E-09	1E10	1E10	1E-30	3.97242332779451E-11	1E10	1E-30	1E10	0.146030740694268	1.81077648410551E-07	1E10	18010.8646009801	3.38484481275148E-07	1E10	610.287621705655	3.51791685061411E-07	1E10	61.0287621705655	3.03437313411561E-07	1E10	9.67240697084576	1.79339744833777E-07	1E10	1.95350102169766	1.01880843674217E-07	1E10	0.373215793701276	2.99826874317762E-08	1E10	0.11799343412135	1E-30	1.75486364081055E-10	1.66539557022198	2.08536809824641E-09	2.08856810040586E-11	0.190123507888654	7.82694016199881E-12	7.82597179149037E-11	11.7654058295532	1.72602750610966E-12	1.96159628450579E-10	27.8677524764114	1E10	1E-30	1E-10	1E10	1E-30	1E-10	1E10	1E-30	1E-10	1E10	1E-30	1E-10
9	3.51816590596392E-09	1E10	1E10	1E-30	1.9024339560921E-10	1E10	1E-30	1E10	0.145950877293539	3.94784375355304E-07	1E10	4359.80010614014	5.77661896784276E-07	1E10	239.588836017281	6.25931916788934E-07	1E10	35.4377857064618	4.00270472636808E-07	1E10	6.59882449158179	2.47466474904362E-07	1E10	0.954844148159317	1.39138802145252E-07	1E10	0.16776473805995	1.43504140418525E-07	1E10	5.29915606197282E-02	1.0403294966759E-08	1.77058625746057E-11	7.96394194784082E-02	1.80878400307671E-09	3.29528706629953E-11	0.231643475239035	3.48595367688308E-11	1.07876282278214E-10	1.38951429392935	3.1106981174819E-12	1.38221348984175E-10	18.5854409845894	1E10	1E-30	1E-10	1E10	1E-30	1E-10	1E10	1E-30	1E-10	1E10	1E-30	1E-10
10	3.51816590596392E-09	1E10	1E10	1E-30	1.9024339560921E-10	1E10	1E-30	1E10	0.145950877293539	3.94784375355304E-07	1E10	4359.80010614014	5.77661896784276E-07	1E10	239.588836017281	6.25931916788934E-07	1E10	35.4377857064618	4.00270472636808E-07	1E10	6.59882449158179	2.47466474904362E-07	1E10	0.954844148159317	1.39138802145252E-07	1E10	0.16776473805995	1.43504140418525E-07	1E10	5.29915606197282E-02	1.0403294966759E-08	1.77058625746057E-11	7.96394194784082E-02	1.80878400307671E-09	3.29528706629953E-11	0.231643475239035	3.48595367688308E-11	1.07876282278214E-10	1.38951429392935	3.1106981174819E-12	1.38221348984175E-10	18.5854409845894	1E10	1E-30	1E-10	1E10	1E-30	1E-10	1E10	1E-30	1E-10	1E10	1E-30	1E-10
11	4.10872483922159E-09	1E10	1E10	1E-30	1.33705592471046E-10	1E10	1E-30	1E10	0.203852044384817	4.07693781277109E-07	1E10	5798.22561346615	7.11604302347496E-07	1E10	277.520526068079	6.68182682410945E-07	1E10	35.7515693292846	4.7700729575322E-07	1E10	6.21291068095215	3.17890154174783E-07	1E10	0.907786448216861	1.30572606483801E-07	1E10	0.208221325623496	1.66152351195796E-07	1E10	1.35274740411787E-02	1.21398494671088E-08	2.17730355132316E-11	8.46299800971291E-02	2.19578513506872E-09	3.69983350376382E-11	0.21953627530226	4.17313251587885E-11	9.51926070522022E-11	1.21139268313268	2.2949643914427E-12	1.83934864223856E-10	24.4985183831535	1E10	1E-30	1E-10	1E10	1E-30	1E-10	1E10	1E-30	1E-10	1E10	1E-30	1E-10
12	4.10872483922159E-09	1E10	1E10	1E-30	1.33705592471046E-10	1E10	1E-30	1E10	0.203852044384817	4.07693781277109E-07	1E10	5798.22561346615	7.11604302347496E-07	1E10	277.520526068079	6.68182682410945E-07	1E10	35.7515693292846	4.7700729575322E-07	1E10	6.21291068095215	3.17890154174783E-07	1E10	0.907786448216861	1.30572606483801E-07	1E10	0.208221325623496	1.66152351195796E-07	1E10	1.35274740411787E-02	1.21398494671088E-08	2.17730355132316E-11	8.46299800971291E-02	2.19578513506872E-09	3.69983350376382E-11	0.21953627530226	4.17313251587885E-11	9.51926070522022E-11	1.21139268313268	2.2949643914427E-12	1.83934864223856E-10	24.4985183831535	1E10	1E-30	1E-10	1E10	1E-30	1E-10	1E10	1E-30	1E-10	1E10	1E-30	1E-10
13	4.76951605094206E-09	1E10	1E10	1E-30	1.67323016816651E-10	1E10	1E-30	1E10	8.01961133462009E-02	4.77391910248075E-07	1E10	6766.47588137627	7.34386001907878E-07	1E10	263.246459037033	6.57048994862139E-07	1E10	27.5652882430989	4.91425392830274E-07	1E10	3.16491855239195	3.89039959239445E-07	1E10	0.408991536735468	2.13819503317061E-07	1E10	0.117379592634258	1.16162821345932E-07	1E10	2.55325859912213E-02	1E-30	1.21367882550049E-10	1.03797958245437	2.27536283744299E-08	1.24086356259845E-11	0.073543583776054	3.46721547991928E-09	2.80033586981436E-11	0.185582301275866	7.01524788562639E-10	6.84593975525703E-12	0.15897699902802	3.69151108541676E-12	1.17013462495486E-10	16.0847431839974	1E10	1E-30	1E-10	1E10	1E-30	1E-10	1E10	1E-30	1E-10
14	4.76951605094206E-09	1E10	1E10	1E-30	1.67323016816651E-10	1E10	1E-30	1E10	8.01961133462009E-02	4.77391910248075E-07	1E10	6766.47588137627	7.34386001907878E-07	1E10	263.246459037033	6.57048994862139E-07	1E10	27.5652882430989	4.91425392830274E-07	1E10	3.16491855239195	3.89039959239445E-07	1E10	0.408991536735468	2.13819503317061E-07	1E10	0.117379592634258	1.16162821345932E-07	1E10	2.55325859912213E-02	1E-30	1.21367882550049E-10	1.03797958245437	2.27536283744299E-08	1.24086356259845E-11	0.073543583776054	3.46721547991928E-09	2.80033586981436E-11	0.185582301275866	7.01524788562639E-10	6.84593975525703E-12	0.15897699902802	3.69151108541676E-12	1.17013462495486E-10	16.0847431839974	1E10	1E-30	1E-10	1E10	1E-30	1E-10	1E10	1E-30	1E-10
15	6.93748821112568E-09	1E10	1E10	1E-30	1.07244805542755E-10	1E10	1E-30	1E10	7.65133574312004E-02	7.17408503960832E-07	1E10	3223.02282944939	1.13657181502913E-06	1E10	198.729976752395	8.38603653049196E-07	1E10	26.8079362297283	7.24449795497749E-07	1E10	2.77613491770435	4.74276786562604E-07	1E10	0.420746660774409	1.77654773344027E-07	1E10	7.98263587628258E-02	2.41256934854194E-08	2.31643171563864E-11	7.55171177509495E-02	4.98887421996494E-09	3.88146434069807E-11	0.168584635140528	2.7231800413854E-09	1.85499231361478E-11	0.119591959714571	3.31560273713282E-11	1.31385947246237E-10	1.76346092909505	1.62716722184746E-12	1.91040042444645E-10	25.4599649562544	1E10	1E-30	1E-10	1E10	1E-30	1E-10	1E10	1E-30	1E-10	1E10	1E-30	1E-10
16	1.02219621207065E-08	1E10	1E10	1E-30	7.76225955781919E-11	1E10	1E-30	1E10	0.083667259985007	1.07549298800766E-06	1E10	3699.58114247512	3.85014104851669E-06	1E10	198.679270676092	1.70429358644352E-06	1E10	88.7467703115306	1.62735072100084E-06	1E10	11.1725564359846	1.35212112668332E-06	1E10	1.69171805401841	7.40450024444053E-07	1E10	0.327257436446004	5.10196012819811E-07	1E10	6.10375235204172E-02	1E-30	5.98126120035557E-11	0.136606891619383	5.75054535147967E-08	1.88345466590528E-11	7.58022624017394E-02	9.84810930888832E-09	4.1071073545783E-11	0.111784946260609	2.92005753431527E-11	1.76651204400671E-10	3.20167157304604	1.68182009525826E-12	2.45972502018623E-10	32.4259089712276	1E10	1E-30	1E-10	1E10	1E-30	1E-10	1E10	1E-30	1E-10
17	1.44024230323285E-08	1E10	1E10	1E-30	1.43246536667445E-10	1E10	1E-30	1E10	0.080918240928451	1.82079047845783E-06	1E10	2029.10553245484	2.66282335543774E-06	1E10	217.422575038979	2.28671611602013E-06	1E10	49.8086344138272	1.67022996457347E-06	1E10	8.14133164572314	1.2089235615405E-06	1E10	1.0884186515557	7.03039893264783E-07	1E10	0.178421166454056	1E-30	3.06050774166517E-11	0.103942149131	7.3187173397361E-08	1.39620459826107E-11	0.03212170250562	7.10521383381942E-09	4.16555577536773E-11	9.79845685117638E-02	1.08759530585684E-11	2.04347548356173E-10	15.9679240798173	4.54282598906107E-12	1.97772358745123E-10	14.8206730403547	4.4311896966138E-12	7.10291216754364E-11	9.7815906830528	1E10	1E-30	1E-10	1E10	1E-30	1E-10	1E10	1E-30	1E-10
18	1.44024230323285E-08	1E10	1E10	1E-30	1.43246536667445E-10	1E10	1E-30	1E10	0.080918240928451	1.82079047845783E-06	1E10	2029.10553245484	2.66282335543774E-06	1E10	217.422575038979	2.28671611602013E-06	1E10	49.8086344138272	1.67022996457347E-06	1E10	8.14133164572314	1.2089235615405E-06	1E10	1.0884186515557	7.03039893264783E-07	1E10	0.178421166454056	1E-30	3.06050774166517E-11	0.103942149131	7.3187173397361E-08	1.39620459826107E-11	0.03212170250562	7.10521383381942E-09	4.16555577536773E-11	9.79845685117638E-02	1.08759530585684E-11	2.04347548356173E-10	15.9679240798173	4.54282598906107E-12	1.97772358745123E-10	14.8206730403547	4.4311896966138E-12	7.10291216754364E-11	9.7815906830528	1E10	1E-30	1E-10	1E10	1E-30	1E-10	1E10	1E-30	1E-10
19	1.84878260495555E-08	1E10	1E10	1E-30	1.9282724086997E-10	1E10	1E-30	1E10	3.75317338482656E-02	2.10001985060716E-06	1E10	1894.68379365414	3.62663540973253E-06	1E10	185.155552510058	2.63740544435504E-06	1E10	31.4439241768253	2.18908667299758E-06	1E10	4.14511649327567	1.5350788103819E-06	1E10	0.63066357753542	1.0102451538051E-06	1E10	0.101639032278226	1E-30	8.58042217682265E-11	0.105466539235814	1.73513865368568E-07	8.1456932009547E-12	2.43356245733625E-02	2.43476372317782E-08	2.08694715635441E-11	5.98574721724733E-02	9.88284289145173E-12	1.84113881296063E-10	17.2601241144859	5.21327961795371E-12	1.48483081137778E-10	15.344134436332	6.81849025691805E-12	4.3327564401371E-11	7.75334427442387	1E10	1E-30	1E-10	1E10	1E-30	1E-10	1E10	1E-30	1E-10
20	2.18641425879711E-08	1E10	1E10	1E-30	9.70155852218119E-11	1E10	1E-30	1E10	3.74162648462369E-02	2.16800114907576E-06	1E10	1835.27281754144	3.9403696122901E-06	1E10	121.255272585607	3.95557385275632E-06	1E10	22.0648323635017	3.31955422070354E-06	1E10	5.67153520546467	2.25630825413331E-06	1E10	1.10056483800422	1.86418987307925E-06	1E10	0.182532353089964	1.2911502553814E-06	1E10	5.69557556105165E-02	1E-30	6.36272977221129E-11	0.121698596206637	9.18843942411356E-08	2.01734782639445E-11	3.53415109104843E-02	2.22361831763467E-08	3.24917526545417E-11	9.53527430317945E-02	1.03630124040509E-11	1.64371933990271E-10	17.7154335183566	5.5113507943121E-12	1.46943649260022E-10	15.2594228313564	2.26579378861749E-12	1.40715694232465E-10	12.546646691898	1E10	1E-30	1E-10	1E10	1E-30	1E-10
21	2.18641425879711E-08	1E10	1E10	1E-30	9.70155852218119E-11	1E10	1E-30	1E10	3.74162648462369E-02	2.16800114907576E-06	1E10	1835.27281754144	3.9403696122901E-06	1E10	121.255272585607	3.95557385275632E-06	1E10	22.0648323635017	3.31955422070354E-06	1E10	5.67153520546467	2.25630825413331E-06	1E10	1.10056483800422	1.86418987307925E-06	1E10	0.182532353089964	1.2911502553814E-06	1E10	5.69557556105165E-02	1E-30	6.36272977221129E-11	0.121698596206637	9.18843942411356E-08	2.01734782639445E-11	3.53415109104843E-02	2.22361831763467E-08	3.24917526545417E-11	9.53527430317945E-02	1.03630124040509E-11	1.64371933990271E-10	17.7154335183566	5.5113507943121E-12	1.46943649260022E-10	15.2594228313564	2.26579378861749E-12	1.40715694232465E-10	12.546646691898	1E10	1E-30	1E-10	1E10	1E-30	1E-10
22	2.73944422206409E-08	1E10	1E10	1E-30	1.02818251053298E-10	1E10	1E-30	1E10	2.97453017352273E-02	3.12904211979007E-06	1E10	1096.3677466856	4.86501727942022E-06	1E10	117.477920621347	3.4926164116754E-06	1E10	21.8754124830913	3.32555305470758E-06	1E10	2.3439926785668	2.73264559347662E-06	1E10	0.345676952032134	2.73709755908943E-06	1E10	0.082554846651644	2.49275039426845E-06	1E10	2.04120653774013E-02	1E-30	9.32031808786199E-11	0.114560993975213	1.29082601695032E-07	2.2376524641512E-11	4.33632764970114E-02	4.27615471400808E-08	2.58066718173983E-11	6.96209999942618E-02	1.01840150433045E-11	1.61523216342461E-10	19.7771628709811	2.38458845306326E-12	2.33670855332604E-10	23.8088166230571	1E10	1E-30	1E-10	1E10	1E-30	1E-10	1E10	1E-30	1E-10
23	2.73944422206409E-08	1E10	1E10	1E-30	1.02818251053298E-10	1E10	1E-30	1E10	2.97453017352273E-02	3.12904211979007E-06	1E10	1096.3677466856	4.86501727942022E-06	1E10	117.477920621347	3.4926164116754E-06	1E10	21.8754124830913	3.32555305470758E-06	1E10	2.3439926785668	2.73264559347662E-06	1E10	0.345676952032134	2.73709755908943E-06	1E10	0.082554846651644	2.49275039426845E-06	1E10	2.04120653774013E-02	1E-30	9.32031808786199E-11	0.114560993975213	1.29082601695032E-07	2.2376524641512E-11	4.33632764970114E-02	4.27615471400808E-08	2.58066718173983E-11	6.96209999942618E-02	1.01840150433045E-11	1.61523216342461E-10	19.7771628709811	2.38458845306326E-12	2.33670855332604E-10	23.8088166230571	1E10	1E-30	1E-10	1E10	1E-30	1E-10	1E10	1E-30	1E-10
24	2.73944422206409E-08	1E10	1E10	1E-30	1.02818251053298E-10	1E10	1E-30	1E10	2.97453017352273E-02	3.12904211979007E-06	1E10	1096.3677466856	4.86501727942022E-06	1E10	117.477920621347	3.4926164116754E-06	1E10	21.8754124830913	3.32555305470758E-06	1E10	2.3439926785668	2.73264559347662E-06	1E10	0.345676952032134	2.73709755908943E-06	1E10	0.082554846651644	2.49275039426845E-06	1E10	2.04120653774013E-02	1E-30	9.32031808786199E-11	0.114560993975213	1.29082601695032E-07	2.2376524641512E-11	4.33632764970114E-02	4.27615471400808E-08	2.58066718173983E-11	6.96209999942618E-02	1.01840150433045E-11	1.61523216342461E-10	19.7771628709811	2.38458845306326E-12	2.33670855332604E-10	23.8088166230571	1E10	1E-30	1E-10	1E10	1E-30	1E-10	1E10	1E-30	1E-10
25	2.73944422206409E-08	1E10	1E10	1E-30	1.02818251053298E-10	1E10	1E-30	1E10	2.97453017352273E-02	3.12904211979007E-06	1E10	1096.3677466856	4.86501727942022E-06	1E10	117.477920621347	3.4926164116754E-06	1E10	21.8754124830913	3.32555305470758E-06	1E10	2.3439926785668	2.73264559347662E-06	1E10	0.345676952032134	2.73709755908943E-06	1E10	0.082554846651644	2.49275039426845E-06	1E10	2.04120653774013E-02	1E-30	9.32031808786199E-11	0.114560993975213	1.29082601695032E-07	2.2376524641512E-11	4.33632764970114E-02	4.27615471400808E-08	2.58066718173983E-11	6.96209999942618E-02	1.01840150433045E-11	1.61523216342461E-10	19.7771628709811	2.38458845306326E-12	2.33670855332604E-10	23.8088166230571	1E10	1E-30	1E-10	1E10	1E-30	1E-10	1E10	1E-30	1E-10
26	3.42408036500282E-08	1E10	1E10	1E-30	8.28280433124101E-11	1E10	1E-30	1E10	3.36193788639016E-02	4.06150803652211E-06	1E10	728.259193090995	6.92406309757825E-06	1E10	79.8520326365105	5.78141814719358E-06	1E10	15.9325751493294	6.42837298801651E-06	1E10	2.96678432394808	3.41892173053498E-06	1E10	0.832267625526789	2.07838702035354E-06	1E10	0.137762859392517	2.27301329472322E-06	1E10	2.26857816905658E-02	1E-30	1.08389795284815E-10	0.119966609761377	2.15654021127025E-07	1.88045640670633E-11	4.85119910427518E-02	3.56838825155727E-08	4.41378329902608E-11	7.80723064408603E-02	1.06707394309495E-11	1.2030108410853E-10	14.0264999735648	1.05000030656851E-11	6.38205593238025E-11	9.83430548630472	2.19293752461982E-12	1.93505193545131E-10	25.733023083854	1E10	1E-30	1E-10	1E10	1E-30	1E-10
27	3.42408036500282E-08	1E10	1E10	1E-30	8.28280433124101E-11	1E10	1E-30	1E10	3.36193788639016E-02	4.06150803652211E-06	1E10	728.259193090995	6.92406309757825E-06	1E10	79.8520326365105	5.78141814719358E-06	1E10	15.9325751493294	6.42837298801651E-06	1E10	2.96678432394808	3.41892173053498E-06	1E10	0.832267625526789	2.07838702035354E-06	1E10	0.137762859392517	2.27301329472322E-06	1E10	2.26857816905658E-02	1E-30	1.08389795284815E-10	0.119966609761377	2.15654021127025E-07	1.88045640670633E-11	4.85119910427518E-02	3.56838825155727E-08	4.41378329902608E-11	7.80723064408603E-02	1.06707394309495E-11	1.2030108410853E-10	14.0264999735648	1.05000030656851E-11	6.38205593238025E-11	9.83430548630472	2.19293752461982E-12	1.93505193545131E-10	25.733023083854	1E10	1E-30	1E-10	1E10	1E-30	1E-10
28	3.42408036500282E-08	1E10	1E10	1E-30	8.28280433124101E-11	1E10	1E-30	1E10	3.36193788639016E-02	4.06150803652211E-06	1E10	728.259193090995	6.92406309757825E-06	1E10	79.8520326365105	5.78141814719358E-06	1E10	15.9325751493294	6.42837298801651E-06	1E10	2.96678432394808	3.41892173053498E-06	1E10	0.832267625526789	2.07838702035354E-06	1E10	0.137762859392517	2.27301329472322E-06	1E10	2.26857816905658E-02	1E-30	1.08389795284815E-10	0.119966609761377	2.15654021127025E-07	1.88045640670633E-11	4.85119910427518E-02	3.56838825155727E-08	4.41378329902608E-11	7.80723064408603E-02	1.06707394309495E-11	1.2030108410853E-10	14.0264999735648	1.05000030656851E-11	6.38205593238025E-11	9.83430548630472	2.19293752461982E-12	1.93505193545131E-10	25.733023083854	1E10	1E-30	1E-10	1E10	1E-30	1E-10
29	3.42408036500282E-08	1E10	1E10	1E-30	8.28280433124101E-11	1E10	1E-30	1E10	3.36193788639016E-02	4.06150803652211E-06	1E10	728.259193090995	6.92406309757825E-06	1E10	79.8520326365105	5.78141814719358E-06	1E10	15.9325751493294	6.42837298801651E-06	1E10	2.96678432394808	3.41892173053498E-06	1E10	0.832267625526789	2.07838702035354E-06	1E10	0.137762859392517	2.27301329472322E-06	1E10	2.26857816905658E-02	1E-30	1.08389795284815E-10	0.119966609761377	2.15654021127025E-07	1.88045640670633E-11	4.85119910427518E-02	3.56838825155727E-08	4.41378329902608E-11	7.80723064408603E-02	1.06707394309495E-11	1.2030108410853E-10	14.0264999735648	1.05000030656851E-11	6.38205593238025E-11	9.83430548630472	2.19293752461982E-12	1.93505193545131E-10	25.733023083854	1E10	1E-30	1E-10	1E10	1E-30	1E-10
30	3.91469916642777E-08	1E10	1E10	1E-30	1.19744912675966E-10	1E10	1E-30	1E10	2.22853270329616E-02	4.94454706427376E-06	1E10	804.699303207418	8.19603809213369E-06	1E10	82.3443157865356	5.79535458913372E-06	1E10	18.0149734028166	5.15974114219524E-06	1E10	2.1658761812785	3.28306424028371E-06	1E10	0.353246521286228	2.40403361863657E-06	1E10	4.12937903927572E-02	1E-30	1.18955255460365E-10	0.123192847479705	1.38281963335211E-07	3.59716617902101E-11	6.03251844211993E-02	5.36311879243039E-08	3.77586558871642E-11	8.16883383844565E-02	1.01789131058609E-11	1.11086952296356E-10	14.5097304126238	2.73275677180947E-12	1.78318891871432E-10	24.5876824632276	1E10	1E-30	1E-10	1E10	1E-30	1E-10	1E10	1E-30	1E-10	1E10	1E-30	1E-10
31	3.91469916642777E-08	1E10	1E10	1E-30	1.19744912675966E-10	1E10	1E-30	1E10	2.22853270329616E-02	4.94454706427376E-06	1E10	804.699303207418	8.19603809213369E-06	1E10	82.3443157865356	5.79535458913372E-06	1E10	18.0149734028166	5.15974114219524E-06	1E10	2.1658761812785	3.28306424028371E-06	1E10	0.353246521286228	2.40403361863657E-06	1E10	4.12937903927572E-02	1E-30	1.18955255460365E-10	0.123192847479705	1.38281963335211E-07	3.59716617902101E-11	6.03251844211993E-02	5.36311879243039E-08	3.77586558871642E-11	8.16883383844565E-02	1.01789131058609E-11	1.11086952296356E-10	14.5097304126238	2.73275677180947E-12	1.78318891871432E-10	24.5876824632276	1E10	1E-30	1E-10	1E10	1E-30	1E-10	1E10	1E-30	1E-10	1E10	1E-30	1E-10
32	3.91469916642777E-08	1E10	1E10	1E-30	1.19744912675966E-10	1E10	1E-30	1E10	2.22853270329616E-02	4.94454706427376E-06	1E10	804.699303207418	8.19603809213369E-06	1E10	82.3443157865356	5.79535458913372E-06	1E10	18.0149734028166	5.15974114219524E-06	1E10	2.1658761812785	3.28306424028371E-06	1E10	0.353246521286228	2.40403361863657E-06	1E10	4.12937903927572E-02	1E-30	1.18955255460365E-10	0.123192847479705	1.38281963335211E-07	3.59716617902101E-11	6.03251844211993E-02	5.36311879243039E-08	3.77586558871642E-11	8.16883383844565E-02	1.01789131058609E-11	1.11086952296356E-10	14.5097304126238	2.73275677180947E-12	1.78318891871432E-10	24.5876824632276	1E10	1E-30	1E-10	1E10	1E-30	1E-10	1E10	1E-30	1E-10	1E10	1E-30	1E-10
33	3.91469916642777E-08	1E10	1E10	1E-30	1.19744912675966E-10	1E10	1E-30	1E10	2.22853270329616E-02	4.94454706427376E-06	1E10	804.699303207418	8.19603809213369E-06	1E10	82.3443157865356	5.79535458913372E-06	1E10	18.0149734028166	5.15974114219524E-06	1E10	2.1658761812785	3.28306424028371E-06	1E10	0.353246521286228	2.40403361863657E-06	1E10	4.12937903927572E-02	1E-30	1.18955255460365E-10	0.123192847479705	1.38281963335211E-07	3.59716617902101E-11	6.03251844211993E-02	5.36311879243039E-08	3.77586558871642E-11	8.16883383844565E-02	1.01789131058609E-11	1.11086952296356E-10	14.5097304126238	2.73275677180947E-12	1.78318891871432E-10	24.5876824632276	1E10	1E-30	1E-10	1E10	1E-30	1E-10	1E10	1E-30	1E-10	1E10	1E-30	1E-10
34	4.84622514778285E-08	1E10	1E10	1E-30	8.57425531954346E-11	1E10	1E-30	1E10	3.81572134244734E-02	5.86030506715917E-06	1E10	675.52960109748	9.99063768279997E-06	1E10	61.6090318506676	7.96646670774414E-06	1E10	14.7789773712301	7.89464635824849E-06	1E10	3.08776602396906	5.06492926518346E-06	1E10	0.58836168649346	3.47551920800787E-06	1E10	0.11294627037038	2.8144865298355E-06	1E10	1.39777846862653E-02	1E-30	7.26359705437267E-11	0.125234223187744	1.47611430868884E-07	4.34617644985821E-11	6.80980870810142E-02	7.57967257588467E-08	3.62701529751024E-11	6.84462040120694E-02	9.42728190837928E-09	8.78423654460232E-11	6.69376496900381E-02	1.06024333026622E-11	9.69936644548737E-11	11.4738312104297	1.77286620869827E-12	1.99128137036618E-10	35.7506686969426	1E10	1E-30	1E-10	1E10	1E-30	1E-10
35	4.84622514778285E-08	1E10	1E10	1E-30	8.57425531954346E-11	1E10	1E-30	1E10	3.81572134244734E-02	5.86030506715917E-06	1E10	675.52960109748	9.99063768279997E-06	1E10	61.6090318506676	7.96646670774414E-06	1E10	14.7789773712301	7.89464635824849E-06	1E10	3.08776602396906	5.06492926518346E-06	1E10	0.58836168649346	3.47551920800787E-06	1E10	0.11294627037038	2.8144865298355E-06	1E10	1.39777846862653E-02	1E-30	7.26359705437267E-11	0.125234223187744	1.47611430868884E-07	4.34617644985821E-11	6.80980870810142E-02	7.57967257588467E-08	3.62701529751024E-11	6.84462040120694E-02	9.42728190837928E-09	8.78423654460232E-11	6.69376496900381E-02	1.06024333026622E-11	9.69936644548737E-11	11.4738312104297	1.77286620869827E-12	1.99128137036618E-10	35.7506686969426	1E10	1E-30	1E-10	1E10	1E-30	1E-10
36	4.84622514778285E-08	1E10	1E10	1E-30	8.57425531954346E-11	1E10	1E-30	1E10	3.81572134244734E-02	5.86030506715917E-06	1E10	675.52960109748	9.99063768279997E-06	1E10	61.6090318506676	7.96646670774414E-06	1E10	14.7789773712301	7.89464635824849E-06	1E10	3.08776602396906	5.06492926518346E-06	1E10	0.58836168649346	3.47551920800787E-06	1E10	0.11294627037038	2.8144865298355E-06	1E10	1.39777846862653E-02	1E-30	7.26359705437267E-11	0.125234223187744	1.47611430868884E-07	4.34617644985821E-11	6.80980870810142E-02	7.57967257588467E-08	3.62701529751024E-11	6.84462040120694E-02	9.42728190837928E-09	8.78423654460232E-11	6.69376496900381E-02	1.06024333026622E-11	9.69936644548737E-11	11.4738312104297	1.77286620869827E-12	1.99128137036618E-10	35.7506686969426	1E10	1E-30	1E-10	1E10	1E-30	1E-10
37	4.84622514778285E-08	1E10	1E10	1E-30	8.57425531954346E-11	1E10	1E-30	1E10	3.81572134244734E-02	5.86030506715917E-06	1E10	675.52960109748	9.99063768279997E-06	1E10	61.6090318506676	7.96646670774414E-06	1E10	14.7789773712301	7.89464635824849E-06	1E10	3.08776602396906	5.06492926518346E-06	1E10	0.58836168649346	3.47551920800787E-06	1E10	0.11294627037038	2.8144865298355E-06	1E10	1.39777846862653E-02	1E-30	7.26359705437267E-11	0.125234223187744	1.47611430868884E-07	4.34617644985821E-11	6.80980870810142E-02	7.57967257588467E-08	3.62701529751024E-11	6.84462040120694E-02	9.42728190837928E-09	8.78423654460232E-11	6.69376496900381E-02	1.06024333026622E-11	9.69936644548737E-11	11.4738312104297	1.77286620869827E-12	1.99128137036618E-10	35.7506686969426	1E10	1E-30	1E-10	1E10	1E-30	1E-10
38	5.59289721880158E-08	1E10	8928571428.57142	1E-30	1.87806915602943E-10	1E10	1E-30	1E10	2.05701588354593E-02	6.47780877808464E-06	1E10	574.837601748012	1.04110724601163E-05	1E10	54.8965647835694	7.74762282419358E-06	1E10	10.703977038851	6.05724252727222E-06	1E10	1.41105898608184	4.61010907915704E-06	1E10	0.204477757265604	3.81740942883681E-06	1E10	2.70849551271101E-02	1E-30	1.12455445532636E-10	9.19803145564904E-02	2.93309137351097E-07	2.20131310843115E-11	3.79147205406828E-02	6.94797204552768E-08	3.91501308157612E-11	6.64357284747861E-02	1.09057924460394E-11	1.28806627805906E-10	14.6321212621295	3.2718211418917E-12	1.68734150368685E-10	19.2824900996225	1E10	1E-30	1E-10	1E10	1E-30	1E-10	1E10	1E-30	1E-10	1E10	1E-30	1E-10
39	5.59289721880158E-08	1E10	8928571428.57142	1E-30	1.87806915602943E-10	1E10	1E-30	1E10	2.05701588354593E-02	6.47780877808464E-06	1E10	574.837601748012	1.04110724601163E-05	1E10	54.8965647835694	7.74762282419358E-06	1E10	10.703977038851	6.05724252727222E-06	1E10	1.41105898608184	4.61010907915704E-06	1E10	0.204477757265604	3.81740942883681E-06	1E10	2.70849551271101E-02	1E-30	1.12455445532636E-10	9.19803145564904E-02	2.93309137351097E-07	2.20131310843115E-11	3.79147205406828E-02	6.94797204552768E-08	3.91501308157612E-11	6.64357284747861E-02	1.09057924460394E-11	1.28806627805906E-10	14.6321212621295	3.2718211418917E-12	1.68734150368685E-10	19.2824900996225	1E10	1E-30	1E-10	1E10	1E-30	1E-10	1E10	1E-30	1E-10	1E10	1E-30	1E-10
40	5.59289721880158E-08	1E10	8928571428.57142	1E-30	1.87806915602943E-10	1E10	1E-30	1E10	2.05701588354593E-02	6.47780877808464E-06	1E10	574.837601748012	1.04110724601163E-05	1E10	54.8965647835694	7.74762282419358E-06	1E10	10.703977038851	6.05724252727222E-06	1E10	1.41105898608184	4.61010907915704E-06	1E10	0.204477757265604	3.81740942883681E-06	1E10	2.70849551271101E-02	1E-30	1.12455445532636E-10	9.19803145564904E-02	2.93309137351097E-07	2.20131310843115E-11	3.79147205406828E-02	6.94797204552768E-08	3.91501308157612E-11	6.64357284747861E-02	1.09057924460394E-11	1.28806627805906E-10	14.6321212621295	3.2718211418917E-12	1.68734150368685E-10	19.2824900996225	1E10	1E-30	1E-10	1E10	1E-30	1E-10	1E10	1E-30	1E-10	1E10	1E-30	1E-10
41	5.59289721880158E-08	1E10	8928571428.57142	1E-30	1.87806915602943E-10	1E10	1E-30	1E10	2.05701588354593E-02	6.47780877808464E-06	1E10	574.837601748012	1.04110724601163E-05	1E10	54.8965647835694	7.74762282419358E-06	1E10	10.703977038851	6.05724252727222E-06	1E10	1.41105898608184	4.61010907915704E-06	1E10	0.204477757265604	3.81740942883681E-06	1E10	2.70849551271101E-02	1E-30	1.12455445532636E-10	9.19803145564904E-02	2.93309137351097E-07	2.20131310843115E-11	3.79147205406828E-02	6.94797204552768E-08	3.91501308157612E-11	6.64357284747861E-02	1.09057924460394E-11	1.28806627805906E-10	14.6321212621295	3.2718211418917E-12	1.68734150368685E-10	19.2824900996225	1E10	1E-30	1E-10	1E10	1E-30	1E-10	1E10	1E-30	1E-10	1E10	1E-30	1E-10
42	6.66914568454994E-08	1E10	7352941176.47058	1E-30	1.08609628190768E-10	1E10	1E-30	1E10	1.96902459394659E-02	7.27629681112417E-06	1E10	546.8267280156	1.26935470844163E-05	1E10	57.25978777424	8.3764576222241E-06	1E10	11.1647687974893	7.48118505499524E-06	1E10	1.34230044459476	6.65465748708008E-06	1E10	0.181702405788142	6.53037317285049E-06	1E10	0.033271367835627	8.99320023556744E-06	1E10	0.010669245679005	1E-30	7.55338273641455E-11	7.81448576124544E-02	3.82530254114848E-07	2.30904121457121E-11	2.63502928093154E-02	1.0764883310664E-07	3.40029988380024E-11	5.29273280554599E-02	3.30739530538816E-08	2.91055148603977E-11	3.29380922467546E-02	1.17157108041964E-11	1.09548070192736E-10	13.6289382822997	1.74805764800351E-12	2.21314586867915E-10	32.5624528602295	1E10	1E-30	1E-10	1E10	1E-30	1E-10
43	6.66914568454994E-08	1E10	7352941176.47058	1E-30	1.08609628190768E-10	1E10	1E-30	1E10	1.96902459394659E-02	7.27629681112417E-06	1E10	546.8267280156	1.26935470844163E-05	1E10	57.25978777424	8.3764576222241E-06	1E10	11.1647687974893	7.48118505499524E-06	1E10	1.34230044459476	6.65465748708008E-06	1E10	0.181702405788142	6.53037317285049E-06	1E10	0.033271367835627	8.99320023556744E-06	1E10	0.010669245679005	1E-30	7.55338273641455E-11	7.81448576124544E-02	3.82530254114848E-07	2.30904121457121E-11	2.63502928093154E-02	1.0764883310664E-07	3.40029988380024E-11	5.29273280554599E-02	3.30739530538816E-08	2.91055148603977E-11	3.29380922467546E-02	1.17157108041964E-11	1.09548070192736E-10	13.6289382822997	1.74805764800351E-12	2.21314586867915E-10	32.5624528602295	1E10	1E-30	1E-10	1E10	1E-30	1E-10
44	6.66914568454994E-08	1E10	7352941176.47058	1E-30	1.08609628190768E-10	1E10	1E-30	1E10	1.96902459394659E-02	7.27629681112417E-06	1E10	546.8267280156	1.26935470844163E-05	1E10	57.25978777424	8.3764576222241E-06	1E10	11.1647687974893	7.48118505499524E-06	1E10	1.34230044459476	6.65465748708008E-06	1E10	0.181702405788142	6.53037317285049E-06	1E10	0.033271367835627	8.99320023556744E-06	1E10	0.010669245679005	1E-30	7.55338273641455E-11	7.81448576124544E-02	3.82530254114848E-07	2.30904121457121E-11	2.63502928093154E-02	1.0764883310664E-07	3.40029988380024E-11	5.29273280554599E-02	3.30739530538816E-08	2.91055148603977E-11	3.29380922467546E-02	1.17157108041964E-11	1.09548070192736E-10	13.6289382822997	1.74805764800351E-12	2.21314586867915E-10	32.5624528602295	1E10	1E-30	1E-10	1E10	1E-30	1E-10
45	6.66914568454994E-08	1E10	7352941176.47058	1E-30	1.08609628190768E-10	1E10	1E-30	1E10	1.96902459394659E-02	7.27629681112417E-06	1E10	546.8267280156	1.26935470844163E-05	1E10	57.25978777424	8.3764576222241E-06	1E10	11.1647687974893	7.48118505499524E-06	1E10	1.34230044459476	6.65465748708008E-06	1E10	0.181702405788142	6.53037317285049E-06	1E10	0.033271367835627	8.99320023556744E-06	1E10	0.010669245679005	1E-30	7.55338273641455E-11	7.81448576124544E-02	3.82530254114848E-07	2.30904121457121E-11	2.63502928093154E-02	1.0764883310664E-07	3.40029988380024E-11	5.29273280554599E-02	3.30739530538816E-08	2.91055148603977E-11	3.29380922467546E-02	1.17157108041964E-11	1.09548070192736E-10	13.6289382822997	1.74805764800351E-12	2.21314586867915E-10	32.5624528602295	1E10	1E-30	1E-10	1E10	1E-30	1E-10
46	8.40785776317705E-08	1E10	6097560975.60975	1E-30	7.73378406062709E-11	1E10	1E-30	1E10	1.71276224355983E-02	1.12278316169016E-05	1E10	319.942378505861	1.93898845552598E-05	1E10	40.2783590610896	1.49573710404172E-05	1E10	10.8410605257987	1.26160065463728E-05	1E10	2.26501858109058	8.89500096671039E-06	1E10	0.421766196415116	7.92409855816541E-06	1E10	0.058886437610346	7.38849761000909E-06	1E10	1.66931369870528E-02	1E-30	8.83312395478772E-11	0.111672342832432	2.5938652631302E-07	4.62798439792747E-11	5.44103267245708E-02	1.27359295156367E-07	4.20049401448589E-11	6.41271357391995E-02	3.59904616697656E-08	4.93552159220718E-11	4.30322116271318E-02	1.10022712771574E-11	9.7393307736283E-11	11.4947302281827	1.51959265350417E-12	2.11875825545045E-10	28.5738063051104	1E10	1E-30	1E-10	1E10	1E-30	1E-10
47	8.40785776317705E-08	1E10	6097560975.60975	1E-30	7.73378406062709E-11	1E10	1E-30	1E10	1.71276224355983E-02	1.12278316169016E-05	1E10	319.942378505861	1.93898845552598E-05	1E10	40.2783590610896	1.49573710404172E-05	1E10	10.8410605257987	1.26160065463728E-05	1E10	2.26501858109058	8.89500096671039E-06	1E10	0.421766196415116	7.92409855816541E-06	1E10	0.058886437610346	7.38849761000909E-06	1E10	1.66931369870528E-02	1E-30	8.83312395478772E-11	0.111672342832432	2.5938652631302E-07	4.62798439792747E-11	5.44103267245708E-02	1.27359295156367E-07	4.20049401448589E-11	6.41271357391995E-02	3.59904616697656E-08	4.93552159220718E-11	4.30322116271318E-02	1.10022712771574E-11	9.7393307736283E-11	11.4947302281827	1.51959265350417E-12	2.11875825545045E-10	28.5738063051104	1E10	1E-30	1E-10	1E10	1E-30	1E-10
48	8.40785776317705E-08	1E10	6097560975.60975	1E-30	7.73378406062709E-11	1E10	1E-30	1E10	1.71276224355983E-02	1.12278316169016E-05	1E10	319.942378505861	1.93898845552598E-05	1E10	40.2783590610896	1.49573710404172E-05	1E10	10.8410605257987	1.26160065463728E-05	1E10	2.26501858109058	8.89500096671039E-06	1E10	0.421766196415116	7.92409855816541E-06	1E10	0.058886437610346	7.38849761000909E-06	1E10	1.66931369870528E-02	1E-30	8.83312395478772E-11	0.111672342832432	2.5938652631302E-07	4.62798439792747E-11	5.44103267245708E-02	1.27359295156367E-07	4.20049401448589E-11	6.41271357391995E-02	3.59904616697656E-08	4.93552159220718E-11	4.30322116271318E-02	1.10022712771574E-11	9.7393307736283E-11	11.4947302281827	1.51959265350417E-12	2.11875825545045E-10	28.5738063051104	1E10	1E-30	1E-10	1E10	1E-30	1E-10
49	8.40785776317705E-08	1E10	6097560975.60975	1E-30	7.73378406062709E-11	1E10	1E-30	1E10	1.71276224355983E-02	1.12278316169016E-05	1E10	319.942378505861	1.93898845552598E-05	1E10	40.2783590610896	1.49573710404172E-05	1E10	10.8410605257987	1.26160065463728E-05	1E10	2.26501858109058	8.89500096671039E-06	1E10	0.421766196415116	7.92409855816541E-06	1E10	0.058886437610346	7.38849761000909E-06	1E10	1.66931369870528E-02	1E-30	8.83312395478772E-11	0.111672342832432	2.5938652631302E-07	4.62798439792747E-11	5.44103267245708E-02	1.27359295156367E-07	4.20049401448589E-11	6.41271357391995E-02	3.59904616697656E-08	4.93552159220718E-11	4.30322116271318E-02	1.10022712771574E-11	9.7393307736283E-11	11.4947302281827	1.51959265350417E-12	2.11875825545045E-10	28.5738063051104	1E10	1E-30	1E-10	1E10	1E-30	1E-10
50	9.68748433699924E-08	1E10	5E9	1E-30	6.75682945005078E-11	1E10	1E-30	1E10	3.16227724611067E-02	1.21275137842932E-05	1E10	304.644142154253	2.03067256127387E-05	1E10	38.3524252112224	1.77547396991278E-05	1E10	8.5860385035725	1.34521241269687E-05	1E10	2.01276388695209	9.90853973830435E-06	1E10	0.317738992504897	5.56475286831734E-06	1E10	4.77887801443462E-02	1E-30	1.63422854424487E-10	0.121535467755308	2.87395442085929E-07	5.32181970429131E-11	0.072728021536549	1.23565345591474E-07	5.60442814349498E-11	7.60050186394188E-02	4.78505404571879E-11	2.03551650137606E-11	3.81281032464845	8.72957272573996E-12	6.85607679888356E-11	8.32406837984035	1.97296272223895E-12	1.68924569412558E-10	28.7268910919233	1E10	1E-30	1E-10	1E10	1E-30	1E-10	1E10	1E-30	1E-10
51	9.68748433699924E-08	1E10	5E9	1E-30	6.75682945005078E-11	1E10	1E-30	1E10	3.16227724611067E-02	1.21275137842932E-05	1E10	304.644142154253	2.03067256127387E-05	1E10	38.3524252112224	1.77547396991278E-05	1E10	8.5860385035725	1.34521241269687E-05	1E10	2.01276388695209	9.90853973830435E-06	1E10	0.317738992504897	5.56475286831734E-06	1E10	4.77887801443462E-02	1E-30	1.63422854424487E-10	0.121535467755308	2.87395442085929E-07	5.32181970429131E-11	0.072728021536549	1.23565345591474E-07	5.60442814349498E-11	7.60050186394188E-02	4.78505404571879E-11	2.03551650137606E-11	3.81281032464845	8.72957272573996E-12	6.85607679888356E-11	8.32406837984035	1.97296272223895E-12	1.68924569412558E-10	28.7268910919233	1E10	1E-30	1E-10	1E10	1E-30	1E-10	1E10	1E-30	1E-10
52	9.68748433699924E-08	1E10	5E9	1E-30	6.75682945005078E-11	1E10	1E-30	1E10	3.16227724611067E-02	1.21275137842932E-05	1E10	304.644142154253	2.03067256127387E-05	1E10	38.3524252112224	1.77547396991278E-05	1E10	8.5860385035725	1.34521241269687E-05	1E10	2.01276388695209	9.90853973830435E-06	1E10	0.317738992504897	5.56475286831734E-06	1E10	4.77887801443462E-02	1E-30	1.63422854424487E-10	0.121535467755308	2.87395442085929E-07	5.32181970429131E-11	0.072728021536549	1.23565345591474E-07	5.60442814349498E-11	7.60050186394188E-02	4.78505404571879E-11	2.03551650137606E-11	3.81281032464845	8.72957272573996E-12	6.85607679888356E-11	8.32406837984035	1.97296272223895E-12	1.68924569412558E-10	28.7268910919233	1E10	1E-30	1E-10	1E10	1E-30	1E-10	1E10	1E-30	1E-10
53	9.68748433699924E-08	1E10	5E9	1E-30	6.75682945005078E-11	1E10	1E-30	1E10	3.16227724611067E-02	1.21275137842932E-05	1E10	304.644142154253	2.03067256127387E-05	1E10	38.3524252112224	1.77547396991278E-05	1E10	8.5860385035725	1.34521241269687E-05	1E10	2.01276388695209	9.90853973830435E-06	1E10	0.317738992504897	5.56475286831734E-06	1E10	4.77887801443462E-02	1E-30	1.63422854424487E-10	0.121535467755308	2.87395442085929E-07	5.32181970429131E-11	0.072728021536549	1.23565345591474E-07	5.60442814349498E-11	7.60050186394188E-02	4.78505404571879E-11	2.03551650137606E-11	3.81281032464845	8.72957272573996E-12	6.85607679888356E-11	8.32406837984035	1.97296272223895E-12	1.68924569412558E-10	28.7268910919233	1E10	1E-30	1E-10	1E10	1E-30	1E-10	1E10	1E-30	1E-10
END DSCRDATA
