BEGIN DSCRDATA
% INDEX	K01	L01	M01	K02	L02	M02	K03	L03	M03	K04	L04	M04	K05	L05	M05	K06	L06	M06	K07	L07	M07	K08	L08	M08	K09	L09	M09	K10	L10	M10	K11	L11	M11	K12	L12	M12	K13	L13	M13	K14	L14	M14	K15	L15	M15	K16	L16	M16	K17	L17	M17	K18	L18	M18
0	0	0	0	0	0	0	0	0	0	0	0	0	0	0	0	0	0	0	0	0	0	0	0	0	0	0	0	0	0	0	0	0	0	0	0	0	0	0	0	0	0	0	0	0	0	0	0	0	0	0	0	0	0	0
1	1E-12	1E10	1E11	1E-30	1.96418200964238E-10	1E10	1E-30	1E10	0.500006434613411	1E-30	7.11626652239277E-12	2.11268319930073	1E-30	1.40741832671946E-11	0.198973936048636	1E-30	2.5444029780437E-11	7.19500899707783E-02	1.90688281182548E-12	2.55132022631151E-11	45.6158473819719	5.77917031210022E-12	4.77645251184009E-12	12.4186721266587	1.37311938738915E-12	1.20362548381525E-11	61.2533446476883	1E10	1E-30	1E-10	1E10	1E-30	1E-10	1E10	1E-30	1E-10	1E10	1E-30	1E-10	1E10	1E-30	1E-10	1E10	1E-30	1E-10	1E10	1E-30	1E-10	1E10	1E-30	1E-10	1E10	1E-30	1E-10
2	1.5E-12	1E10	1E11	1E-30	1.94591123807215E-10	1E10	1E-30	1E10	0.290158083327525	1E-30	6.84820556926328E-12	0.972873435557825	1E-30	2.62050731328962E-11	0.600977337990241	1.54406021443092E-11	3.8841765885186E-12	5.09689915680991	4.07088967295347E-12	9.46419572291156E-12	15.1623396252359	1.06896466252178E-12	1.92293907588031E-11	53.1276142486867	1E10	1E-30	1E-10	1E10	1E-30	1E-10	1E10	1E-30	1E-10	1E10	1E-30	1E-10	1E10	1E-30	1E-10	1E10	1E-30	1E-10	1E10	1E-30	1E-10	1E10	1E-30	1E-10	1E10	1E-30	1E-10	1E10	1E-30	1E-10
3	2E-12	1E10	1E11	1E-30	2.01353178194474E-10	1E10	1E-30	1E10	0.271672574640751	1E-30	2.98608484386116E-11	0.728900102102432	1.92000405744365E-10	7.09923171957324E-13	0.24928990883874	5.29956322656792E-11	1.34038437911295E-12	1.67384114367765	1.80795596964447E-12	1.97853667830706E-11	36.4537603379721	5.63568207299234E-12	4.38531465765245E-12	11.3900901173092	2.16392260381119E-12	9.38745289269381E-12	24.6015128421273	1.09067419255733E-12	1.26201263605054E-11	42.7243770412125	1E10	1E-30	1E-10	1E10	1E-30	1E-10	1E10	1E-30	1E-10	1E10	1E-30	1E-10	1E10	1E-30	1E-10	1E10	1E-30	1E-10	1E10	1E-30	1E-10	1E10	1E-30	1E-10
4	2.2E-12	1E10	1E11	1E-30	1.91214241341735E-10	1E10	1E-30	1E10	0.266995594076945	1E-30	2.21651621627435E-11	7.91425276515253	1E-30	2.63950821109839E-11	0.586255302940037	3.32796699866395E-11	2.28391419032951E-12	2.59658522411431	4.12640312177711E-12	1.11375197258725E-11	17.3458259539011	3.1585013466307E-12	6.64004227856443E-12	14.7615575844153	1.28092315377408E-12	1.01454755417621E-11	38.2365916331263	1E10	1E-30	1E-10	1E10	1E-30	1E-10	1E10	1E-30	1E-10	1E10	1E-30	1E-10	1E10	1E-30	1E-10	1E10	1E-30	1E-10	1E10	1E-30	1E-10	1E10	1E-30	1E-10	1E10	1E-30	1E-10
5	3E-12	1E10	1E11	1E-30	2.2728393192213E-10	1E10	1E-30	1E10	0.250478848624439	1E-30	2.30712890010271E-11	0.434883552206843	5.81690103899572E-11	5.43100926380523E-12	0.570293551138265	7.80341750677631E-12	2.3076364631011E-11	1E5	1E10	1E-30	1E-10	1E10	1E-30	1E-10	1E10	1E-30	1E-10	1E10	1E-30	1E-10	1E10	1E-30	1E-10	1E10	1E-30	1E-10	1E10	1E-30	1E-10	1E10	1E-30	1E-10	1E10	1E-30	1E-10	1E10	1E-30	1E-10	1E10	1E-30	1E-10	1E10	1E-30	1E-10
6	3E-12	1E10	1E11	1E-30	2.03627891588994E-10	1E10	1E-30	1E10	0.248974195671586	1E-30	1.07703273506585E-11	3.36498823615809	1E-30	2.33304188341443E-11	0.46556737855487	2.99057102019721E-11	3.38295000663744E-12	1.92271464011399	4.01712845528315E-12	1.46944119476885E-11	13.3322036035028	3.35729778200511E-12	8.46154960968113E-12	17.7133340098878	3.52082535916738E-12	5.74346363429911E-12	17.3547018566354	1E10	1E-30	1E-10	1E10	1E-30	1E-10	1E10	1E-30	1E-10	1E10	1E-30	1E-10	1E10	1E-30	1E-10	1E10	1E-30	1E-10	1E10	1E-30	1E-10	1E10	1E-30	1E-10	1E10	1E-30	1E-10
7	3.3E-12	1E10	1E11	1E-30	1.79882463141444E-10	1E10	1E-30	1E10	0.246480067050396	1E-30	1.73110322017492E-11	24.0106455466405	1E-30	2.49876828521088E-11	1.09576099659578	8.39935348795458E-11	1.44004466879448E-12	1.13347744334491	1.19235692520824E-11	5.81840323389031E-12	4.78555102354053	5.48592385973618E-12	6.70416463177434E-12	5.44665858809603	2.40155643735088E-12	1.18163680768014E-11	19.7850296294417	1.68445586307124E-12	1.13850611398288E-11	39.1205878631202	1E10	1E-30	1E-10	1E10	1E-30	1E-10	1E10	1E-30	1E-10	1E10	1E-30	1E-10	1E10	1E-30	1E-10	1E10	1E-30	1E-10	1E10	1E-30	1E-10	1E10	1E-30	1E-10
8	3.29999999999999E-12	1E10	1E11	1E-30	1.30233770546583E-10	1E10	1E-30	1E10	0.248298072365573	1E-30	9.4413110861145E-12	0.236362281293822	3.16402725080446E-12	7.84873879813626E-11	1E5	9.53871051259801E-12	2.08987693673264E-11	3.24789500535326	1E10	1E-30	1E-10	1E10	1E-30	1E-10	1E10	1E-30	1E-10	1E10	1E-30	1E-10	1E10	1E-30	1E-10	1E10	1E-30	1E-10	1E10	1E-30	1E-10	1E10	1E-30	1E-10	1E10	1E-30	1E-10	1E10	1E-30	1E-10	1E10	1E-30	1E-10	1E10	1E-30	1E-10
9	4E-12	1E10	1E11	1E-30	1.37024132780139E-10	1E10	1E-30	1E10	0.237488793987237	2.35985597607412E-11	1.55901258772951E-11	1.08512365570488	2.86393316573925E-12	8.67116025570352E-11	1E5	1E10	1E-30	1E-10	1E10	1E-30	1E-10	1E10	1E-30	1E-10	1E10	1E-30	1E-10	1E10	1E-30	1E-10	1E10	1E-30	1E-10	1E10	1E-30	1E-10	1E10	1E-30	1E-10	1E10	1E-30	1E-10	1E10	1E-30	1E-10	1E10	1E-30	1E-10	1E10	1E-30	1E-10	1E10	1E-30	1E-10
10	4E-12	1E10	1E11	1E-30	2.07147734010243E-10	1E10	1E-30	1E10	0.235777827767481	1E-30	2.25643798613519E-11	0.677122660709303	2.05671572062887E-10	6.24821926259726E-13	0.540633194893943	1.22920864606641E-11	5.17789795115424E-12	4.59758741971322	1.60318028917681E-12	2.76550237736733E-11	25.8491079507352	9.16974490243434E-12	3.1911186529617E-12	4.97296906996126	1E10	1E-30	1E-10	1E10	1E-30	1E-10	1E10	1E-30	1E-10	1E10	1E-30	1E-10	1E10	1E-30	1E-10	1E10	1E-30	1E-10	1E10	1E-30	1E-10	1E10	1E-30	1E-10	1E10	1E-30	1E-10	1E10	1E-30	1E-10
11	4.7E-12	1E10	1E11	1E-30	2.07207208381574E-10	1E10	1E-30	1E10	0.216660488056734	1E-30	1.17583596724252E-11	3.34315456836185	1E-30	1.7392189116553E-11	0.580542485430203	1.7562599894943E-10	8.59772359124321E-13	0.380064073824772	9.52967743823199E-12	7.06110829393827E-12	7.41065881909274	4.03667647456051E-12	8.55598262819724E-12	7.53516564567298	6.39779758561973E-12	3.89198240922669E-12	5.51012670363025	1E10	1E-30	1E-10	1E10	1E-30	1E-10	1E10	1E-30	1E-10	1E10	1E-30	1E-10	1E10	1E-30	1E-10	1E10	1E-30	1E-10	1E10	1E-30	1E-10	1E10	1E-30	1E-10	1E10	1E-30	1E-10
12	5E-12	1E10	1E11	1E-30	1.7610629152631E-10	1E10	1E-30	1E10	0.207689404758351	1E-30	5.38526290242611E-11	76.7668158267158	1E-30	1.62514283860853E-11	0.339672193938261	2.00053679967578E-10	7.97092157657119E-13	0.56970918555847	1.04921044227853E-11	6.58884694285733E-12	6.51191163381627	3.96926292538269E-12	8.60684693740291E-12	6.21396593157928	1E10	1E-30	1E-10	1E10	1E-30	1E-10	1E10	1E-30	1E-10	1E10	1E-30	1E-10	1E10	1E-30	1E-10	1E10	1E-30	1E-10	1E10	1E-30	1E-10	1E10	1E-30	1E-10	1E10	1E-30	1E-10	1E10	1E-30	1E-10
13	5E-12	1E10	1E11	1E-30	6.89155867246806E-11	1E10	1E-30	1E10	0.209999999999999	1.33123284979537E-12	1.48178797370606E-10	1E5	7.69993688070726E-12	2.44310253748686E-11	1.52734314160237	1E10	1E-30	1E-10	1E10	1E-30	1E-10	1E10	1E-30	1E-10	1E10	1E-30	1E-10	1E10	1E-30	1E-10	1E10	1E-30	1E-10	1E10	1E-30	1E-10	1E10	1E-30	1E-10	1E10	1E-30	1E-10	1E10	1E-30	1E-10	1E10	1E-30	1E-10	1E10	1E-30	1E-10	1E10	1E-30	1E-10
14	6E-12	1E10	1E11	1E-30	2.17640112444746E-10	1E10	1E-30	1E10	0.202455293330429	1E-30	1.59658456758295E-11	3.32297955476557	1E-30	1.4822147672224E-11	0.295688771467808	3.12198453975389E-10	6.50407248305983E-13	0.24178696261974	1.58013390903374E-11	5.51821893061202E-12	4.3292490769427	4.71132475011922E-12	7.80163857309545E-12	3.44258881367292	1E10	1E-30	1E-10	1E10	1E-30	1E-10	1E10	1E-30	1E-10	1E10	1E-30	1E-10	1E10	1E-30	1E-10	1E10	1E-30	1E-10	1E10	1E-30	1E-10	1E10	1E-30	1E-10	1E10	1E-30	1E-10	1E10	1E-30	1E-10
15	6.8E-12	1E10	1E11	1E-30	2.06952739448518E-10	1E10	1E-30	1E10	0.19773647633665	1E-30	2.21655055137666E-12	0.624625834899199	1E-30	1.54782912810588E-11	0.425578750968883	1.15183075608654E-10	2.17656041577833E-12	0.609219608878774	1.46645769392432E-11	6.96207596274152E-12	4.41959507436565	4.96191135467752E-12	8.43965952263397E-12	5.01759703019168	1E10	1E-30	1E-10	1E10	1E-30	1E-10	1E10	1E-30	1E-10	1E10	1E-30	1E-10	1E10	1E-30	1E-10	1E10	1E-30	1E-10	1E10	1E-30	1E-10	1E10	1E-30	1E-10	1E10	1E-30	1E-10	1E10	1E-30	1E-10
16	7E-12	1E10	1E11	1E-30	2.06952739448518E-10	1E10	1E-30	1E10	0.19773647633665	1E-30	2.21655055137666E-12	0.624625834899199	1E-30	1.54782912810588E-11	0.425578750968883	1.15183075608654E-10	2.17656041577833E-12	0.609219608878774	1.46645769392432E-11	6.96207596274152E-12	4.41959507436565	4.96191135467752E-12	8.43965952263397E-12	5.01759703019168	1E10	1E-30	1E-10	1E10	1E-30	1E-10	1E10	1E-30	1E-10	1E10	1E-30	1E-10	1E10	1E-30	1E-10	1E10	1E-30	1E-10	1E10	1E-30	1E-10	1E10	1E-30	1E-10	1E10	1E-30	1E-10	1E10	1E-30	1E-10
17	8E-12	1E10	1E11	1E-30	2.044588355548E-10	1E10	1E-30	1E10	0.183957260958375	1E-30	1.11663014819694E-11	3.50466985508043	1E-30	1.85952710259304E-11	0.251317235243627	1.44911997812382E-10	2.03476346219779E-12	0.545096995946957	1.57606265741054E-11	7.6228166197115E-12	4.08653924804302	1.19857136612053E-11	4.42663266908927E-12	2.32527214231246	2.82758128709951E-11	9.68244651777821E-13	1.44259159148061	3.51338667555051E-12	5.0605651502016E-12	8.95103171358889	1E10	1E-30	1E-10	1E10	1E-30	1E-10	1E10	1E-30	1E-10	1E10	1E-30	1E-10	1E10	1E-30	1E-10	1E10	1E-30	1E-10	1E10	1E-30	1E-10	1E10	1E-30	1E-10
18	9E-12	1E10	1E11	1E-30	2.13299654916179E-10	1E10	1E-30	1E10	0.181504720293449	1E-30	1.70548845077672E-11	7.37281523935637	1E-30	1.85262640873951E-11	0.267729077575991	1.36772018574289E-10	2.25947364894606E-12	0.442800743159522	1.45600210130822E-11	7.60627505116902E-12	3.68305615977429	9.32185821931377E-11	6.0896644639421E-13	0.429956561812643	2.3374805175609E-11	1.67377269692407E-12	1.91875914010142	1.42097938221991E-11	1.38118915611462E-12	3.48780105277331	1E10	1E-30	1E-10	1E10	1E-30	1E-10	1E10	1E-30	1E-10	1E10	1E-30	1E-10	1E10	1E-30	1E-10	1E10	1E-30	1E-10	1E10	1E-30	1E-10	1E10	1E-30	1E-10
19	1E-11	1E10	1E11	1E-30	2.22487164015715E-10	1E10	1E-30	1E10	0.17608692079091	1E-30	6.05496229773956E-12	1.73180115331059	1E-30	1.81271067357619E-11	0.310377615589898	1.44494553596402E-10	2.42214828641374E-12	0.506715891690639	1.59694403356683E-11	8.08423530878289E-12	3.67083213482163	2.15344056264095E-11	2.02462212009801E-12	2.47063533172411	7.80683203802415E-12	3.09536338603211E-12	3.64005688767071	1E10	1E-30	1E-10	1E10	1E-30	1E-10	1E10	1E-30	1E-10	1E10	1E-30	1E-10	1E10	1E-30	1E-10	1E10	1E-30	1E-10	1E10	1E-30	1E-10	1E10	1E-30	1E-10	1E10	1E-30	1E-10
20	1.5E-11	1E10	1E11	1E-30	1.93400290863461E-10	1E10	1E-30	1E10	0.178734595678105	1E-30	3.21735936850558E-11	62.7345497865899	1E-30	1.35924254817219E-11	0.226319872520449	3.07971835325696E-10	1.85988459772322E-12	0.336524842174806	2.66777060293867E-11	8.12959926424834E-12	1.70200776803253	2.33882923747101E-11	2.83739088943435E-12	2.0939270046905	5.10760484755174E-11	6.61898111848077E-13	0.754430722757296	2.78477940228351E-11	7.47708968081487E-13	1.42758877204141	5.58095200077581E-11	2.95912314889483E-13	0.931348252463303	1E10	1E-30	1E-10	1E10	1E-30	1E-10	1E10	1E-30	1E-10	1E10	1E-30	1E-10	1E10	1E-30	1E-10	1E10	1E-30	1E-10	1E10	1E-30	1E-10
21	2.2E-11	1E10	1E11	1E-30	1.73179674064125E-10	1E10	1E-30	1E10	0.142448512671324	1E-30	4.03232091755029E-11	13.7592674386386	1E-30	8.91659077941299E-12	0.154067623798531	4.5362126339145E-10	2.04032143961705E-12	0.351575530155356	3.50448749871845E-11	1.07806941247613E-11	1.45549875046418	9.91512040892099E-11	1.13812311210339E-12	0.495885843118013	3.4335281456491E-11	1.63868227811994E-12	0.532822135517862	1E10	1E-30	1E-10	1E10	1E-30	1E-10	1E10	1E-30	1E-10	1E10	1E-30	1E-10	1E10	1E-30	1E-10	1E10	1E-30	1E-10	1E10	1E-30	1E-10	1E10	1E-30	1E-10	1E10	1E-30	1E-10
22	2.19999999999999E-11	1E10	1E11	1E-30	2.00329386099754E-10	1E10	1E-30	1E10	0.148065632423283	1E-30	1.54241882524814E-11	0.290739099009491	1.13780198126953E-11	3.02284268559661E-11	4.55650856794853	1E10	1E-30	1E-10	1E10	1E-30	1E-10	1E10	1E-30	1E-10	1E10	1E-30	1E-10	1E10	1E-30	1E-10	1E10	1E-30	1E-10	1E10	1E-30	1E-10	1E10	1E-30	1E-10	1E10	1E-30	1E-10	1E10	1E-30	1E-10	1E10	1E-30	1E-10	1E10	1E-30	1E-10	1E10	1E-30	1E-10
23	3.3E-11	1E10	1E11	1E-30	8.57409433025515E-11	1E10	1E-30	1E10	0.146372678330003	1E-30	8.46391949211286E-12	0.111373376866824	9.35547991686431E-12	3.53595026751788E-11	3.6284744151207	6.74692129073953E-13	1.18384101458939E-10	1E5	1E10	1E-30	1E-10	1E10	1E-30	1E-10	1E10	1E-30	1E-10	1E10	1E-30	1E-10	1E10	1E-30	1E-10	1E10	1E-30	1E-10	1E10	1E-30	1E-10	1E10	1E-30	1E-10	1E10	1E-30	1E-10	1E10	1E-30	1E-10	1E10	1E-30	1E-10	1E10	1E-30	1E-10
24	4.7E-11	1E10	1E11	1E-30	1.66115018212034E-10	1E10	1E-30	1E10	0.125639901697348	1E-30	1.31134713186963E-11	0.164788740631507	5.80715635311416E-10	3.31509133297762E-12	0.261731872605627	9.56821364765212E-11	9.24034410716377E-12	1.09897868077642	1.69318535842418E-11	1.93529748378755E-11	2.52997149082083	4.90142685242827E-12	3.17743372050219E-11	1E5	1E10	1E-30	1E-10	1E10	1E-30	1E-10	1E10	1E-30	1E-10	1E10	1E-30	1E-10	1E10	1E-30	1E-10	1E10	1E-30	1E-10	1E10	1E-30	1E-10	1E10	1E-30	1E-10	1E10	1E-30	1E-10	1E10	1E-30	1E-10
25	6.8E-11	1E10	1E11	1E-30	1.95455110236615E-10	1E10	1E-30	1E10	0.122123076323907	1E-30	1.71962259000759E-11	0.216094147828596	1.33899489170436E-09	2.18127334690294E-12	0.156689975074061	1.28426758764928E-10	9.41791454871754E-12	0.800137471873299	1.46782361282245E-11	2.2684288185559E-11	2.71716659105079	7.35654455963274E-12	2.85578268452624E-11	1E5	1E10	1E-30	1E-10	1E10	1E-30	1E-10	1E10	1E-30	1E-10	1E10	1E-30	1E-10	1E10	1E-30	1E-10	1E10	1E-30	1E-10	1E10	1E-30	1E-10	1E10	1E-30	1E-10	1E10	1E-30	1E-10	1E10	1E-30	1E-10
26	9.99999999999999E-11	1E10	1E11	1E-30	1.82298503925413E-10	1E10	1E-30	1E10	0.111296055553232	1E-30	1.41570864593485E-11	8.00564378704651E-02	8.18087256459843E-10	5.6583444998274E-12	0.28120335898072	1.9298342948717E-10	1.09380271568291E-11	0.843917731100355	1.28789634433701E-11	3.08809966644605E-11	2.89007574720484	7.88382904149168E-12	3.35476287061055E-11	1E5	1E10	1E-30	1E-10	1E10	1E-30	1E-10	1E10	1E-30	1E-10	1E10	1E-30	1E-10	1E10	1E-30	1E-10	1E10	1E-30	1E-10	1E10	1E-30	1E-10	1E10	1E-30	1E-10	1E10	1E-30	1E-10	1E10	1E-30	1E-10
27	1.04576728093843E-10	1E10	1E10	1E-30	1.23846218383027E-10	1E10	1E-30	1E10	0.90795080536216	5.21072043849501E-09	1E10	219958.029343479	1.41578469057307E-08	1E10	3822.43245683177	1.16495891483601E-08	1E10	428.883975688805	7.26972909071895E-09	1E10	62.7801400318986	6.07238773983351E-09	1E10	8.73653824002235	2.99562939451665E-09	1E10	1.77096832453329	5.77864620561872E-10	1E10	0.91806360537724	1.42678342677361E-12	1.33484416161065E-10	24.7884608608815	1E10	1E-30	1E-10	1E10	1E-30	1E-10	1E10	1E-30	1E-10	1E10	1E-30	1E-10	1E10	1E-30	1E-10	1E10	1E-30	1E-10	1E10	1E-30	1E-10
28	2.17522607365935E-10	1E10	1E10	1E-30	1.3453588557538E-10	1E10	1E-30	1E10	0.482689948239594	1.94374931260151E-08	1E10	32477.2493787923	3.13981894774344E-08	1E10	1554.45888685567	2.5318100935494E-08	1E10	186.887063474154	1.67353443807284E-08	1E10	26.3672127373303	1.38474193138501E-08	1E10	3.83115774101215	5.65644798804629E-09	1E10	0.937896853456653	1.98317020289402E-09	1E10	0.267509302125861	1.00819269189542E-12	1.3686377657577E-10	18.229337632147	1E10	1E-30	1E-10	1E10	1E-30	1E-10	1E10	1E-30	1E-10	1E10	1E-30	1E-10	1E10	1E-30	1E-10	1E10	1E-30	1E-10	1E10	1E-30	1E-10
29	4.72160891684904E-10	1E10	1E10	1E-30	1.43636648878682E-10	1E10	1E-30	1E10	0.311314902152845	3.77696166504464E-08	1E10	27305.9210561399	6.96124369395146E-08	1E10	968.850639607347	5.24767447211509E-08	1E10	103.814216423107	3.60611252509191E-08	1E10	11.1598820007685	3.18545835936217E-08	1E10	1.45053076571298	1.65702532585231E-08	1E10	0.320161960530148	5.19065938779262E-09	1E10	0.147732601498799	1.34245305257328E-10	2.77351057795737E-11	0.308607869762513	1.72826023747275E-12	1.12742529080196E-10	19.8193651339834	1E10	1E-30	1E-10	1E10	1E-30	1E-10	1E10	1E-30	1E-10	1E10	1E-30	1E-10	1E10	1E-30	1E-10	1E10	1E-30	1E-10
30	1.06099777194715E-09	1E10	1E10	1E-30	1.85280898748672E-10	1E10	1E-30	1E10	0.186647790163583	1.51219851487609E-07	1E10	5356.70964987587	1.59292741802339E-07	1E10	560.916359800476	1.31836724056211E-07	1E10	73.9431771073507	1.0461857667689E-07	1E10	9.74760914920349	8.37135135972275E-08	1E10	1.69160330151503	7.80830106314392E-08	1E10	0.279497520730031	1.94785189552361E-08	1E10	0.114480716115574	1E-30	2.94114351798335E-11	0.446231246861613	1.68829816901417E-09	7.75885819920143E-12	0.095570404482803	9.32799210846299E-12	2.67999722657442E-11	5.58646301625155	1E10	1E-30	1E-10	1E10	1E-30	1E-10	1E10	1E-30	1E-10	1E10	1E-30	1E-10	1E10	1E-30	1E-10
31	1.06099777194715E-09	1E10	1E10	1E-30	1.85280898748672E-10	1E10	1E-30	1E10	0.186647790163583	1.51219851487609E-07	1E10	5356.70964987587	1.59292741802339E-07	1E10	560.916359800476	1.31836724056211E-07	1E10	73.9431771073507	1.0461857667689E-07	1E10	9.74760914920349	8.37135135972275E-08	1E10	1.69160330151503	7.80830106314392E-08	1E10	0.279497520730031	1.94785189552361E-08	1E10	0.114480716115574	1E-30	2.94114351798335E-11	0.446231246861613	1.68829816901417E-09	7.75885819920143E-12	0.095570404482803	9.32799210846299E-12	2.67999722657442E-11	5.58646301625155	1E10	1E-30	1E-10	1E10	1E-30	1E-10	1E10	1E-30	1E-10	1E10	1E-30	1E-10	1E10	1E-30	1E-10
32	2.29658805551075E-09	1E10	2E9	1E-30	1.68438026134049E-10	1E10	1E-30	1E10	0.134241227630551	2.74123815308792E-07	1E10	16062.4227443401	3.6788094421477E-07	1E10	2217.23156076866	1.29884784766514E-06	1E10	156.967973644963	3.32207385901961E-07	1E10	153.394946343869	2.78726769582561E-07	1E10	18.8717012087303	1.84932547934237E-07	1E10	2.59895204096215	1.40730337911216E-07	1E10	0.393958378039458	1.15655567039682E-07	1E10	5.59609936987623E-02	9.49329223749976E-09	6.43269687038658E-12	1.73040692928218E-02	8.724755261748E-10	2.4243939035098E-11	0.130849128440379	2.24780055247894E-12	7.64123027686083E-11	8.31370789764317	1E10	1E-30	1E-10	1E10	1E-30	1E-10	1E10	1E-30	1E-10	1E10	1E-30	1E-10
33	4.75164759671902E-09	1E10	1E10	1E-30	1.48213418843177E-10	1E10	1E-30	1E10	8.46172843696545E-02	4.98463391894807E-07	1E10	5116.18914308009	7.7501045573664E-07	1E10	644.090052376895	6.24602419720693E-07	1E10	93.0993377647391	5.36310246215013E-07	1E10	9.0215836984456	3.86359661639151E-07	1E10	1.43782854010426	3.10560649201811E-07	1E10	0.23580469670199	2.22800831957807E-07	1E10	2.38112430869849E-02	1E-30	5.4864551375071E-11	0.258543107313634	1.40078234520369E-08	9.49007410732032E-12	2.74364689594684E-02	2.164773829003E-12	9.00086777985285E-11	24.5067854140363	1E10	1E-30	1E-10	1E10	1E-30	1E-10	1E10	1E-30	1E-10	1E10	1E-30	1E-10	1E10	1E-30	1E-10
34	9.86772060698095E-09	1E10	5E9	1E-30	1.70281341176079E-10	1E10	1E-30	1E10	4.91628479649447E-02	1.20014869002197E-06	1E10	3078.431917642	1.89022988294317E-06	1E10	329.859922961303	1.55018698204022E-06	1E10	84.7870554884197	1.23903706541022E-06	1E10	11.0056216490124	9.08816067959269E-07	1E10	1.57116892204141	5.81275589504998E-07	1E10	0.257227141557499	5.60422402314005E-07	1E10	2.11925584426007E-02	1E-30	5.10969598592957E-11	0.197023647526998	1.54974695781459E-08	1.60058495585246E-11	3.91163296206059E-02	4.33631931223778E-12	4.19524986103718E-11	13.2977993565753	1E10	1E-30	1E-10	1E10	1E-30	1E-10	1E10	1E-30	1E-10	1E10	1E-30	1E-10	1E10	1E-30	1E-10
35	8.01759681854483E-08	1E10	5E8	1E-30	1.62552934227754E-10	1E10	1E-30	1E10	2.89209466523481E-02	3.75628150085031E-06	1E10	644.567945167063	4.93942663571868E-06	1E10	110.167405850414	4.17808942827401E-06	1E10	23.2348492564191	3.98689013345181E-06	1E10	4.30160891985219	3.12832171341231E-06	1E10	0.98229500603597	2.29327625659419E-06	1E10	0.204080091285218	1.48069256325291E-06	1E10	3.81869910228338E-02	1E-30	2.08187996539893E-11	7.42855930305183E-02	1E-30	4.33845599176757E-11	5.18674438552262E-02	6.17754628292688E-07	5.63173037243727E-12	8.92616266968373E-03	1.15168369282245E-07	1.22387706909302E-11	1.48938699494413E-02	2.61315624257775E-11	1.89432924348374E-11	0.27310730202121	1E10	1E-30	1E-10	1E10	1E-30	1E-10	1E10	1E-30	1E-10
36	8.01759681854483E-08	1E10	5E8	1E-30	1.62552934227754E-10	1E10	1E-30	1E10	2.89209466523481E-02	3.75628150085031E-06	1E10	644.567945167063	4.93942663571868E-06	1E10	110.167405850414	4.17808942827401E-06	1E10	23.2348492564191	3.98689013345181E-06	1E10	4.30160891985219	3.12832171341231E-06	1E10	0.98229500603597	2.29327625659419E-06	1E10	0.204080091285218	1.48069256325291E-06	1E10	3.81869910228338E-02	1E-30	2.08187996539893E-11	7.42855930305183E-02	1E-30	4.33845599176757E-11	5.18674438552262E-02	6.17754628292688E-07	5.63173037243727E-12	8.92616266968373E-03	1.15168369282245E-07	1.22387706909302E-11	1.48938699494413E-02	2.61315624257775E-11	1.89432924348374E-11	0.27310730202121	1E10	1E-30	1E-10	1E10	1E-30	1E-10	1E10	1E-30	1E-10
END DSCRDATA
