BEGIN DSCRDATA
% INDEX	K01	L01	M01	K02	L02	M02	K03	L03	M03	K04	L04	M04	K05	L05	M05	K06	L06	M06	K07	L07	M07	K08	L08	M08	K09	L09	M09	K10	L10	M10	K11	L11	M11	K12	L12	M12	K13	L13	M13	K14	L14	M14	K15	L15	M15	K16	L16	M16	K17	L17	M17	K18	L18	M18
0	0	0	0	0	0	0	0	0	0	0	0	0	0	0	0	0	0	0	0	0	0	0	0	0	0	0	0	0	0	0	0	0	0	0	0	0	0	0	0	0	0	0	0	0	0	0	0	0	0	0	0	0	0	0
1	4.72751075141824E-09	1E10	1E11	1E-30	5.07308927627602E-11	1E10	1E-30	1E10	8.05751576817669E-03	1E-30	1.37294606113853E-10	0.375164844573298	1E-30	8.82718915367152E-11	1.00496127546609E-02	2.53151959605331E-08	3.6340916815869E-11	0.27393501529975	6.72311698045316E-09	4.62336368158385E-11	0.460330365972395	8.3602863733788E-09	1.12080319351436E-11	0.123741450284687	1.13277797904629E-12	5.03878891524132E-10	470.315872847629	6.87925184699918E-13	4.54463367719024E-12	125892.541179416	1E10	1E-30	1E-10	1E10	1E-30	1E-10	1E10	1E-30	1E-10	1E10	1E-30	1E-10	1E10	1E-30	1E-10	1E10	1E-30	1E-10	1E10	1E-30	1E-10	1E10	1E-30	1E-10
2	6.70053776361164E-09	1E10	1E11	1E-30	7.94328234724281E-11	1E10	1E-30	1E10	8.53199368638017E-03	1E-30	1.15548008217547E-10	0.36388400398564	1E-30	9.65819344109051E-11	0.015734164415647	3.97421009243203E-08	2.94279396295631E-11	0.154852751323307	7.49609598210153E-09	5.39714405470262E-11	0.300075808779251	1.37461921409929E-08	8.06474136798873E-12	8.65309751284811E-02	1.15919392606798E-12	5.55685756415928E-10	1207.72083980913	1E10	1E-30	1E-10	1E10	1E-30	1E-10	1E10	1E-30	1E-10	1E10	1E-30	1E-10	1E10	1E-30	1E-10	1E10	1E-30	1E-10	1E10	1E-30	1E-10	1E10	1E-30	1E-10	1E10	1E-30	1E-10
3	1.00299801709403E-08	1E10	1E11	1E-30	1.06898104475111E-10	1E10	1E-30	1E10	7.50900984025791E-03	1E-30	1.33450866553621E-10	0.308598199653818	1E-30	1.08709900264643E-10	1.08472436135459E-02	5.15509673605328E-08	3.75544325866534E-11	0.21155919738988	1.36386674817826E-08	5.17456074537397E-11	0.321885356363757	7.28401425793827E-08	4.82329221363085E-12	4.16246458997882E-02	2.21317952532505E-08	8.83058409057385E-12	0.102176389402442	1.22360649629042E-12	4.40739776876283E-10	752.343464390494	1E10	1E-30	1E-10	1E10	1E-30	1E-10	1E10	1E-30	1E-10	1E10	1E-30	1E-10	1E10	1E-30	1E-10	1E10	1E-30	1E-10	1E10	1E-30	1E-10	1E10	1E-30	1E-10
4	3.3E-8	1E10	30303030303.0303	1E-30	1.13933100432007E-13	1E10	1E-30	1E10	5.02034790311102E-03	1E-30	1.54854774810375E-10	0.206642699388813	1E-30	1.59461865169005E-10	9.12600515550022E-04	7.58642070017941E-08	7.11596554515909E-11	0.174509100789879	5.04717659704138E-08	4.61588665820569E-11	0.217180386478852	6.70862601794296E-08	1.58524803495925E-11	3.64733946597693E-02	7.48843272600598E-08	9.06734866945831E-12	4.37062784574705E-02	8.8156330050521E-13	4.4846705320385E-10	1247.03450000446	1E10	1E-30	1E-10	1E10	1E-30	1E-10	1E10	1E-30	1E-10	1E10	1E-30	1E-10	1E10	1E-30	1E-10	1E10	1E-30	1E-10	1E10	1E-30	1E-10	1E10	1E-30	1E-10
5	4.70082556083344E-08	1E10	21276595744.6808	1E-30	1.48262048260183E-11	1E10	1E-30	1E10	4.04226832735123E-03	1E-30	2.12612039269476E-10	0.155437412439361	1E-30	5.45296954911233E-11	1.7248489315691E-03	1.28842009804028E-07	7.78297389009376E-11	0.221394645494712	6.32322016047144E-08	6.75579944563924E-11	0.186460354869566	2.32371818328687E-07	8.71247194690261E-12	3.41170235028054E-02	1.56854169183965E-07	8.00575535365191E-12	4.97315112423695E-02	1.10506569170945E-12	4.22922402415536E-10	640.06391282446	1E10	1E-30	1E-10	1E10	1E-30	1E-10	1E10	1E-30	1E-10	1E10	1E-30	1E-10	1E10	1E-30	1E-10	1E10	1E-30	1E-10	1E10	1E-30	1E-10	1E10	1E-30	1E-10
6	6.78628735786548E-08	1E10	14705882352.9411	1E-30	1.1883471372624E-11	1E10	1E-30	1E10	3.09679900369844E-03	1E-30	1.13486183399101E-11	0.511660094653821	1E-30	1.59309649979635E-10	0.131907083987336	1E-30	1.22577735189638E-10	3.29882324592059E-03	1E-30	2.74212426522362E-10	8.10052258740162E-04	1.67366121059181E-07	1.01323823031226E-10	0.178630198151576	1.0510475849464E-07	7.20628082962742E-11	0.193923554143034	2.67753247484824E-07	1.47284562588861E-11	3.76060739492352E-02	8.31144040767272E-08	2.88920720932165E-11	6.55122317919664E-02	7.67012711268435E-13	5.50430635446635E-10	1052.63687350599	1E10	1E-30	1E-10	1E10	1E-30	1E-10	1E10	1E-30	1E-10	1E10	1E-30	1E-10	1E10	1E-30	1E-10	1E10	1E-30	1E-10
7	9.74676165474964E-08	1E10	1E10	1E-30	6.76052044813973E-11	1E10	1E-30	1E10	3.08460388975214E-03	1E-30	1.69020693658284E-11	0.39901342406128	1E-30	1.62406424862099E-10	0.136909766687064	1E-30	1.2851043445953E-10	2.23705852160616E-03	1E-30	2.06735270911014E-11	1.71097863016077E-03	1.99464934732766E-07	1.28397393231144E-10	0.20914126874584	1.64764856292857E-07	7.57634845606926E-11	0.185695904763662	3.1428759087976E-07	2.10225453867272E-11	6.78962576466236E-02	1.502274818772E-07	2.70968742713242E-11	7.77116036306582E-02	4.09955475665131E-08	4.57959059547505E-11	5.07493626754306E-02	1.22599356824984E-12	3.44002504655177E-10	868.73474433118	1E10	1E-30	1E-10	1E10	1E-30	1E-10	1E10	1E-30	1E-10	1E10	1E-30	1E-10	1E10	1E-30	1E-10
8	2.18181636327238E-07	1E10	227272727.272727	1E-30	1.06282501310329E-10	1E10	1E-30	1E10	1.20445777858598E-02	3.06308898783969E-05	1E10	120.616017753466	6.60722736603061E-05	1E10	11.7870461992154	4.87856386818675E-05	1E10	3.90305782691331	5.59462038209823E-05	1E10	0.618592977965698	3.54577857089094E-05	1E10	0.237130417490132	2.74150947537699E-05	1E10	3.86108289422814E-02	3.04272546519949E-05	1E10	7.14844933112931E-03	1.00501881185268E-05	1E10	5.27867210758984E-03	1E-30	3.01146537414777E-11	0.11535037367951	1E-30	2.16320609066104E-10	8.27952192057147E-02	1.10504658679498E-06	3.45346565847013E-11	2.05750786558625E-02	2.80355577682604E-07	5.76215589741812E-11	2.65254041353727E-02	1.40022638897581E-11	9.49240100507468E-11	10.3330656414462	1.67495584292895E-12	3.15061737516837E-10	86.3821649463389	1E10	1E-30	1E-10
9	2.22765950930771E-06	1E10	22727272.7272727	1E-30	4.0872423985581E-11	1E10	1E-30	1E10	4.28934088676489E-03	3.3132618852734E-04	1E10	11.5996026465565	4.36583557134256E-04	1E10	1.46093704588834	2.76380226838784E-04	1E10	0.349294629249147	2.54051534163841E-04	1E10	5.00930015334727E-02	3.48076620764796E-04	1E10	6.20903378382751E-03	2.43220049413044E-04	1E10	2.18122016771751E-03	1E-30	4.27813188268332E-11	6.72007384686311E-02	1E-30	3.21362744451411E-10	3.86041548236757E-02	5.71929514821462E-06	1.01814233751979E-10	1.63692469672882E-02	2.41224126382937E-06	1.06892759308618E-10	1.61190483535631E-02	2.13679708293392E-11	5.72120131880118E-11	3.92015508590248	1.50392888934352E-12	3.04570495670145E-10	117.584565939718	1E10	1E-30	1E-10	1E10	1E-30	1E-10	1E10	1E-30	1E-10
10	7.1334216521225E-06	1E10	5E6	1E-30	4.14136330905557E-12	1E10	1E-30	1E10	3.37072327819641E-03	2.41508179889629E-04	1E10	5.82813043194979	2.32125610228462E-04	1E10	0.629330097556778	1.8615554745929E-04	1E10	8.44490801526273E-02	1.30900737216733E-04	1E10	1.14523732033205E-02	1E-30	4.55329877282222E-11	4.35154362736437E-02	1E-30	4.12878558489561E-10	2.19760855528883E-02	2.08259242759023E-05	9.3738272472725E-11	7.66454880813471E-03	1.05547053188709E-05	8.49369703725839E-11	8.05815301573741E-03	2.21435162228084E-11	6.33823469668765E-11	11.5190449792243	1.02685974782708E-12	4.0610015414987E-10	147.415343234612	1E10	1E-30	1E-10	1E10	1E-30	1E-10	1E10	1E-30	1E-10	1E10	1E-30	1E-10	1E10	1E-30	1E-10
11	1.4753210601832E-05	1E10	2272727	1E-30	2.64467103745969E-11	1E10	1E-30	1E10	3.04001753904608E-03	4.29485712629035E-04	1E10	3.22412163234021	5.24493681209944E-04	1E10	0.316919002632165	4.91546361430155E-04	1E10	4.87715539911754E-02	3.50189352743363E-04	1E10	7.79646048887961E-03	1E-30	1.88467921519366E-11	4.70447830744614E-02	1E-30	6.9523773432283E-11	2.59132462820116E-02	1E-30	4.85718755562204E-10	1.36957628979612E-02	5.7596679663468E-05	8.14076144607799E-11	3.98907596367803E-03	2.92412220512475E-05	7.69210612638529E-11	4.60447809762541E-03	2.08027292481725E-11	6.36407480944771E-11	15.151218929481	1.15737111330797E-12	3.88925796139233E-10	128.934555912028	1E10	1E-30	1E-10	1E10	1E-30	1E-10	1E10	1E-30	1E-10	1E10	1E-30	1E-10
12	1.63725874066896E-05	1E10	2272727	1E-30	3.23198149554646E-10	1E10	1E-30	1E10	2.43943787678338E-03	6.51233982054088E-04	1E10	8.13963662400283	9.48493136705171E-04	1E10	0.709841818454488	8.81034594517649E-04	1E10	0.122223870890541	8.65597196770896E-04	1E10	1.82311837468356E-02	9.77887310743292E-04	1E10	3.80854363081982E-03	7.30694858705554E-04	1E10	9.28891772705215E-04	1E-30	2.07626512629929E-11	4.41884578997903E-02	1E-30	5.5164257230952E-11	1.74557471390663E-02	1E-30	5.26787307133964E-10	1.22618622736426E-02	4.9491737820376E-05	1.03365305833398E-10	4.50329719259119E-03	3.78668936758943E-05	6.65977733662154E-11	4.59582901005464E-03	7.53260285578037E-12	1.391495192286E-10	18.5551224732417	1E10	1E-30	1E-10	1E10	1E-30	1E-10	1E10	1E-30	1E-10
END DSCRDATA
