BEGIN DSCRDATA
% INDEX	K01	L01	M01	K02	L02	M02	K03	L03	M03	K04	L04	M04	K05	L05	M05	K06	L06	M06	K07	L07	M07	K08	L08	M08	K09	L09	M09	K10	L10	M10	K11	L11	M11	K12	L12	M12	K13	L13	M13	K14	L14	M14	K15	L15	M15	K16	L16	M16	K17	L17	M17	K18	L18	M18
0	0	0	0	0	0	0	0	0	0	0	0	0	0	0	0	0	0	0	0	0	0	0	0	0	0	0	0	0	0	0	0	0	0	0	0	0	0	0	0	0	0	0	0	0	0	0	0	0	0	0	0	0	0	0
1	7.02923547355164E-09	1E10	1E10	1E-30	3.26454529571698E-10	1E10	1E-30	1E10	8.59334187912494E-02	6.36229369014402E-07	1E10	2628.11488840116	7.95452434808981E-07	1E10	399.424633829579	7.00073892740786E-07	1E10	81.4052773986327	6.81876696306928E-07	1E10	14.0406429667146	4.75737702989879E-07	1E10	2.87664718393596	3.58690789758075E-07	1E10	0.559066272485521	2.45370684888896E-07	1E10	9.80346587110346E-02	1E-30	4.67062867831864E-11	0.45560417326565	1E-30	3.56166713639022E-11	0.18591190821644	4.05699141418473E-08	8.39730688408782E-12	5.66209235710709E-02	8.51364091261511E-09	1.2239217475287E-11	9.78722617214933E-02	9.05047972034468E-12	2.65082771799591E-10	24.0350319654686	1E10	1E-30	1E-10	1E10	1E-30	1E-10	1E10	1E-30	1E-10
2	1.01904602396133E-08	1E10	1E10	1E-30	3.77446273530806E-10	1E10	1E-30	1E10	7.19143337419289E-02	1.12149654370776E-06	1E10	1631.97937740842	1.34529407439503E-06	1E10	269.947959336772	1.17364901023744E-06	1E10	57.8366214391052	1.11283842782456E-06	1E10	11.067126852953	8.37585289585506E-07	1E10	2.29418833598246	6.5522209867799E-07	1E10	0.346660459909812	4.12246433280721E-07	1E10	0.109795237094554	1E-30	3.09122410340024E-11	0.28847918430966	1E-30	7.14291488039492E-11	0.225715473694656	3.75300480796907E-08	1.94353412730399E-11	7.87444064626818E-02	9.08830785445811E-09	2.41935996197993E-11	0.100781056553971	1.23241356160858E-11	1.48564381414E-10	9.40856063494532	1E10	1E-30	1E-10	1E10	1E-30	1E-10	1E10	1E-30	1E-10
3	1.49895606257184E-08	1E10	6666666666.66666	1E-30	3.26970867260793E-10	1E10	1E-30	1E10	4.85502773208134E-02	1.5524034752781E-06	1E10	1180.36997863472	1.85543557203418E-06	1E10	214.829559647989	1.59084422397402E-06	1E10	47.1155570238836	1.51475608409932E-06	1E10	8.96525242478257	1.25178934995024E-06	1E10	1.7867293709204	8.84731390664275E-07	1E10	0.393099602271596	6.25812740369547E-07	1E10	5.53637941944797E-02	1E-30	4.82647343106247E-11	0.268811595856647	1E-30	8.12518186115724E-11	0.200013534573978	5.17197728769028E-08	3.14235941315858E-11	0.103728708970406	1.28864579765136E-08	4.1735141148573E-11	0.12078586803609	9.91572052253131E-12	2.52822253910242E-10	21.5026360479547	1E10	1E-30	1E-10	1E10	1E-30	1E-10	1E10	1E-30	1E-10
4	1.51874515200243E-08	1E10	6666666666.66666	1E-30	3.22416612534488E-10	1E10	1E-30	1E10	4.85502773208134E-02	1.75124852108427E-06	1E10	1093.09121825273	2.06483511624184E-06	1E10	190.566365249473	1.7686881578703E-06	1E10	42.1169936636074	1.66589689779502E-06	1E10	8.12794017882276	1.38344075159786E-06	1E10	1.65261010798497	9.46536839090511E-07	1E10	0.35618039480842	6.19764537989579E-07	1E10	5.27651177743798E-02	1E-30	4.86262125117856E-11	0.273004933139861	1E-30	8.10103576036814E-11	0.200222957815189	5.23033247889276E-08	3.10486265936818E-11	0.103009511192583	1.29322784359946E-08	4.15579410002942E-11	0.120572491042005	9.88869871221844E-12	2.53660819663577E-10	21.7292121905162	1E10	1E-30	1E-10	1E10	1E-30	1E-10	1E10	1E-30	1E-10
5	2.23976779886868E-08	1E10	4545454545.45454	1E-30	3.45341728836125E-10	1E10	1E-30	1E10	4.07739492675476E-02	2.49818962421617E-06	1E10	793.96119585722	2.94238771193555E-06	1E10	152.225036512431	2.54911924399851E-06	1E10	34.0600721437405	2.40093743039085E-06	1E10	6.94622137116871	2.03178041140823E-06	1E10	1.44099268190624	1.69886575755508E-06	1E10	0.317595475218075	1.15428990257953E-06	1E10	6.07062770286977E-02	1E-30	3.82000650364641E-11	0.220378065767082	1E-30	7.24334062785787E-11	0.19456530191696	7.81748254206184E-08	2.44532416009072E-11	0.077798646502048	1.53660454567757E-08	4.19913403744327E-11	0.105613185461318	1.49950958264531E-11	1.1310810145327E-10	7.10854705929821	1E10	1E-30	1E-10	1E10	1E-30	1E-10	1E10	1E-30	1E-10
6	2.23087144970189E-08	1E10	4545454545.45454	1E-30	3.91248641995221E-10	1E10	1E-30	1E10	3.26205422560961E-02	2.3119997425538E-06	1E10	798.175925009613	2.48805493449347E-06	1E10	185.686123632817	2.16194769332199E-06	1E10	39.914064285213	2.16375611648874E-06	1E10	7.90655241695371	1.77874613217498E-06	1E10	1.64100192890941	1.27167930775035E-06	1E10	0.364494266781633	1.31764178502465E-06	1E10	5.55220869046951E-02	1E-30	1.21583112939368E-10	0.196040777227256	1E-30	2.34287109332637E-11	0.123956528023392	4.95845862013594E-08	6.60648632255976E-11	0.173200633428565	2.05292828162542E-08	5.69085296489949E-11	0.146009692526362	2.60069534841862E-11	7.33117614201405E-11	3.26908941296086	1E10	1E-30	1E-10	1E10	1E-30	1E-10	1E10	1E-30	1E-10
7	3.39615332533556E-08	1E10	3030303030.30303	1E-30	4.01942448426641E-10	1E10	1E-30	1E10	3.10141367239405E-02	4.31860991867569E-06	1E10	495.869685415769	4.53685132560575E-06	1E10	126.410460091251	4.10399849088493E-06	1E10	27.426229474685	3.87766717306462E-06	1E10	5.94865893181009	3.40957410843184E-06	1E10	1.26558562746923	3.00360684145318E-06	1E10	0.307393943643722	1.88829587230477E-06	1E10	0.05717723585183	1E-30	1.11386783070314E-11	0.133413299785375	1E-30	7.84354671170468E-11	0.131344100974611	1.02400263956149E-07	4.45329688610362E-11	0.101300925569544	2.28452894311206E-08	6.82435284931818E-11	0.118407845523654	1.45229342045035E-11	1.63356430139011E-10	12.2198744984417	1E10	1E-30	1E-10	1E10	1E-30	1E-10	1E10	1E-30	1E-10
8	4.74960896690604E-08	1E10	2127659574.46808	1E-30	3.25228373899065E-10	1E10	1E-30	1E10	2.44624409831701E-02	5.95219112033804E-06	1E10	310.479456867337	5.00910141831139E-06	1E10	131.658546037335	4.59617460306581E-06	1E10	26.7094112758531	4.53570130944826E-06	1E10	5.94687714893816	3.98748403142616E-06	1E10	1.2943960582359	3.48689625664446E-06	1E10	0.313362729211105	2.29356658147659E-06	1E10	6.07680777646596E-02	1E-30	9.77118780962011E-11	0.122983133574793	1E-30	3.23301697236328E-11	7.36425461848982E-02	1.32284545619569E-07	5.9789363878354E-11	0.114392893282495	3.34791950885581E-08	8.56870374339763E-11	0.109112874162182	2.62413163932415E-11	7.16009024567962E-11	3.12843374271406	1E10	1E-30	1E-10	1E10	1E-30	1E-10	1E10	1E-30	1E-10
9	6.8569730779714E-08	1E10	1470588235.29411	1E-30	3.79739122802377E-10	1E10	1E-30	1E10	2.96476737688362E-02	6.51481402433125E-06	1E10	269.66523999335	8.02061904740956E-06	1E10	42.3259095122047	6.69655172678713E-06	1E10	9.15395111897706	6.1149346053929E-06	1E10	1.63769714240336	5.03490467261004E-06	1E10	0.351074889553182	3.47682174221127E-06	1E10	5.19831102954122E-02	1E-30	2.33056905883528E-11	9.40187816646798E-02	1E-30	8.87467183583858E-11	6.53142035377258E-02	3.39306229864465E-07	1.94296748187154E-11	2.70980922149641E-02	6.19481763656128E-08	2.93585804252103E-11	3.66547159657936E-02	1.24838488687826E-11	1.44507297138104E-10	8.3552896904289	1E10	1E-30	1E-10	1E10	1E-30	1E-10	1E10	1E-30	1E-10	1E10	1E-30	1E-10
10	6.8569730779714E-08	1E10	1470588235.29411	1E-30	3.79739122802377E-10	1E10	1E-30	1E10	2.96476737688362E-02	6.51481402433125E-06	1E10	269.66523999335	8.02061904740956E-06	1E10	42.3259095122047	6.69655172678713E-06	1E10	9.15395111897706	6.1149346053929E-06	1E10	1.63769714240336	5.03490467261004E-06	1E10	0.351074889553182	3.47682174221127E-06	1E10	5.19831102954122E-02	1E-30	2.33056905883528E-11	9.40187816646798E-02	1E-30	8.87467183583858E-11	6.53142035377258E-02	3.39306229864465E-07	1.94296748187154E-11	2.70980922149641E-02	6.19481763656128E-08	2.93585804252103E-11	3.66547159657936E-02	1.24838488687826E-11	1.44507297138104E-10	8.3552896904289	1E10	1E-30	1E-10	1E10	1E-30	1E-10	1E10	1E-30	1E-10	1E10	1E-30	1E-10
11	1.0430147347298E-07	1E10	1E9	1E-30	3.48106111260248E-10	1E10	1E-30	1E10	2.10392401377401E-02	9.81504615463567E-06	1E10	185.710353698874	1.16056419097215E-05	1E10	35.1690792509288	9.55608051173322E-06	1E10	7.89743815466177	8.70752230436619E-06	1E10	1.47685129680851	7.95844332894113E-06	1E10	0.306849009706436	7.58095690708895E-06	1E10	3.91977381950127E-02	1E-30	2.77965748289214E-11	8.80059786563493E-02	1E-30	1.27306895265781E-10	6.19715586161937E-02	4.52288332958783E-07	3.30481762377453E-11	3.85539348914216E-02	8.80056384197783E-08	5.48793456035643E-11	0.040603560528497	1.04014602360274E-11	2.09136880652226E-10	16.8355530810918	1E10	1E-30	1E-10	1E10	1E-30	1E-10	1E10	1E-30	1E-10	1E10	1E-30	1E-10
12	1.0430147347298E-07	1E10	1E9	1E-30	3.48106111260248E-10	1E10	1E-30	1E10	2.10392401377401E-02	9.81504615463567E-06	1E10	185.710353698874	1.16056419097215E-05	1E10	35.1690792509288	9.55608051173322E-06	1E10	7.89743815466177	8.70752230436619E-06	1E10	1.47685129680851	7.95844332894113E-06	1E10	0.306849009706436	7.58095690708895E-06	1E10	3.91977381950127E-02	1E-30	2.77965748289214E-11	8.80059786563493E-02	1E-30	1.27306895265781E-10	6.19715586161937E-02	4.52288332958783E-07	3.30481762377453E-11	3.85539348914216E-02	8.80056384197783E-08	5.48793456035643E-11	0.040603560528497	1.04014602360274E-11	2.09136880652226E-10	16.8355530810918	1E10	1E-30	1E-10	1E10	1E-30	1E-10	1E10	1E-30	1E-10	1E10	1E-30	1E-10
13	1.57953610632202E-07	1E10	666666666.666666	1E-30	3.50275304050645E-10	1E10	1E-30	1E10	1.74298744567537E-02	1.09839839866234E-05	1E10	108.301575917071	1.46897721096079E-05	1E10	18.142536788142	1.14099400951446E-05	1E10	4.05991657116954	1.02653785399853E-05	1E10	0.763947141525054	1.04375334268776E-05	1E10	0.107507420643151	9.16652255587098E-06	1E10	1.56602169400418E-02	1E-30	4.80790413871319E-11	9.03421061963675E-02	1E-30	1.19830173906813E-10	5.46927065084146E-02	6.88913746344289E-07	2.74103594291226E-11	2.68192497019582E-02	1.19819708151846E-07	5.57967115310958E-11	0.036652709518092	2.11722264083857E-11	5.43956100854962E-11	1.53987306675515	1E10	1E-30	1E-10	1E10	1E-30	1E-10	1E10	1E-30	1E-10	1E10	1E-30	1E-10
14	2.27898022212487E-07	1E10	454545454.545454	1E-30	3.64288738324346E-10	1E10	1E-30	1E10	1.24896334617253E-02	2.16576596408534E-05	1E10	54.689973269949	2.39997115328491E-05	1E10	12.4824689001278	1.77611364324207E-05	1E10	3.47413913889178	1.75658377374317E-05	1E10	0.565975126816357	1.67299808613032E-05	1E10	8.52803019872873E-02	2.1426002145713E-05	1E10	1.16681764340397E-02	1E-30	3.47974987802345E-11	0.158072496615814	1E-30	1.48283046722536E-10	6.81647293343211E-02	5.68359640421677E-07	6.57772211372723E-11	5.02332472724289E-02	2.89475666171412E-07	4.74762567557731E-11	4.45182634582097E-02	2.30663390339061E-11	7.57338536057236E-11	4.37487613850888	1E10	1E-30	1E-10	1E10	1E-30	1E-10	1E10	1E-30	1E-10	1E10	1E-30	1E-10
15	2.15462753787413E-06	1E10	227272727	1E-30	1.06928515452675E-10	1E10	1E-30	1E10	3.81285023298196E-03	4.06773996701461E-04	1E10	1.83256260049714	3.15378270037174E-04	1E10	0.327005190495444	3.00731047488198E-04	1E10	4.54697873803126E-02	2.29592733378295E-04	1E10	7.1481218148945E-03	1E-30	7.20334307416174E-12	4.80136568217356E-02	1E-30	2.32142200137467E-10	3.14963350972018E-02	1E-30	2.21105316544715E-11	2.76802404638869E-02	4.13960127390647E-06	1.17554074640339E-10	2.23272376278407E-02	2.61619095916438E-06	6.06924660295882E-11	1.57912509562065E-02	2.31683363883423E-11	6.79578045871443E-11	8.71115437052614	2.62159407894376E-12	2.02259969577137E-10	83.190878395407	1E10	1E-30	1E-10	1E10	1E-30	1E-10	1E10	1E-30	1E-10	1E10	1E-30	1E-10
16	2.15462753787413E-06	1E10	227272727	1E-30	1.06928515452675E-10	1E10	1E-30	1E10	3.81285023298196E-03	4.06773996701461E-04	1E10	1.83256260049714	3.15378270037174E-04	1E10	0.327005190495444	3.00731047488198E-04	1E10	4.54697873803126E-02	2.29592733378295E-04	1E10	7.1481218148945E-03	1E-30	7.20334307416174E-12	4.80136568217356E-02	1E-30	2.32142200137467E-10	3.14963350972018E-02	1E-30	2.21105316544715E-11	2.76802404638869E-02	4.13960127390647E-06	1.17554074640339E-10	2.23272376278407E-02	2.61619095916438E-06	6.06924660295882E-11	1.57912509562065E-02	2.31683363883423E-11	6.79578045871443E-11	8.71115437052614	2.62159407894376E-12	2.02259969577137E-10	83.190878395407	1E10	1E-30	1E-10	1E10	1E-30	1E-10	1E10	1E-30	1E-10	1E10	1E-30	1E-10
17	2.15462753787413E-06	1E10	227272727	1E-30	1.06928515452675E-10	1E10	1E-30	1E10	3.81285023298196E-03	4.06773996701461E-04	1E10	1.83256260049714	3.15378270037174E-04	1E10	0.327005190495444	3.00731047488198E-04	1E10	4.54697873803126E-02	2.29592733378295E-04	1E10	7.1481218148945E-03	1E-30	7.20334307416174E-12	4.80136568217356E-02	1E-30	2.32142200137467E-10	3.14963350972018E-02	1E-30	2.21105316544715E-11	2.76802404638869E-02	4.13960127390647E-06	1.17554074640339E-10	2.23272376278407E-02	2.61619095916438E-06	6.06924660295882E-11	1.57912509562065E-02	2.31683363883423E-11	6.79578045871443E-11	8.71115437052614	2.62159407894376E-12	2.02259969577137E-10	83.190878395407	1E10	1E-30	1E-10	1E10	1E-30	1E-10	1E10	1E-30	1E-10	1E10	1E-30	1E-10
18	4.57785345629759E-06	1E10	10638298	1E-30	1.03235881763012E-10	1E10	1E-30	1E10	3.50669743157178E-03	6.248940408923E-04	1E10	4.79536292342462	4.90161575634558E-04	1E10	0.822009579592996	4.28453466894353E-04	1E10	0.137172416593038	4.73775225682992E-04	1E10	1.63139212799107E-02	4.24213985658579E-04	1E10	2.74584720324806E-03	1E-30	1.15007864328739E-11	4.00352502443625E-02	1E-30	4.05967005879625E-11	2.91598708344158E-02	1E-30	3.11900179282114E-10	0.023256487386894	8.90415563988764E-06	1.20583358687057E-10	0.013420102102745	5.99035071011514E-06	7.23104597294167E-11	1.07243244959365E-02	2.36513740899786E-11	6.94457069066148E-11	5.7231945938144	2.3383717504537E-12	1.77849528674954E-10	172.539738824838	1E10	1E-30	1E-10	1E10	1E-30	1E-10	1E10	1E-30	1E-10
19	4.67461451690751E-06	1E10	106382979	1E-30	1.13314119510235E-10	1E10	1E-30	1E10	4.1607807703189E-03	1.12627110567039E-03	1E10	3.42755886235158	6.54796840661524E-04	1E10	0.83910362148625	5.53602141131933E-04	1E10	0.136158498065172	5.48216266445075E-04	1E10	1.77492003600313E-02	4.72387703512396E-04	1E10	3.29246788457995E-03	1E-30	1.67528441261306E-11	6.76463761682256E-02	1E-30	5.24950260987364E-11	2.62728544972196E-02	1E-30	3.74691183613486E-10	2.20607832576459E-02	9.12373938960719E-06	1.3250298146938E-10	1.46591369286085E-02	8.14903398554867E-06	6.02155334696168E-11	1.01535378490077E-02	3.10632355840808E-11	6.07352990102895E-11	5.24183060531937	2.57937565840192E-12	1.89151335135532E-10	96.2934718883419	1E10	1E-30	1E-10	1E10	1E-30	1E-10	1E10	1E-30	1E-10
20	4.67461451690751E-06	1E10	106382979	1E-30	1.13314119510235E-10	1E10	1E-30	1E10	4.1607807703189E-03	1.12627110567039E-03	1E10	3.42755886235158	6.54796840661524E-04	1E10	0.83910362148625	5.53602141131933E-04	1E10	0.136158498065172	5.48216266445075E-04	1E10	1.77492003600313E-02	4.72387703512396E-04	1E10	3.29246788457995E-03	1E-30	1.67528441261306E-11	6.76463761682256E-02	1E-30	5.24950260987364E-11	2.62728544972196E-02	1E-30	3.74691183613486E-10	2.20607832576459E-02	9.12373938960719E-06	1.3250298146938E-10	1.46591369286085E-02	8.14903398554867E-06	6.02155334696168E-11	1.01535378490077E-02	3.10632355840808E-11	6.07352990102895E-11	5.24183060531937	2.57937565840192E-12	1.89151335135532E-10	96.2934718883419	1E10	1E-30	1E-10	1E10	1E-30	1E-10	1E10	1E-30	1E-10
21	4.69536932255744E-06	1E10	106382979	1E-30	1.01224708172598E-10	1E10	1E-30	1E10	3.77848251952359E-03	8.05303225850639E-04	1E10	1.63151769230333	6.27278584322568E-04	1E10	0.335449273396686	5.79583395894396E-04	1E10	5.96833542118192E-02	7.45950531608392E-04	1E10	8.27588079480864E-03	5.27227733277256E-04	1E10	2.71113874146766E-03	1E-30	1.70861030050833E-11	6.72133691691197E-02	1E-30	3.86938676869867E-10	2.52599103592097E-02	1E-30	3.84366522914034E-11	2.44601629264794E-02	9.01580620822911E-06	1.35503400932403E-10	1.48070811453285E-02	8.16581840381549E-06	6.10302805332934E-11	0.01022878987203	2.49918817715651E-11	6.57396630595704E-11	5.59123141321747	2.59767406152608E-12	1.81278234293315E-10	117.72707254043	1E10	1E-30	1E-10	1E10	1E-30	1E-10	1E10	1E-30	1E-10
22	4.69536932255744E-06	1E10	106382979	1E-30	1.01224708172598E-10	1E10	1E-30	1E10	3.77848251952359E-03	8.05303225850639E-04	1E10	1.63151769230333	6.27278584322568E-04	1E10	0.335449273396686	5.79583395894396E-04	1E10	5.96833542118192E-02	7.45950531608392E-04	1E10	8.27588079480864E-03	5.27227733277256E-04	1E10	2.71113874146766E-03	1E-30	1.70861030050833E-11	6.72133691691197E-02	1E-30	3.86938676869867E-10	2.52599103592097E-02	1E-30	3.84366522914034E-11	2.44601629264794E-02	9.01580620822911E-06	1.35503400932403E-10	1.48070811453285E-02	8.16581840381549E-06	6.10302805332934E-11	0.01022878987203	2.49918817715651E-11	6.57396630595704E-11	5.59123141321747	2.59767406152608E-12	1.81278234293315E-10	117.72707254043	1E10	1E-30	1E-10	1E10	1E-30	1E-10	1E10	1E-30	1E-10
23	6.6227717895321E-06	1E10	7352941.17647058	1E-30	1.0229197467729E-10	1E10	1E-30	1E10	4.41205693974781E-03	3.52397949070211E-04	1E10	15.0544711844303	4.09299973500702E-04	1E10	2.35666916578902	2.78186433247413E-04	1E10	0.432399337931447	2.43087226017257E-04	1E10	5.82685417312784E-02	1.82300606295577E-04	1E10	7.63809467588492E-03	1.23386193932107E-03	1E10	1.91985734905853E-04	1E-30	1.08044225124913E-11	3.92636487085287E-02	1E-30	5.0652566814041E-11	2.32397391815162E-02	1E-30	3.76574619935699E-10	1.94216415544851E-02	1.51460734788372E-05	1.05002601604097E-10	1.21872799378342E-02	8.04292032790546E-06	8.09038301398203E-11	9.45239794103683E-03	1.57700666358218E-11	8.78559746589153E-11	19.0322905007897	2.26418650746392E-12	2.08306596930959E-10	102.358335894704	1E10	1E-30	1E-10	1E10	1E-30	1E-10
24	9.69006128849331E-06	1E10	5E7	1E-30	1.05238830544189E-10	1E10	1E-30	1E10	2.86247772291294E-03	1.54769860455051E-03	1E10	1.79892263314218	1.74842365827201E-03	1E10	0.172189394211876	1.58537317521769E-03	1E10	2.89746027249973E-02	1.27954976748924E-03	1E10	3.09579367955017E-03	1E-30	1.7299592637845E-11	0.071610756710116	1E-30	4.20905273912777E-11	1.91830910803697E-02	1E-30	4.31411176155827E-10	1.76294774396661E-02	1.72655979732742E-05	1.73852204287167E-10	1.20978002507005E-02	1.62743904730653E-05	7.59474843628461E-11	8.57830635540205E-03	4.7812144495657E-11	3.3258894993438E-11	4.99388341272782	2.37340799932846E-12	1.98491536875486E-10	106.76733415806	1E10	1E-30	1E-10	1E10	1E-30	1E-10	1E10	1E-30	1E-10	1E10	1E-30	1E-10
25	9.69006128849331E-06	1E10	5E7	1E-30	1.05238830544189E-10	1E10	1E-30	1E10	2.86247772291294E-03	1.54769860455051E-03	1E10	1.79892263314218	1.74842365827201E-03	1E10	0.172189394211876	1.58537317521769E-03	1E10	2.89746027249973E-02	1.27954976748924E-03	1E10	3.09579367955017E-03	1E-30	1.7299592637845E-11	0.071610756710116	1E-30	4.20905273912777E-11	1.91830910803697E-02	1E-30	4.31411176155827E-10	1.76294774396661E-02	1.72655979732742E-05	1.73852204287167E-10	1.20978002507005E-02	1.62743904730653E-05	7.59474843628461E-11	8.57830635540205E-03	4.7812144495657E-11	3.3258894993438E-11	4.99388341272782	2.37340799932846E-12	1.98491536875486E-10	106.76733415806	1E10	1E-30	1E-10	1E10	1E-30	1E-10	1E10	1E-30	1E-10	1E10	1E-30	1E-10
26	9.35212813066195E-06	1E10	5E6	1E-30	1.1058263060326E-10	1E10	1E-30	1E10	2.97953553446023E-03	4.13179609431689E-04	1E10	9.30165004657774	4.29669668729387E-04	1E10	0.897904925255138	3.58449546487044E-04	1E10	0.11754500404235	3.97067088756139E-04	1E10	1.16432302367481E-02	4.89398262696539E-04	1E10	2.79371656090212E-03	1E-30	3.64990621716709E-11	4.01678017679334E-02	1E-30	4.59215835625872E-10	2.76123737956228E-02	2.10168224736661E-05	1.23008451963625E-10	0.010358409902729	1.00782552110687E-05	1.06311661659233E-10	7.88638563521072E-03	7.65940832992868E-12	9.59672199549433E-11	14.9174732263438	8.29803415502421E-13	1.00336542909132E-10	24.9773427472906	1E10	1E-30	1E-10	1E10	1E-30	1E-10	1E10	1E-30	1E-10	1E10	1E-30	1E-10
27	9.35212813066195E-06	1E10	5E6	1E-30	1.1058263060326E-10	1E10	1E-30	1E10	2.97953553446023E-03	4.13179609431689E-04	1E10	9.30165004657774	4.29669668729387E-04	1E10	0.897904925255138	3.58449546487044E-04	1E10	0.11754500404235	3.97067088756139E-04	1E10	1.16432302367481E-02	4.89398262696539E-04	1E10	2.79371656090212E-03	1E-30	3.64990621716709E-11	4.01678017679334E-02	1E-30	4.59215835625872E-10	2.76123737956228E-02	2.10168224736661E-05	1.23008451963625E-10	0.010358409902729	1.00782552110687E-05	1.06311661659233E-10	7.88638563521072E-03	7.65940832992868E-12	9.59672199549433E-11	14.9174732263438	8.29803415502421E-13	1.00336542909132E-10	24.9773427472906	1E10	1E-30	1E-10	1E10	1E-30	1E-10	1E10	1E-30	1E-10	1E10	1E-30	1E-10
28	2.06139359955906E-05	1E10	2272727.27272727	1E-30	1.52556156998205E-10	1E10	1E-30	1E10	2.24078139493713E-03	2.41921315707494E-03	1E10	2.76073512697134	3.66763363958808E-03	1E10	0.179435634949059	2.81262913296844E-03	1E10	2.85379059818744E-02	4.81644342108151E-03	1E10	2.02024595808021E-03	2.25190932677204E-03	1E10	3.97974839043772E-04	1E-30	1.8675339547674E-11	5.19860131875008E-02	1E-30	7.41739697329549E-11	2.14745638355938E-02	1E-30	6.03459233681799E-10	1.48719814364918E-02	4.71506612281465E-05	1.57808053953447E-10	5.58586537854278E-03	5.19127824838545E-05	5.79319950399965E-11	3.32097988176783E-03	4.88045015688899E-11	3.22598307648591E-11	2.12944227264655	2.69286294014008E-12	8.94116189716743E-11	10.0151073092688	1E10	1E-30	1E-10	1E10	1E-30	1E-10	1E10	1E-30	1E-10
29	2.06139359955906E-05	1E10	2272727	1E-30	1.52556156998205E-10	1E10	1E-30	1E10	2.24078139493713E-03	2.41921315707494E-03	1E10	2.76073512697134	3.66763363958808E-03	1E10	0.179435634949059	2.81262913296844E-03	1E10	2.85379059818744E-02	4.81644342108151E-03	1E10	2.02024595808021E-03	2.25190932677204E-03	1E10	3.97974839043772E-04	1E-30	1.8675339547674E-11	5.19860131875008E-02	1E-30	7.41739697329549E-11	2.14745638355938E-02	1E-30	6.03459233681799E-10	1.48719814364918E-02	4.71506612281465E-05	1.57808053953447E-10	5.58586537854278E-03	5.19127824838545E-05	5.79319950399965E-11	3.32097988176783E-03	4.88045015688899E-11	3.22598307648591E-11	2.12944227264655	2.69286294014008E-12	8.94116189716743E-11	10.0151073092688	1E10	1E-30	1E-10	1E10	1E-30	1E-10	1E10	1E-30	1E-10
30	1.71105892588911E-05	1E10	2272727	1E-30	1.02172747366713E-10	1E10	1E-30	1E10	4.12914562694523E-03	4.4530799224404E-04	1E10	11.9134730616343	6.11860684808311E-04	1E10	1.12548653316904	4.87299089736005E-04	1E10	0.196994165863525	5.07289523485158E-04	1E10	2.35979793166088E-02	4.29775211207799E-04	1E10	4.47230885322375E-03	1E-30	2.28522180137876E-11	7.68244820715312E-02	1E-30	6.59570537476105E-11	2.54216006557206E-02	1E-30	4.23186450058053E-10	1.51331454200623E-02	3.07414395472602E-05	1.74562965947734E-10	6.95841769913533E-03	2.41500782117831E-05	9.4292308186517E-11	5.69046887592258E-03	6.36797047964887E-11	4.19003934311301E-11	3.45329541686749	2.38099081451839E-12	2.06038160579299E-10	113.764256310989	1E10	1E-30	1E-10	1E10	1E-30	1E-10	1E10	1E-30	1E-10
31	1.71105892588911E-05	1E10	2272727	1E-30	1.02172747366713E-10	1E10	1E-30	1E10	4.12914562694523E-03	4.4530799224404E-04	1E10	11.9134730616343	6.11860684808311E-04	1E10	1.12548653316904	4.87299089736005E-04	1E10	0.196994165863525	5.07289523485158E-04	1E10	2.35979793166088E-02	4.29775211207799E-04	1E10	4.47230885322375E-03	1E-30	2.28522180137876E-11	7.68244820715312E-02	1E-30	6.59570537476105E-11	2.54216006557206E-02	1E-30	4.23186450058053E-10	1.51331454200623E-02	3.07414395472602E-05	1.74562965947734E-10	6.95841769913533E-03	2.41500782117831E-05	9.4292308186517E-11	5.69046887592258E-03	6.36797047964887E-11	4.19003934311301E-11	3.45329541686749	2.38099081451839E-12	2.06038160579299E-10	113.764256310989	1E10	1E-30	1E-10	1E10	1E-30	1E-10	1E10	1E-30	1E-10
32	3.21845269065784E-05	1E10	1063830	1E-30	1.01158081001025E-10	1E10	1E-30	1E10	3.72045246342185E-03	9.3127157704689E-04	1E10	5.19544233262806	1.21500091977328E-03	1E10	0.531307032143082	1.05884259675271E-03	1E10	8.11606661701445E-02	1.09544528265027E-03	1E10	1.06038033710426E-02	8.50237496010292E-04	1E10	1.96274739023883E-03	1E-30	2.43855381019579E-11	3.57849984919166E-02	1E-30	7.19178721133138E-11	1.90791527877145E-02	1E-30	4.52947486189848E-10	9.87804669304843E-03	8.32376089599477E-05	1.31647795694898E-10	3.55404984369185E-03	4.78356866519804E-05	9.93873854837859E-11	3.54657607623045E-03	5.27028419001808E-11	6.93740825102567E-11	5.22088137786469	1.20863945846895E-11	1.01847030166698E-10	16.7702806153328	3.9749733912758E-12	1.84071192907123E-10	48.3660176108934	1E10	1E-30	1E-10	1E10	1E-30	1E-10
33	3.21845269065784E-05	1E10	1063830	1E-30	1.01158081001025E-10	1E10	1E-30	1E10	3.72045246342185E-03	9.3127157704689E-04	1E10	5.19544233262806	1.21500091977328E-03	1E10	0.531307032143082	1.05884259675271E-03	1E10	8.11606661701445E-02	1.09544528265027E-03	1E10	1.06038033710426E-02	8.50237496010292E-04	1E10	1.96274739023883E-03	1E-30	2.43855381019579E-11	3.57849984919166E-02	1E-30	7.19178721133138E-11	1.90791527877145E-02	1E-30	4.52947486189848E-10	9.87804669304843E-03	8.32376089599477E-05	1.31647795694898E-10	3.55404984369185E-03	4.78356866519804E-05	9.93873854837859E-11	3.54657607623045E-03	5.27028419001808E-11	6.93740825102567E-11	5.22088137786469	1.20863945846895E-11	1.01847030166698E-10	16.7702806153328	3.9749733912758E-12	1.84071192907123E-10	48.3660176108934	1E10	1E-30	1E-10	1E10	1E-30	1E-10
34	7.40661716754086E-05	1E10	5E5	1E-30	1.36285006750094E-10	1E10	1E-30	1E10	3.63267924537269E-03	5.05896905692358E-03	1E10	0.457719636309905	6.54121295290919E-03	1E10	0.061736798525942	3.68784552609922E-03	1E10	2.24404452193939E-02	4.36431027106286E-03	1E10	3.50880739790318E-03	1E-30	3.29079456715564E-11	2.83280923254133E-02	1E-30	6.77887163915571E-11	1.09853589548483E-02	1E-30	3.26648171266991E-10	3.42733788529629E-03	1E-30	3.32850050627966E-10	2.59901688622593E-03	1.91430064360504E-04	1.70546871924995E-10	2.53656489798925E-03	2.86967187800286E-04	5.18856636292634E-11	1.47350687163931E-03	3.53870344814344E-11	5.91264244125133E-11	3.78308013346797	3.97842009192759E-12	1.43089235702338E-10	22.2098814987748	1E10	1E-30	1E-10	1E10	1E-30	1E-10	1E10	1E-30	1E-10
END DSCRDATA
