BEGIN DSCRDATA
% INDEX	K01	L01	M01	K02	L02	M02	K03	L03	M03	K04	L04	M04	K05	L05	M05	K06	L06	M06	K07	L07	M07	K08	L08	M08	K09	L09	M09	K10	L10	M10	K11	L11	M11	K12	L12	M12	K13	L13	M13	K14	L14	M14	K15	L15	M15	K16	L16	M16	K17	L17	M17	K18	L18	M18
0	0	0	0	0	0	0	0	0	0	0	0	0	0	0	0	0	0	0	0	0	0	0	0	0	0	0	0	0	0	0	0	0	0	0	0	0	0	0	0	0	0	0	0	0	0	0	0	0	0	0	0	0	0	0
1	1.04440564685465E-09	1E10	1E10	1E-30	4.22033834873375E-10	1E10	1E-30	1E10	0.33987181527339	1.38399144199818E-07	1E10	15313.7059230174	1.85407433933082E-07	1E10	2082.27254206418	1.58140166754889E-07	1E10	475.396732981666	1.49825940654812E-07	1E10	93.3657019620217	1.23730719271081E-07	1E10	20.1469432938795	8.81822727573315E-08	1E10	4.5309949597489	5.05821323806936E-08	1E10	1.07343000467571	1.3844216883732E-08	1E10	0.354938323176068	1E-30	1.06294845499124E-10	1.4562777548632	1E-30	5.84535606522032E-11	1.10593102383589	8.93603181868986E-10	4.2881971827838E-11	0.524983117789881	1.18888226988951E-11	1.67262867570685E-10	7.97541137333861	1E10	1E-30	1E-10	1E10	1E-30	1E-10	1E10	1E-30	1E-10
2	1.07172932723426E-09	1E10	1E10	1E-30	5.0912329736111E-10	1E10	1E-30	1E10	0.358554580744816	1.4628943792536E-07	1E10	14702.8118362667	1.93642468364946E-07	1E10	2032.34582381486	1.65784811682772E-07	1E10	464.515750096596	1.58472824232692E-07	1E10	91.7361323368924	1.33593345790015E-07	1E10	19.6232664631144	9.88705542737031E-08	1E10	4.40992738747341	7.09928708740209E-08	1E10	0.924944514076599	1.60609684942801E-08	1E10	0.386260113977394	1E-30	7.47511890091548E-11	1.44968180824042	1E-30	6.91478078278162E-11	1.00977159469952	9.70456001563464E-10	3.22595855148015E-11	0.408966552093609	1.37487499328726E-11	1.54870376337636E-10	9.31584282189587	1E10	1E-30	1E-10	1E10	1E-30	1E-10	1E10	1E-30	1E-10
3	1.55882234875672E-09	1E10	1E10	1E-30	4.31671246584816E-10	1E10	1E-30	1E10	0.329281123351373	2.22091205508349E-07	1E10	8996.12621941379	2.57272184511404E-07	1E10	1690.88522212203	2.28133645029739E-07	1E10	361.826727908979	2.14981325607069E-07	1E10	73.4505520745239	1.80211300047488E-07	1E10	15.8977743397445	1.32333688259754E-07	1E10	3.58200690504562	7.49822952983402E-08	1E10	0.872031034563808	2.79306112184389E-08	1E10	0.19528003378683	1E-30	5.44994762504318E-11	0.877822632348946	1E-30	3.34256681285987E-11	0.683119680726807	5.35853113732845E-10	2.84887572528111E-11	0.365754050319176	7.34574646741555E-12	3.40392557401818E-10	16.9515650593891	1E10	1E-30	1E-10	1E10	1E-30	1E-10	1E10	1E-30	1E-10
4	1.57930427603628E-09	1E10	1E10	1E-30	4.80603746821611E-10	1E10	1E-30	1E10	0.258613482254155	2.24335044500501E-07	1E10	9260.27759690577	2.59079099493835E-07	1E10	1714.60673539244	2.33154452075714E-07	1E10	363.152594651026	2.20693373378675E-07	1E10	74.8727765238425	1.87191710235317E-07	1E10	16.4897701613187	1.42654085225556E-07	1E10	3.76040231047096	8.72929074186212E-08	1E10	0.956242099429045	3.16893069541633E-08	1E10	0.25929429795152	1E-30	8.04620012010369E-11	1.19026223010778	1E-30	6.09643758455404E-11	0.834639311860484	1.82443087990258E-09	1.91704757463247E-11	0.269903448126016	9.33691626752961E-12	2.37465495314422E-10	14.9669310857509	1E10	1E-30	1E-10	1E10	1E-30	1E-10	1E10	1E-30	1E-10
5	2.23197082226986E-09	1E10	1E10	1E-30	5.15413616432769E-10	1E10	1E-30	1E10	0.196275473340573	3.00612659246908E-07	1E10	7296.2701170096	3.71682348016511E-07	1E10	1206.35432337507	3.27184068559611E-07	1E10	271.881250648704	3.06806503730336E-07	1E10	56.5025947520657	2.62019562405044E-07	1E10	12.3728566956698	2.03056484033395E-07	1E10	2.81012890950306	1.17430264886759E-07	1E10	0.750067589956396	4.15135231763754E-08	1E10	0.188020235949929	1E-30	9.22296726195192E-11	1.14410989932237	2.3828324053779E-09	3.00838914665252E-11	0.175433460683073	1.1229259187081E-11	2.13116471473736E-10	14.2076220443965	1E10	1E-30	1E-10	1E10	1E-30	1E-10	1E10	1E-30	1E-10	1E10	1E-30	1E-10
6	2.19727414744092E-09	1E10	1E10	1E-30	5.0055017255945E-10	1E10	1E-30	1E10	0.236781405552699	2.91070442723124E-07	1E10	7567.30028084414	3.68363764580834E-07	1E10	1226.01554602909	3.25994244419119E-07	1E10	271.603350620381	3.10256461480299E-07	1E10	56.1101792359338	2.62623506088194E-07	1E10	12.3516267097387	2.03316069337646E-07	1E10	2.74489196659574	1.80386612243071E-07	1E10	0.645902110330407	4.67887963863709E-08	1E10	0.281176176790387	1E-30	3.63360046161683E-11	0.823322916310559	1E-30	5.77333004740889E-11	0.428197144307869	3.24824383580938E-09	1.88633104023163E-11	0.154828983650618	1.11522453047945E-11	2.28200278819383E-10	14.0713420143675	1E10	1E-30	1E-10	1E10	1E-30	1E-10	1E10	1E-30	1E-10
7	3.38797876795092E-09	1E10	1E10	1E-30	4.67894731289979E-10	1E10	1E-30	1E10	0.152772208138697	3.7143462732774E-07	1E10	4419.47328711063	4.60377214181141E-07	1E10	598.888508399979	3.99804733370284E-07	1E10	121.392791678945	3.55781447329058E-07	1E10	21.9684633832443	2.74902406907178E-07	1E10	4.19048175579481	1.67441399709194E-07	1E10	0.813228790965455	8.93963435748043E-08	1E10	0.140625341347862	1E-30	1.07590232926711E-10	1.01441934717485	1E-30	5.58329542105339E-11	0.514307083512956	2.04933080527439E-08	7.19376547432631E-12	7.47131068729605E-02	2.07220157027075E-09	3.95503997346361E-11	0.290523962591615	9.7654504609953E-12	2.25504567369736E-10	16.7798244146532	1E10	1E-30	1E-10	1E10	1E-30	1E-10	1E10	1E-30	1E-10
8	3.39454249592448E-09	1E10	1E10	1E-30	4.72967231428269E-10	1E10	1E-30	1E10	0.183109108831909	3.7237070032373E-07	1E10	4326.67165594284	4.59577593438551E-07	1E10	602.288712258722	3.99176718196081E-07	1E10	123.296452541098	3.60123698648172E-07	1E10	22.1393373352844	3.57424732862329E-07	1E10	4.28499905208621	2.44222072532203E-07	1E10	1.0271252944532	9.07623583342413E-08	1E10	0.285995373910395	1E-30	2.09111003629616E-11	0.154131387412856	1E-30	1.33391769077173E-11	0.119756519824198	4.45094900028301E-09	1.4063895938641E-11	0.100751786500567	8.51152299285898E-10	7.05766170278141E-12	0.259936552320794	7.46364464162711E-12	3.71098693397689E-10	23.0203288150918	1E10	1E-30	1E-10	1E10	1E-30	1E-10	1E10	1E-30	1E-10
9	4.87799694473275E-09	1E10	1E10	1E-30	4.49111302288835E-10	1E10	1E-30	1E10	0.120358309731463	5.6262837575636E-07	1E10	3041.82646360471	6.829234754061E-07	1E10	465.218621626211	5.94754901641428E-07	1E10	96.5137795582211	5.42219964148848E-07	1E10	18.1095625980977	4.33981113940424E-07	1E10	3.595586383659	2.85996904773296E-07	1E10	0.785586142939122	1.44131040783203E-07	1E10	0.150149281676542	1E-30	1.04808276786276E-10	0.586513217580232	1E-30	6.78007702664375E-11	0.323835683407295	8.85098495110241E-08	6.00109298445561E-12	3.93952701727257E-02	4.94038321443284E-09	3.33385677932335E-11	0.169751431590908	1.37492153994479E-11	1.5243160248111E-10	8.72959538815513	1E10	1E-30	1E-10	1E10	1E-30	1E-10	1E10	1E-30	1E-10
10	4.75430170687876E-09	1E10	1E10	1E-30	4.89480777831719E-10	1E10	1E-30	1E10	0.126202777490757	5.09947849297998E-07	1E10	3312.888123661	6.28159580030807E-07	1E10	507.11620953935	5.42532009819795E-07	1E10	107.537222270104	4.89979679250229E-07	1E10	20.5318657373027	3.95067978485703E-07	1E10	4.00549605071307	3.37961049174649E-07	1E10	0.849104962247857	1.79905866835518E-07	1E10	0.166061997506583	1E-30	6.50455959755971E-11	0.473144931398585	1E-30	5.92653515027071E-11	0.303940225995793	6.1531197165601E-08	8.80755380349497E-12	5.77871523605034E-02	4.40278561489975E-09	3.94872310155266E-11	0.18244189884787	1.16502028762632E-11	1.58434189364252E-10	9.04882989201586	1E10	1E-30	1E-10	1E10	1E-30	1E-10	1E10	1E-30	1E-10
11	7.05176524758749E-09	1E10	1E10	1E-30	4.8615418526783E-10	1E10	1E-30	1E10	0.104478021701065	7.54425635266029E-07	1E10	2314.15512904947	9.08336247789106E-07	1E10	393.651378150191	7.71821339347748E-07	1E10	85.1779147945135	7.01533700577502E-07	1E10	16.2571250079997	5.44703155557413E-07	1E10	3.25931969353391	4.28150941410766E-07	1E10	0.592464359809851	2.6205426629288E-07	1E10	0.137991202052052	1E-30	6.23406029448628E-11	0.394079900877968	1E-30	4.64151190741068E-11	0.145391840531371	7.23852887031593E-08	9.13713595635896E-12	3.96837872256728E-02	1.16706824271545E-08	1.79456312630623E-11	9.82819212566147E-02	1.01202118533186E-11	2.29956688361762E-10	16.6428481061704	1E10	1E-30	1E-10	1E10	1E-30	1E-10	1E10	1E-30	1E-10
12	7.04579107069837E-09	1E10	1E10	1E-30	5.24281835533104E-10	1E10	1E-30	1E10	8.90474024110166E-02	8.97036998303192E-07	1E10	2153.35362786745	1.09606630699875E-06	1E10	334.747387579404	9.60510147344733E-07	1E10	70.897081981055	8.88455493929463E-07	1E10	13.7193058631774	7.15850485318316E-07	1E10	2.84053596653187	4.75355513475295E-07	1E10	0.616814424076743	2.86648643904987E-07	1E10	0.10989695908578	1E-30	3.93914848064407E-11	0.32206605703288	1E-30	6.34056439626087E-11	0.177155794885393	5.56761580336499E-08	1.86759516496071E-11	6.82036274195568E-02	1.07619163025009E-08	3.52594765709155E-11	0.134542649774776	1.1195668458245E-11	2.07266366907968E-10	16.7261063680333	1E10	1E-30	1E-10	1E10	1E-30	1E-10	1E10	1E-30	1E-10
13	1.03975572592737E-08	1E10	1E10	1E-30	4.75468473119357E-10	1E10	1E-30	1E10	7.16214785570271E-02	1.18088786985948E-06	1E10	1602.58890124575	1.41862899518815E-06	1E10	285.698705751512	1.21021854774597E-06	1E10	63.2823836994278	1.11809047495414E-06	1E10	12.4566798654755	9.09508192534707E-07	1E10	2.56013564582447	8.19619194435342E-07	1E10	0.494078622351592	4.25224781423089E-07	1E10	0.096534468650772	1E-30	6.64062622682145E-11	0.355125033436519	1E-30	7.9851002312375E-11	0.225999238150124	7.62755769993652E-08	1.74782279436501E-11	6.11384270610994E-02	1.12550437361688E-08	4.44969991157431E-11	0.122588246266868	1.44412363702719E-11	1.17133047964014E-10	5.8469717617938	1E10	1E-30	1E-10	1E10	1E-30	1E-10	1E10	1E-30	1E-10
14	1.02056682019305E-08	1E10	1E10	1E-30	4.69234124091316E-10	1E10	1E-30	1E10	7.20542091679018E-02	1.13499385470716E-06	1E10	1623.78174157911	1.34506550180821E-06	1E10	294.261000977246	1.15480907715546E-06	1E10	63.9858127577075	1.07627942750682E-06	1E10	12.2270202906024	8.3932980017003E-07	1E10	2.49805527037922	7.45532719206984E-07	1E10	0.448769963692791	4.61320293759378E-07	1E10	7.44671390098943E-02	1E-30	1.06044420252846E-10	0.238423425657822	1E-30	2.76462369509846E-11	0.145719668851817	5.81338208219445E-08	3.09519024533466E-11	0.110200107330191	1.0323260118567E-08	6.91998822525726E-11	0.157855388828464	3.47483946393007E-11	5.88765647317213E-11	2.57799191328518	1E10	1E-30	1E-10	1E10	1E-30	1E-10	1E10	1E-30	1E-10
15	1.57526955332314E-08	1E10	6666666666.66666	1E-30	4.50337519576896E-10	1E10	1E-30	1E10	9.86097101596931E-02	1.18424359320436E-06	1E10	2472.98746544326	1.62580163271935E-06	1E10	308.251101146256	1.50224842333631E-06	1E10	67.0809526674243	1.39990006864967E-06	1E10	14.2056825648698	1.1638146700191E-06	1E10	2.79333175207994	1.01626963275864E-06	1E10	0.554126191532111	7.55017793375399E-07	1E10	0.128641218773805	1E-30	7.73743529912571E-11	0.229510639570682	1E-30	2.50959668204013E-11	0.03072546832854	8.51035498478564E-08	5.99898707009777E-12	1.04846740568077E-02	5.8093411477865E-12	3.77182280687141E-10	25.3342783961185	1E10	1E-30	1E-10	1E10	1E-30	1E-10	1E10	1E-30	1E-10	1E10	1E-30	1E-10
16	1.53043901285731E-08	1E10	6666666666.66666	1E-30	4.79724571394827E-10	1E10	1E-30	1E10	5.69075324663546E-02	1.70919565192366E-06	1E10	1143.57628309738	1.96061740671688E-06	1E10	231.01177792833	1.6948915807481E-06	1E10	51.3420841852201	1.60462475177936E-06	1E10	10.3692465445354	1.38232470195748E-06	1E10	2.13376976320235	1.00545206528048E-06	1E10	0.505881000837158	6.93956160398973E-07	1E10	7.90180263081426E-02	1E-30	7.21597840205741E-11	0.303184520842267	1E-30	1.0115658714015E-10	0.196409352913927	1.30763181250379E-07	1.77102255208536E-11	5.92308935427298E-02	1.54219481076714E-08	6.0147841056714E-11	0.118492642371119	1.67913051263521E-11	1.26810362916116E-10	9.4220787286177	1E10	1E-30	1E-10	1E10	1E-30	1E-10	1E10	1E-30	1E-10
17	1.57526955332314E-08	1E10	6666666666.66666	1E-30	4.50337519576896E-10	1E10	1E-30	1E10	9.86097101596931E-02	1.18424359320436E-06	1E10	2472.98746544326	1.62580163271935E-06	1E10	308.251101146256	1.50224842333631E-06	1E10	67.0809526674243	1.39990006864967E-06	1E10	14.2056825648698	1.1638146700191E-06	1E10	2.79333175207994	1.01626963275864E-06	1E10	0.554126191532111	7.55017793375399E-07	1E10	0.128641218773805	1E-30	7.73743529912571E-11	0.229510639570682	1E-30	2.50959668204013E-11	0.03072546832854	8.51035498478564E-08	5.99898707009777E-12	1.04846740568077E-02	5.8093411477865E-12	3.77182280687141E-10	25.3342783961185	1E10	1E-30	1E-10	1E10	1E-30	1E-10	1E10	1E-30	1E-10	1E10	1E-30	1E-10
18	2.2577421391185E-08	1E10	4545454545.45454	1E-30	4.90537568318667E-10	1E10	1E-30	1E10	6.71868741378919E-02	2.60326645608888E-06	1E10	742.32378135829	2.77212381684089E-06	1E10	185.743757052158	2.40643433919197E-06	1E10	40.5734681012641	2.2305340935753E-06	1E10	8.50659402853706	1.92359816892417E-06	1E10	1.78324597838079	1.49327289383251E-06	1E10	0.423494833754313	1.19359487167837E-06	1E10	6.22325010469861E-02	1E-30	9.41777125659241E-11	0.348217327388068	1E-30	5.47043771150199E-11	6.42225797686195E-02	4.66585877616945E-08	2.48340440372317E-11	3.68671415712587E-02	1.10155722105776E-07	5.38255920881901E-12	1.60933495104689E-02	8.79995673924773E-12	2.31550430702759E-10	23.6930576599131	1E10	1E-30	1E-10	1E10	1E-30	1E-10	1E10	1E-30	1E-10
19	2.27669193322126E-08	1E10	4545454545.45454	1E-30	4.99136737956897E-10	1E10	1E-30	1E10	4.53401436742505E-02	2.52659500867649E-06	1E10	786.711835547886	2.85414551433072E-06	1E10	173.676711998339	2.49420043396513E-06	1E10	38.1148410636891	2.3358297505179E-06	1E10	7.80744776040868	1.99718041883537E-06	1E10	1.60745173293893	1.54068425291209E-06	1E10	0.366343229846132	1.0781941273583E-06	1E10	5.25187140919532E-02	1E-30	7.00548128609146E-11	0.236480565965958	1E-30	1.3293997764856E-10	0.192009166663228	1.54624007823524E-07	2.67871413456452E-11	6.22599125901071E-02	2.35501975343521E-08	6.86434151865894E-11	0.106883173026172	2.61064742182803E-11	6.90045420631155E-11	3.23991977839643	1E10	1E-30	1E-10	1E10	1E-30	1E-10	1E10	1E-30	1E-10
20	2.2577421391185E-08	1E10	4545454545.45454	1E-30	4.90537568318667E-10	1E10	1E-30	1E10	6.71868741378919E-02	2.60326645608888E-06	1E10	742.32378135829	2.77212381684089E-06	1E10	185.743757052158	2.40643433919197E-06	1E10	40.5734681012641	2.2305340935753E-06	1E10	8.50659402853706	1.92359816892417E-06	1E10	1.78324597838079	1.49327289383251E-06	1E10	0.423494833754313	1.19359487167837E-06	1E10	6.22325010469861E-02	1E-30	9.41777125659241E-11	0.348217327388068	1E-30	5.47043771150199E-11	6.42225797686195E-02	4.66585877616945E-08	2.48340440372317E-11	3.68671415712587E-02	1.10155722105776E-07	5.38255920881901E-12	1.60933495104689E-02	8.79995673924773E-12	2.31550430702759E-10	23.6930576599131	1E10	1E-30	1E-10	1E10	1E-30	1E-10	1E10	1E-30	1E-10
21	3.35987175423409E-08	1E10	3030303030.30303	1E-30	4.82074898948434E-10	1E10	1E-30	1E10	5.25147002092345E-02	4.0935021370965E-06	1E10	521.690375483121	4.26703124119991E-06	1E10	132.37343470522	3.82904699647472E-06	1E10	28.8959979949886	3.63765397627224E-06	1E10	6.23251738564562	3.17180031234699E-06	1E10	1.3536104551293	2.81317757128401E-06	1E10	0.310800717734724	1.74771257520809E-06	1E10	6.37477301722927E-02	1E-30	4.97952965649428E-11	0.266274661311228	1E-30	7.89852454822642E-11	7.12649800487342E-02	2.86525314007354E-07	1.21529675364949E-11	1.78312396131546E-02	3.21171958244316E-08	3.80576957705652E-11	4.97591043579022E-02	8.16810617322555E-12	3.07001061494096E-10	33.0312484534095	1E10	1E-30	1E-10	1E10	1E-30	1E-10	1E10	1E-30	1E-10
22	3.35987175423409E-08	1E10	3030303030.30303	1E-30	4.82074898948434E-10	1E10	1E-30	1E10	5.25147002092345E-02	4.0935021370965E-06	1E10	521.690375483121	4.26703124119991E-06	1E10	132.37343470522	3.82904699647472E-06	1E10	28.8959979949886	3.63765397627224E-06	1E10	6.23251738564562	3.17180031234699E-06	1E10	1.3536104551293	2.81317757128401E-06	1E10	0.310800717734724	1.74771257520809E-06	1E10	6.37477301722927E-02	1E-30	4.97952965649428E-11	0.266274661311228	1E-30	7.89852454822642E-11	7.12649800487342E-02	2.86525314007354E-07	1.21529675364949E-11	1.78312396131546E-02	3.21171958244316E-08	3.80576957705652E-11	4.97591043579022E-02	8.16810617322555E-12	3.07001061494096E-10	33.0312484534095	1E10	1E-30	1E-10	1E10	1E-30	1E-10	1E10	1E-30	1E-10
23	5.06917366093344E-08	1E10	2127659574.46808	1E-30	5.93329011665961E-10	1E10	1E-30	1E10	3.75351096326548E-02	6.87396001379048E-06	1E10	220.122681123551	5.73449954699255E-06	1E10	109.420658053303	4.9051546062909E-06	1E10	22.055302912233	4.78543929565693E-06	1E10	4.51382963609025	3.91036171535787E-06	1E10	1.00654878323823	3.83676624466013E-06	1E10	0.203257036573876	1.89634280720138E-06	1E10	3.96725439958239E-02	1E-30	1.14867123789775E-10	0.111890925114399	1E-30	1.77695843717863E-11	6.15688140623094E-02	3.23055373966598E-07	2.7997642029922E-11	3.13626843101054E-02	4.12907732218833E-08	7.163516848854E-11	6.00010342360123E-02	1.56518865493416E-11	1.23515040339567E-10	5.38698875388174	1E10	1E-30	1E-10	1E10	1E-30	1E-10	1E10	1E-30	1E-10
24	5.06917366093344E-08	1E10	2127659574.46808	1E-30	5.93329011665961E-10	1E10	1E-30	1E10	3.75351096326548E-02	6.87396001379048E-06	1E10	220.122681123551	5.73449954699255E-06	1E10	109.420658053303	4.9051546062909E-06	1E10	22.055302912233	4.78543929565693E-06	1E10	4.51382963609025	3.91036171535787E-06	1E10	1.00654878323823	3.83676624466013E-06	1E10	0.203257036573876	1.89634280720138E-06	1E10	3.96725439958239E-02	1E-30	1.14867123789775E-10	0.111890925114399	1E-30	1.77695843717863E-11	6.15688140623094E-02	3.23055373966598E-07	2.7997642029922E-11	3.13626843101054E-02	4.12907732218833E-08	7.163516848854E-11	6.00010342360123E-02	1.56518865493416E-11	1.23515040339567E-10	5.38698875388174	1E10	1E-30	1E-10	1E10	1E-30	1E-10	1E10	1E-30	1E-10
25	6.82915890641903E-08	1E10	1470588235.29411	1E-30	4.87299426276212E-10	1E10	1E-30	1E10	3.59742270395097E-02	5.60718371672004E-06	1E10	296.477176433776	6.72873240365521E-06	1E10	55.6552993977399	5.50219312822226E-06	1E10	12.331487148476	5.16708361181536E-06	1E10	2.213758295141	4.28787224619712E-06	1E10	0.475593463076715	4.11650599754946E-06	1E10	5.63415716523843E-02	1E-30	6.25602970869973E-11	0.130998914681885	1E-30	1.08153865766244E-10	5.31777056617538E-02	1.28200751444144E-07	3.76951628404387E-11	3.10023196022141E-02	2.0289302091319E-07	8.41760253495327E-12	9.71428962277705E-03	1.37075446707389E-11	1.35211038924567E-10	6.89660544548666	1E10	1E-30	1E-10	1E10	1E-30	1E-10	1E10	1E-30	1E-10	1E10	1E-30	1E-10
26	1.00331916856825E-07	1E10	5E9	1E-30	1.12623211188958E-10	1E10	1E-30	1E10	0.063412856188501	1.34711952131881E-05	1E10	274.257478628396	1.94483230098222E-05	1E10	34.5269709219883	2.50941153505226E-05	1E10	4.44793548115734	1.77840981557918E-05	1E10	1.34325504085582	1.22925283440026E-05	1E10	0.314889717309796	1.02728216279163E-05	1E10	5.20975340059914E-02	1.18766103223518E-05	1E10	1.25532551320665E-02	1E-30	1.58301010387428E-10	7.26295709175106E-02	1E-30	2.61949130620136E-11	0.056857563336668	5.40027284063787E-07	3.37475319288359E-11	1.78947064646551E-02	9.77569269819129E-12	1.31878958073941E-10	13.7857339194842	1.26836352421838E-12	4.04563138204417E-10	61.6400802235949	1E10	1E-30	1E-10	1E10	1E-30	1E-10	1E10	1E-30	1E-10
27	1.00331916856825E-07	1E10	5E9	1E-30	1.12623211188958E-10	1E10	1E-30	1E10	0.063412856188501	1.34711952131881E-05	1E10	274.257478628396	1.94483230098222E-05	1E10	34.5269709219883	2.50941153505226E-05	1E10	4.44793548115734	1.77840981557918E-05	1E10	1.34325504085582	1.22925283440026E-05	1E10	0.314889717309796	1.02728216279163E-05	1E10	5.20975340059914E-02	1.18766103223518E-05	1E10	1.25532551320665E-02	1E-30	1.58301010387428E-10	7.26295709175106E-02	1E-30	2.61949130620136E-11	0.056857563336668	5.40027284063787E-07	3.37475319288359E-11	1.78947064646551E-02	9.77569269819129E-12	1.31878958073941E-10	13.7857339194842	1.26836352421838E-12	4.04563138204417E-10	61.6400802235949	1E10	1E-30	1E-10	1E10	1E-30	1E-10	1E10	1E-30	1E-10
28	9.90038296132172E-08	1E10	5E9	1E-30	3.46075029565718E-10	1E10	1E-30	1E10	6.20170911025182E-02	1.35908963654382E-05	1E10	252.417557011366	1.8643499408498E-05	1E10	31.0541437595837	1.81560236758689E-05	1E10	4.00054867764979	1.53348713975998E-05	1E10	0.503639239141287	5.54464972715498E-05	1E10	0.400054867764979	1.35424269995862E-05	1E10	9.84482482280388E-02	8.41682320824335E-06	1E10	3.63079546964093E-02	1E-30	1.50249382093592E-10	0.121902493011851	3.38207155551971E-07	2.97726138321999E-11	1.56303786803243E-02	1.12418394841216E-07	3.1198318718293E-11	2.31596712990679E-02	2.02108868204599E-11	5.79312490921674E-11	9.96139311180457	1.44931678794661E-12	2.43837970311139E-10	24.9658861693446	1E10	1E-30	1E-10	1E10	1E-30	1E-10	1E10	1E-30	1E-10
29	1.00331916856825E-07	1E10	5E9	1E-30	1.12623211188958E-10	1E10	1E-30	1E10	0.063412856188501	1.34711952131881E-05	1E10	274.257478628396	1.94483230098222E-05	1E10	34.5269709219883	2.50941153505226E-05	1E10	4.44793548115734	1.77840981557918E-05	1E10	1.34325504085582	1.22925283440026E-05	1E10	0.314889717309796	1.02728216279163E-05	1E10	5.20975340059914E-02	1.18766103223518E-05	1E10	1.25532551320665E-02	1E-30	1.58301010387428E-10	7.26295709175106E-02	1E-30	2.61949130620136E-11	0.056857563336668	5.40027284063787E-07	3.37475319288359E-11	1.78947064646551E-02	9.77569269819129E-12	1.31878958073941E-10	13.7857339194842	1.26836352421838E-12	4.04563138204417E-10	61.6400802235949	1E10	1E-30	1E-10	1E10	1E-30	1E-10	1E10	1E-30	1E-10
30	9.90038296132172E-08	1E10	5E9	1E-30	3.46075029565718E-10	1E10	1E-30	1E10	6.20170911025182E-02	1.35908963654382E-05	1E10	252.417557011366	1.8643499408498E-05	1E10	31.0541437595837	1.81560236758689E-05	1E10	4.00054867764979	1.53348713975998E-05	1E10	0.503639239141287	5.54464972715498E-05	1E10	0.400054867764979	1.35424269995862E-05	1E10	9.84482482280388E-02	8.41682320824335E-06	1E10	3.63079546964093E-02	1E-30	1.50249382093592E-10	0.121902493011851	3.38207155551971E-07	2.97726138321999E-11	1.56303786803243E-02	1.12418394841216E-07	3.1198318718293E-11	2.31596712990679E-02	2.02108868204599E-11	5.79312490921674E-11	9.96139311180457	1.44931678794661E-12	2.43837970311139E-10	24.9658861693446	1E10	1E-30	1E-10	1E10	1E-30	1E-10	1E10	1E-30	1E-10
31	1.00331916856825E-07	1E10	5E9	1E-30	1.12623211188958E-10	1E10	1E-30	1E10	0.063412856188501	1.34711952131881E-05	1E10	274.257478628396	1.94483230098222E-05	1E10	34.5269709219883	2.50941153505226E-05	1E10	4.44793548115734	1.77840981557918E-05	1E10	1.34325504085582	1.22925283440026E-05	1E10	0.314889717309796	1.02728216279163E-05	1E10	5.20975340059914E-02	1.18766103223518E-05	1E10	1.25532551320665E-02	1E-30	1.58301010387428E-10	7.26295709175106E-02	1E-30	2.61949130620136E-11	0.056857563336668	5.40027284063787E-07	3.37475319288359E-11	1.78947064646551E-02	9.77569269819129E-12	1.31878958073941E-10	13.7857339194842	1.26836352421838E-12	4.04563138204417E-10	61.6400802235949	1E10	1E-30	1E-10	1E10	1E-30	1E-10	1E10	1E-30	1E-10
32	9.90038296132172E-08	1E10	5E9	1E-30	3.46075029565718E-10	1E10	1E-30	1E10	6.20170911025182E-02	1.35908963654382E-05	1E10	252.417557011366	1.8643499408498E-05	1E10	31.0541437595837	1.81560236758689E-05	1E10	4.00054867764979	1.53348713975998E-05	1E10	0.503639239141287	5.54464972715498E-05	1E10	0.400054867764979	1.35424269995862E-05	1E10	9.84482482280388E-02	8.41682320824335E-06	1E10	3.63079546964093E-02	1E-30	1.50249382093592E-10	0.121902493011851	3.38207155551971E-07	2.97726138321999E-11	1.56303786803243E-02	1.12418394841216E-07	3.1198318718293E-11	2.31596712990679E-02	2.02108868204599E-11	5.79312490921674E-11	9.96139311180457	1.44931678794661E-12	2.43837970311139E-10	24.9658861693446	1E10	1E-30	1E-10	1E10	1E-30	1E-10	1E10	1E-30	1E-10
33	9.90038296132172E-08	1E10	5E9	1E-30	3.46075029565718E-10	1E10	1E-30	1E10	6.20170911025182E-02	1.35908963654382E-05	1E10	252.417557011366	1.8643499408498E-05	1E10	31.0541437595837	1.81560236758689E-05	1E10	4.00054867764979	1.53348713975998E-05	1E10	0.503639239141287	5.54464972715498E-05	1E10	0.400054867764979	1.35424269995862E-05	1E10	9.84482482280388E-02	8.41682320824335E-06	1E10	3.63079546964093E-02	1E-30	1.50249382093592E-10	0.121902493011851	3.38207155551971E-07	2.97726138321999E-11	1.56303786803243E-02	1.12418394841216E-07	3.1198318718293E-11	2.31596712990679E-02	2.02108868204599E-11	5.79312490921674E-11	9.96139311180457	1.44931678794661E-12	2.43837970311139E-10	24.9658861693446	1E10	1E-30	1E-10	1E10	1E-30	1E-10	1E10	1E-30	1E-10
34	1.02957627678069E-07	1E10	1E9	1E-30	5.52310145961793E-10	1E10	1E-30	1E10	2.55341069934771E-02	9.17597476831259E-06	1E10	196.801414903446	1.08613099080554E-05	1E10	37.5923829375488	8.88944381137502E-06	1E10	8.44453706782384	8.1087570107383E-06	1E10	1.57086909100698	7.41331612701903E-06	1E10	0.332766804911791	6.62434602939827E-06	1E10	4.24486492789612E-02	1E-30	3.05075302034202E-11	0.072656470013655	1E-30	1.53942583798013E-10	7.05644742532971E-02	7.24387805964247E-07	2.83931974433629E-11	2.05761957262943E-02	1.07811408825822E-07	7.44611851591769E-11	4.45282183012008E-02	1.77685787339165E-11	9.36108376234264E-11	4.20435534409861	1E10	1E-30	1E-10	1E10	1E-30	1E-10	1E10	1E-30	1E-10	1E10	1E-30	1E-10
35	1.20111816764591E-07	1E10	4166666666.66666	1E-30	6.84964684414425E-11	1E10	1E-30	1E10	2.38564165234197E-02	1.57852800419616E-05	1E10	351.470812849933	1.8445747292602E-05	1E10	43.2403564901316	1.6507864693971E-05	1E10	4.74121080848877	1.46225051768462E-05	1E10	0.570018913206972	1.11983936964697E-05	1E10	7.28293408685548E-02	1.17336399511605E-05	1E10	1.35605022348676E-02	1E-30	1.01183385516911E-10	0.105360362731101	5.00093851106431E-07	4.06980225284002E-11	2.02709425377303E-02	4.9348223675749E-08	7.53084495632555E-11	3.40284102507764E-02	4.68247244258898E-12	2.70596309711996E-10	43.4413287000491	2.07861467923026E-12	3.3787547958004E-10	54.7538643802487	1E10	1E-30	1E-10	1E10	1E-30	1E-10	1E10	1E-30	1E-10	1E10	1E-30	1E-10
36	1.45097524336553E-07	1E10	3333333333.33333	1E-30	1.71773259270953E-10	1E10	1E-30	1E10	7.43742322211425E-02	1.64564734185834E-05	1E10	337.135731714361	2.38472547126571E-05	1E10	28.0417287584195	2.00353093647915E-05	1E10	3.78272512588109	1.72852661147556E-05	1E10	0.274034210826745	9.75482205895163E-05	1E10	0.194001364331828	1.23950585207188E-05	1E10	3.96792118503896E-02	1E-30	1.63052976487585E-10	0.108153470868574	1E-30	8.70459104031778E-12	4.56834211157255E-02	5.40069605517948E-07	4.92539460413189E-11	2.52850449678129E-02	1.26417416904669E-07	4.49530435335155E-11	2.61997491883298E-02	9.94767072545706E-12	1.25401057676028E-10	21.1619458457056	1.75677676901061E-12	3.27473650172343E-10	63.542050291248	1E10	1E-30	1E-10	1E10	1E-30	1E-10	1E10	1E-30	1E-10
37	1.45097524336553E-07	1E10	3333333333.33333	1E-30	1.71773259270953E-10	1E10	1E-30	1E10	7.43742322211425E-02	1.64564734185834E-05	1E10	337.135731714361	2.38472547126571E-05	1E10	28.0417287584195	2.00353093647915E-05	1E10	3.78272512588109	1.72852661147556E-05	1E10	0.274034210826745	9.75482205895163E-05	1E10	0.194001364331828	1.23950585207188E-05	1E10	3.96792118503896E-02	1E-30	1.63052976487585E-10	0.108153470868574	1E-30	8.70459104031778E-12	4.56834211157255E-02	5.40069605517948E-07	4.92539460413189E-11	2.52850449678129E-02	1.26417416904669E-07	4.49530435335155E-11	2.61997491883298E-02	9.94767072545706E-12	1.25401057676028E-10	21.1619458457056	1.75677676901061E-12	3.27473650172343E-10	63.542050291248	1E10	1E-30	1E-10	1E10	1E-30	1E-10	1E10	1E-30	1E-10
38	1.8471634844155E-07	1E10	2777777777.77777	1E-30	8.00823103069653E-11	1E10	1E-30	1E10	5.93643954915651E-02	1.97811044628338E-05	1E10	280.472974491195	3.14305625558719E-05	1E10	21.2760508850753	2.43046373865836E-05	1E10	2.74088630144986	2.39784260313482E-05	1E10	0.287006029320978	1.29621916467937E-05	1E10	4.38669301717377E-02	1E-30	1.58904434842379E-10	9.31731522180419E-02	1E-30	3.42341466792964E-11	0.083958669139185	8.11657464978687E-07	4.05365232068797E-11	2.16531541310001E-02	1.25669372826206E-07	7.06144409034011E-11	2.93535147449085E-02	9.28124972753757E-12	1.03114289441251E-10	16.2470449777185	1.26036074927103E-12	3.83449914227433E-10	75.7271709558379	1E10	1E-30	1E-10	1E10	1E-30	1E-10	1E10	1E-30	1E-10	1E10	1E-30	1E-10
39	1.8471634844155E-07	1E10	2777777777.77777	1E-30	8.00823103069653E-11	1E10	1E-30	1E10	5.93643954915651E-02	1.97811044628338E-05	1E10	280.472974491195	3.14305625558719E-05	1E10	21.2760508850753	2.43046373865836E-05	1E10	2.74088630144986	2.39784260313482E-05	1E10	0.287006029320978	1.29621916467937E-05	1E10	4.38669301717377E-02	1E-30	1.58904434842379E-10	9.31731522180419E-02	1E-30	3.42341466792964E-11	0.083958669139185	8.11657464978687E-07	4.05365232068797E-11	2.16531541310001E-02	1.25669372826206E-07	7.06144409034011E-11	2.93535147449085E-02	9.28124972753757E-12	1.03114289441251E-10	16.2470449777185	1.26036074927103E-12	3.83449914227433E-10	75.7271709558379	1E10	1E-30	1E-10	1E10	1E-30	1E-10	1E10	1E-30	1E-10	1E10	1E-30	1E-10
40	2.14294538947093E-07	1E10	2272727272.72727	1E-30	4.32574597604697E-11	1E10	1E-30	1E10	6.34730040476165E-02	2.87171216331065E-05	1E10	138.554052461523	3.72415510037515E-05	1E10	15.5460203780151	6.36670082497139E-05	1E10	1.32318092863979	4.47676672814799E-05	1E10	0.618898218605862	3.89225153860672E-05	1E10	0.155460203780151	2.15559248347375E-05	1E10	0.058648035731735	2.37691329529199E-05	1E10	0.015166210081827	1E-30	2.91429201610829E-10	8.32673437741667E-02	1E-30	2.67325363376567E-11	8.14465339631514E-02	1.15729245541831E-06	3.35192386560545E-11	1.97311559886255E-02	4.81986795961809E-07	3.2099227564027E-11	2.15052086739146E-02	1.02887588583564E-11	8.15481867975001E-11	12.7281080150382	8.79069112665305E-13	4.33968501888103E-10	85.6590582117561	1E10	1E-30	1E-10	1E10	1E-30	1E-10
41	2.14294538947093E-07	1E10	2272727272.72727	1E-30	4.32574597604697E-11	1E10	1E-30	1E10	6.34730040476165E-02	2.87171216331065E-05	1E10	138.554052461523	3.72415510037515E-05	1E10	15.5460203780151	6.36670082497139E-05	1E10	1.32318092863979	4.47676672814799E-05	1E10	0.618898218605862	3.89225153860672E-05	1E10	0.155460203780151	2.15559248347375E-05	1E10	0.058648035731735	2.37691329529199E-05	1E10	0.015166210081827	1E-30	2.91429201610829E-10	8.32673437741667E-02	1E-30	2.67325363376567E-11	8.14465339631514E-02	1.15729245541831E-06	3.35192386560545E-11	1.97311559886255E-02	4.81986795961809E-07	3.2099227564027E-11	2.15052086739146E-02	1.02887588583564E-11	8.15481867975001E-11	12.7281080150382	8.79069112665305E-13	4.33968501888103E-10	85.6590582117561	1E10	1E-30	1E-10	1E10	1E-30	1E-10
42	2.14294538947093E-07	1E10	2272727272.72727	1E-30	4.32574597604697E-11	1E10	1E-30	1E10	6.34730040476165E-02	2.87171216331065E-05	1E10	138.554052461523	3.72415510037515E-05	1E10	15.5460203780151	6.36670082497139E-05	1E10	1.32318092863979	4.47676672814799E-05	1E10	0.618898218605862	3.89225153860672E-05	1E10	0.155460203780151	2.15559248347375E-05	1E10	0.058648035731735	2.37691329529199E-05	1E10	0.015166210081827	1E-30	2.91429201610829E-10	8.32673437741667E-02	1E-30	2.67325363376567E-11	8.14465339631514E-02	1.15729245541831E-06	3.35192386560545E-11	1.97311559886255E-02	4.81986795961809E-07	3.2099227564027E-11	2.15052086739146E-02	1.02887588583564E-11	8.15481867975001E-11	12.7281080150382	8.79069112665305E-13	4.33968501888103E-10	85.6590582117561	1E10	1E-30	1E-10	1E10	1E-30	1E-10
43	2.14294538947093E-07	1E10	2272727272.72727	1E-30	4.32574597604697E-11	1E10	1E-30	1E10	6.34730040476165E-02	2.87171216331065E-05	1E10	138.554052461523	3.72415510037515E-05	1E10	15.5460203780151	6.36670082497139E-05	1E10	1.32318092863979	4.47676672814799E-05	1E10	0.618898218605862	3.89225153860672E-05	1E10	0.155460203780151	2.15559248347375E-05	1E10	0.058648035731735	2.37691329529199E-05	1E10	0.015166210081827	1E-30	2.91429201610829E-10	8.32673437741667E-02	1E-30	2.67325363376567E-11	8.14465339631514E-02	1.15729245541831E-06	3.35192386560545E-11	1.97311559886255E-02	4.81986795961809E-07	3.2099227564027E-11	2.15052086739146E-02	1.02887588583564E-11	8.15481867975001E-11	12.7281080150382	8.79069112665305E-13	4.33968501888103E-10	85.6590582117561	1E10	1E-30	1E-10	1E10	1E-30	1E-10
44	2.14294538947093E-07	1E10	2272727272.72727	1E-30	4.32574597604697E-11	1E10	1E-30	1E10	6.34730040476165E-02	2.87171216331065E-05	1E10	138.554052461523	3.72415510037515E-05	1E10	15.5460203780151	6.36670082497139E-05	1E10	1.32318092863979	4.47676672814799E-05	1E10	0.618898218605862	3.89225153860672E-05	1E10	0.155460203780151	2.15559248347375E-05	1E10	0.058648035731735	2.37691329529199E-05	1E10	0.015166210081827	1E-30	2.91429201610829E-10	8.32673437741667E-02	1E-30	2.67325363376567E-11	8.14465339631514E-02	1.15729245541831E-06	3.35192386560545E-11	1.97311559886255E-02	4.81986795961809E-07	3.2099227564027E-11	2.15052086739146E-02	1.02887588583564E-11	8.15481867975001E-11	12.7281080150382	8.79069112665305E-13	4.33968501888103E-10	85.6590582117561	1E10	1E-30	1E-10	1E10	1E-30	1E-10
45	2.14294538947093E-07	1E10	2272727272.72727	1E-30	4.32574597604697E-11	1E10	1E-30	1E10	6.34730040476165E-02	2.87171216331065E-05	1E10	138.554052461523	3.72415510037515E-05	1E10	15.5460203780151	6.36670082497139E-05	1E10	1.32318092863979	4.47676672814799E-05	1E10	0.618898218605862	3.89225153860672E-05	1E10	0.155460203780151	2.15559248347375E-05	1E10	0.058648035731735	2.37691329529199E-05	1E10	0.015166210081827	1E-30	2.91429201610829E-10	8.32673437741667E-02	1E-30	2.67325363376567E-11	8.14465339631514E-02	1.15729245541831E-06	3.35192386560545E-11	1.97311559886255E-02	4.81986795961809E-07	3.2099227564027E-11	2.15052086739146E-02	1.02887588583564E-11	8.15481867975001E-11	12.7281080150382	8.79069112665305E-13	4.33968501888103E-10	85.6590582117561	1E10	1E-30	1E-10	1E10	1E-30	1E-10
46	2.74234743021507E-07	1E10	1851851851.85185	1E-30	1.72535917136117E-10	1E10	1E-30	1E10	4.18611690653705E-02	2.84707474679195E-05	1E10	154.78992419516	4.22182752498026E-05	1E10	15.8395444704577	3.26465639680933E-05	1E10	2.04052860630906	3.14752367120439E-05	1E10	0.223739512542432	1.75074755639295E-05	1E10	3.24782150211358E-02	1E-30	2.57779523826437E-10	7.86976200331926E-02	1E-30	1.80171215533466E-11	4.05882015667909E-02	2.20571811300291E-06	2.86205652554856E-11	1.22171519619978E-02	4.84285712016333E-07	5.53276054609089E-11	2.37030746795966E-02	1.62356256102303E-11	9.38523630179478E-11	14.4497343663015	2.49858978940582E-12	2.93236523151748E-10	28.4379771194265	3.52935188614679E-12	1.1408224566719E-10	34.1899684831503	1E10	1E-30	1E-10	1E10	1E-30	1E-10	1E10	1E-30	1E-10
47	4.12213161438311E-07	1E10	1282051282.05128	1E-30	1.38017189882366E-10	1E10	1E-30	1E10	2.36704703211312E-02	4.32500964204436E-05	1E10	91.9968718362585	6.43979928446809E-05	1E10	8.99027673698931	5.33783385796343E-05	1E10	1.36073344818245	5.22452812369887E-05	1E10	0.129949035456562	5.54271107264755E-05	1E10	2.87142773646097E-02	3.57558332174438E-05	1E10	8.02922278972501E-03	1E-30	2.00090615794293E-11	7.59894754764743E-02	1E-30	1.79920633865005E-10	0.069720063174981	2.47960046687571E-06	3.09239431659788E-11	1.36281483885437E-02	2.6743149374786E-07	9.74346764883235E-11	2.66922793432059E-02	2.19776853057952E-11	7.17147297968125E-11	6.60197359771793	1.12360827894016E-12	3.79014547082994E-10	87.1016743569947	1E10	1E-30	1E-10	1E10	1E-30	1E-10	1E10	1E-30	1E-10
48	4.12213161438311E-07	1E10	1282051282.05128	1E-30	1.38017189882366E-10	1E10	1E-30	1E10	2.36704703211312E-02	4.32500964204436E-05	1E10	91.9968718362585	6.43979928446809E-05	1E10	8.99027673698931	5.33783385796343E-05	1E10	1.36073344818245	5.22452812369887E-05	1E10	0.129949035456562	5.54271107264755E-05	1E10	2.87142773646097E-02	3.57558332174438E-05	1E10	8.02922278972501E-03	1E-30	2.00090615794293E-11	7.59894754764743E-02	1E-30	1.79920633865005E-10	0.069720063174981	2.47960046687571E-06	3.09239431659788E-11	1.36281483885437E-02	2.6743149374786E-07	9.74346764883235E-11	2.66922793432059E-02	2.19776853057952E-11	7.17147297968125E-11	6.60197359771793	1.12360827894016E-12	3.79014547082994E-10	87.1016743569947	1E10	1E-30	1E-10	1E10	1E-30	1E-10	1E10	1E-30	1E-10
49	4.12213161438311E-07	1E10	1282051282.05128	1E-30	1.38017189882366E-10	1E10	1E-30	1E10	2.36704703211312E-02	4.32500964204436E-05	1E10	91.9968718362585	6.43979928446809E-05	1E10	8.99027673698931	5.33783385796343E-05	1E10	1.36073344818245	5.22452812369887E-05	1E10	0.129949035456562	5.54271107264755E-05	1E10	2.87142773646097E-02	3.57558332174438E-05	1E10	8.02922278972501E-03	1E-30	2.00090615794293E-11	7.59894754764743E-02	1E-30	1.79920633865005E-10	0.069720063174981	2.47960046687571E-06	3.09239431659788E-11	1.36281483885437E-02	2.6743149374786E-07	9.74346764883235E-11	2.66922793432059E-02	2.19776853057952E-11	7.17147297968125E-11	6.60197359771793	1.12360827894016E-12	3.79014547082994E-10	87.1016743569947	1E10	1E-30	1E-10	1E10	1E-30	1E-10	1E10	1E-30	1E-10
50	4.12213161438311E-07	1E10	1282051282.05128	1E-30	1.38017189882366E-10	1E10	1E-30	1E10	2.36704703211312E-02	4.32500964204436E-05	1E10	91.9968718362585	6.43979928446809E-05	1E10	8.99027673698931	5.33783385796343E-05	1E10	1.36073344818245	5.22452812369887E-05	1E10	0.129949035456562	5.54271107264755E-05	1E10	2.87142773646097E-02	3.57558332174438E-05	1E10	8.02922278972501E-03	1E-30	2.00090615794293E-11	7.59894754764743E-02	1E-30	1.79920633865005E-10	0.069720063174981	2.47960046687571E-06	3.09239431659788E-11	1.36281483885437E-02	2.6743149374786E-07	9.74346764883235E-11	2.66922793432059E-02	2.19776853057952E-11	7.17147297968125E-11	6.60197359771793	1.12360827894016E-12	3.79014547082994E-10	87.1016743569947	1E10	1E-30	1E-10	1E10	1E-30	1E-10	1E10	1E-30	1E-10
51	4.12213161438311E-07	1E10	1282051282.05128	1E-30	1.38017189882366E-10	1E10	1E-30	1E10	2.36704703211312E-02	4.32500964204436E-05	1E10	91.9968718362585	6.43979928446809E-05	1E10	8.99027673698931	5.33783385796343E-05	1E10	1.36073344818245	5.22452812369887E-05	1E10	0.129949035456562	5.54271107264755E-05	1E10	2.87142773646097E-02	3.57558332174438E-05	1E10	8.02922278972501E-03	1E-30	2.00090615794293E-11	7.59894754764743E-02	1E-30	1.79920633865005E-10	0.069720063174981	2.47960046687571E-06	3.09239431659788E-11	1.36281483885437E-02	2.6743149374786E-07	9.74346764883235E-11	2.66922793432059E-02	2.19776853057952E-11	7.17147297968125E-11	6.60197359771793	1.12360827894016E-12	3.79014547082994E-10	87.1016743569947	1E10	1E-30	1E-10	1E10	1E-30	1E-10	1E10	1E-30	1E-10
52	4.12213161438311E-07	1E10	1282051282.05128	1E-30	1.38017189882366E-10	1E10	1E-30	1E10	2.36704703211312E-02	4.32500964204436E-05	1E10	91.9968718362585	6.43979928446809E-05	1E10	8.99027673698931	5.33783385796343E-05	1E10	1.36073344818245	5.22452812369887E-05	1E10	0.129949035456562	5.54271107264755E-05	1E10	2.87142773646097E-02	3.57558332174438E-05	1E10	8.02922278972501E-03	1E-30	2.00090615794293E-11	7.59894754764743E-02	1E-30	1.79920633865005E-10	0.069720063174981	2.47960046687571E-06	3.09239431659788E-11	1.36281483885437E-02	2.6743149374786E-07	9.74346764883235E-11	2.66922793432059E-02	2.19776853057952E-11	7.17147297968125E-11	6.60197359771793	1.12360827894016E-12	3.79014547082994E-10	87.1016743569947	1E10	1E-30	1E-10	1E10	1E-30	1E-10	1E10	1E-30	1E-10
53	4.50514720242611E-07	1E10	1063829787.23404	1E-30	3.13423963285837E-10	1E10	1E-30	1E10	3.81617017171388E-02	5.77613181267322E-05	1E10	68.8847433946618	7.66517980750306E-05	1E10	7.5530619179165	5.92945895949761E-05	1E10	1.22496320844541	5.70288644126162E-05	1E10	0.131257172605506	2.93485612446721E-05	1E10	3.59903719188365E-02	1E-30	2.66608608730965E-11	0.10498978825722	1E-30	2.15777126356158E-10	6.52045055879565E-02	1.26371402320915E-06	6.80324809465733E-11	1.81104868637432E-02	4.92054761852711E-07	6.33525916533197E-11	2.25960629225543E-02	1.81831949283362E-11	6.82367428385715E-11	5.71422066774402	2.46930738677596E-12	1.39895962254808E-10	29.7741793115641	1E10	1E-30	1E-10	1E10	1E-30	1E-10	1E10	1E-30	1E-10	1E10	1E-30	1E-10
54	4.50514720242611E-07	1E10	1063829787.23404	1E-30	3.13423963285837E-10	1E10	1E-30	1E10	3.81617017171388E-02	5.77613181267322E-05	1E10	68.8847433946618	7.66517980750306E-05	1E10	7.5530619179165	5.92945895949761E-05	1E10	1.22496320844541	5.70288644126162E-05	1E10	0.131257172605506	2.93485612446721E-05	1E10	3.59903719188365E-02	1E-30	2.66608608730965E-11	0.10498978825722	1E-30	2.15777126356158E-10	6.52045055879565E-02	1.26371402320915E-06	6.80324809465733E-11	1.81104868637432E-02	4.92054761852711E-07	6.33525916533197E-11	2.25960629225543E-02	1.81831949283362E-11	6.82367428385715E-11	5.71422066774402	2.46930738677596E-12	1.39895962254808E-10	29.7741793115641	1E10	1E-30	1E-10	1E10	1E-30	1E-10	1E10	1E-30	1E-10	1E10	1E-30	1E-10
55	4.50514720242611E-07	1E10	1063829787.23404	1E-30	3.13423963285837E-10	1E10	1E-30	1E10	3.81617017171388E-02	5.77613181267322E-05	1E10	68.8847433946618	7.66517980750306E-05	1E10	7.5530619179165	5.92945895949761E-05	1E10	1.22496320844541	5.70288644126162E-05	1E10	0.131257172605506	2.93485612446721E-05	1E10	3.59903719188365E-02	1E-30	2.66608608730965E-11	0.10498978825722	1E-30	2.15777126356158E-10	6.52045055879565E-02	1.26371402320915E-06	6.80324809465733E-11	1.81104868637432E-02	4.92054761852711E-07	6.33525916533197E-11	2.25960629225543E-02	1.81831949283362E-11	6.82367428385715E-11	5.71422066774402	2.46930738677596E-12	1.39895962254808E-10	29.7741793115641	1E10	1E-30	1E-10	1E10	1E-30	1E-10	1E10	1E-30	1E-10	1E10	1E-30	1E-10
56	4.50514720242611E-07	1E10	1063829787.23404	1E-30	3.13423963285837E-10	1E10	1E-30	1E10	3.81617017171388E-02	5.77613181267322E-05	1E10	68.8847433946618	7.66517980750306E-05	1E10	7.5530619179165	5.92945895949761E-05	1E10	1.22496320844541	5.70288644126162E-05	1E10	0.131257172605506	2.93485612446721E-05	1E10	3.59903719188365E-02	1E-30	2.66608608730965E-11	0.10498978825722	1E-30	2.15777126356158E-10	6.52045055879565E-02	1.26371402320915E-06	6.80324809465733E-11	1.81104868637432E-02	4.92054761852711E-07	6.33525916533197E-11	2.25960629225543E-02	1.81831949283362E-11	6.82367428385715E-11	5.71422066774402	2.46930738677596E-12	1.39895962254808E-10	29.7741793115641	1E10	1E-30	1E-10	1E10	1E-30	1E-10	1E10	1E-30	1E-10	1E10	1E-30	1E-10
57	4.50514720242611E-07	1E10	1063829787.23404	1E-30	3.13423963285837E-10	1E10	1E-30	1E10	3.81617017171388E-02	5.77613181267322E-05	1E10	68.8847433946618	7.66517980750306E-05	1E10	7.5530619179165	5.92945895949761E-05	1E10	1.22496320844541	5.70288644126162E-05	1E10	0.131257172605506	2.93485612446721E-05	1E10	3.59903719188365E-02	1E-30	2.66608608730965E-11	0.10498978825722	1E-30	2.15777126356158E-10	6.52045055879565E-02	1.26371402320915E-06	6.80324809465733E-11	1.81104868637432E-02	4.92054761852711E-07	6.33525916533197E-11	2.25960629225543E-02	1.81831949283362E-11	6.82367428385715E-11	5.71422066774402	2.46930738677596E-12	1.39895962254808E-10	29.7741793115641	1E10	1E-30	1E-10	1E10	1E-30	1E-10	1E10	1E-30	1E-10	1E10	1E-30	1E-10
58	4.50514720242611E-07	1E10	1063829787.23404	1E-30	3.13423963285837E-10	1E10	1E-30	1E10	3.81617017171388E-02	5.77613181267322E-05	1E10	68.8847433946618	7.66517980750306E-05	1E10	7.5530619179165	5.92945895949761E-05	1E10	1.22496320844541	5.70288644126162E-05	1E10	0.131257172605506	2.93485612446721E-05	1E10	3.59903719188365E-02	1E-30	2.66608608730965E-11	0.10498978825722	1E-30	2.15777126356158E-10	6.52045055879565E-02	1.26371402320915E-06	6.80324809465733E-11	1.81104868637432E-02	4.92054761852711E-07	6.33525916533197E-11	2.25960629225543E-02	1.81831949283362E-11	6.82367428385715E-11	5.71422066774402	2.46930738677596E-12	1.39895962254808E-10	29.7741793115641	1E10	1E-30	1E-10	1E10	1E-30	1E-10	1E10	1E-30	1E-10	1E10	1E-30	1E-10
59	5.46772725969443E-07	1E10	892857142.857142	1E-30	1.1892710484845E-10	1E10	1E-30	1E10	9.29149420505304E-03	7.91767253121315E-05	1E10	29.2891078985843	8.33286393049727E-05	1E10	3.86105638536145	7.01155499381968E-05	1E10	0.443308587165641	1.11689151481722E-04	1E10	4.33217651747598E-02	3.87224582187314E-05	1E10	2.45008369811029E-02	1E-30	1.41771833522569E-11	6.02523229147875E-02	1E-30	2.83325232390674E-10	5.56541882686695E-02	2.41290093245177E-06	5.11837238829676E-11	1.91344579706278E-02	8.26791082749218E-07	5.9967457381407E-11	2.09471812803338E-02	1.40518895842804E-11	1.47929690712082E-10	25.9706750004394	3.48007461314564E-12	2.85533987214084E-10	50.4904431745361	2.16358751905245E-12	1.5817550882572E-10	18.1015598513758	1E10	1E-30	1E-10	1E10	1E-30	1E-10	1E10	1E-30	1E-10
60	5.46772725969443E-07	1E10	892857142.857142	1E-30	1.1892710484845E-10	1E10	1E-30	1E10	9.29149420505304E-03	7.91767253121315E-05	1E10	29.2891078985843	8.33286393049727E-05	1E10	3.86105638536145	7.01155499381968E-05	1E10	0.443308587165641	1.11689151481722E-04	1E10	4.33217651747598E-02	3.87224582187314E-05	1E10	2.45008369811029E-02	1E-30	1.41771833522569E-11	6.02523229147875E-02	1E-30	2.83325232390674E-10	5.56541882686695E-02	2.41290093245177E-06	5.11837238829676E-11	1.91344579706278E-02	8.26791082749218E-07	5.9967457381407E-11	2.09471812803338E-02	1.40518895842804E-11	1.47929690712082E-10	25.9706750004394	3.48007461314564E-12	2.85533987214084E-10	50.4904431745361	2.16358751905245E-12	1.5817550882572E-10	18.1015598513758	1E10	1E-30	1E-10	1E10	1E-30	1E-10	1E10	1E-30	1E-10
61	5.59932623900747E-07	1E10	892857142.857142	1E-30	1.81860454266619E-10	1E10	1E-30	1E10	3.12032200128842E-02	6.75853326580507E-05	1E10	58.8718501605749	8.76471315177432E-05	1E10	6.60553023190651	8.29921948489237E-05	1E10	0.812657755897165	6.98731116651195E-05	1E10	0.107129156285156	3.99162179949708E-05	1E10	2.43216907712367E-02	1E-30	3.61558907341881E-11	0.13322599360512	1E-30	2.61942271695726E-10	5.70797929529328E-02	2.54032386133696E-06	4.5053439652756E-11	1.27466522448313E-02	7.95067939013358E-07	5.795669602222E-11	1.81601915809741E-02	1.59897303053123E-11	6.69715610722836E-11	7.10888307755137	1.38990191264121E-12	2.61581671055431E-10	108.988233383503	1E10	1E-30	1E-10	1E10	1E-30	1E-10	1E10	1E-30	1E-10	1E10	1E-30	1E-10
62	5.59932623900747E-07	1E10	892857142.857142	1E-30	1.81860454266619E-10	1E10	1E-30	1E10	3.12032200128842E-02	6.75853326580507E-05	1E10	58.8718501605749	8.76471315177432E-05	1E10	6.60553023190651	8.29921948489237E-05	1E10	0.812657755897165	6.98731116651195E-05	1E10	0.107129156285156	3.99162179949708E-05	1E10	2.43216907712367E-02	1E-30	3.61558907341881E-11	0.13322599360512	1E-30	2.61942271695726E-10	5.70797929529328E-02	2.54032386133696E-06	4.5053439652756E-11	1.27466522448313E-02	7.95067939013358E-07	5.795669602222E-11	1.81601915809741E-02	1.59897303053123E-11	6.69715610722836E-11	7.10888307755137	1.38990191264121E-12	2.61581671055431E-10	108.988233383503	1E10	1E-30	1E-10	1E10	1E-30	1E-10	1E10	1E-30	1E-10	1E10	1E-30	1E-10
63	6.78227119903237E-07	1E10	735294117.647058	1E-30	3.4822580523554E-10	1E10	1E-30	1E10	1.42602350318433E-02	9.34579193973482E-05	1E10	42.5739584505481	1.08019300306874E-04	1E10	5.3597438174064	1.02800228600651E-04	1E10	0.706551840423203	8.17854598046757E-05	1E10	0.104506675384564	4.68998707041024E-05	1E10	1.70307929849322E-02	1E-30	2.90349400971195E-11	7.61314991689947E-02	1E-30	3.26596164957546E-10	4.96967283440015E-02	2.52089006567347E-06	6.40260043471197E-11	1.80637278813755E-02	1.19783169922892E-06	5.66883116997393E-11	0.017612412118214	2.54885024745192E-11	6.28892971948562E-11	5.09198837694548	2.45278235386278E-12	1.4916263921907E-10	29.2729352366179	1E10	1E-30	1E-10	1E10	1E-30	1E-10	1E10	1E-30	1E-10	1E10	1E-30	1E-10
64	6.78227119903237E-07	1E10	735294117.647058	1E-30	3.4822580523554E-10	1E10	1E-30	1E10	1.42602350318433E-02	9.34579193973482E-05	1E10	42.5739584505481	1.08019300306874E-04	1E10	5.3597438174064	1.02800228600651E-04	1E10	0.706551840423203	8.17854598046757E-05	1E10	0.104506675384564	4.68998707041024E-05	1E10	1.70307929849322E-02	1E-30	2.90349400971195E-11	7.61314991689947E-02	1E-30	3.26596164957546E-10	4.96967283440015E-02	2.52089006567347E-06	6.40260043471197E-11	1.80637278813755E-02	1.19783169922892E-06	5.66883116997393E-11	0.017612412118214	2.54885024745192E-11	6.28892971948562E-11	5.09198837694548	2.45278235386278E-12	1.4916263921907E-10	29.2729352366179	1E10	1E-30	1E-10	1E10	1E-30	1E-10	1E10	1E-30	1E-10	1E10	1E-30	1E-10
65	6.78227119903237E-07	1E10	735294117.647058	1E-30	3.4822580523554E-10	1E10	1E-30	1E10	1.42602350318433E-02	9.34579193973482E-05	1E10	42.5739584505481	1.08019300306874E-04	1E10	5.3597438174064	1.02800228600651E-04	1E10	0.706551840423203	8.17854598046757E-05	1E10	0.104506675384564	4.68998707041024E-05	1E10	1.70307929849322E-02	1E-30	2.90349400971195E-11	7.61314991689947E-02	1E-30	3.26596164957546E-10	4.96967283440015E-02	2.52089006567347E-06	6.40260043471197E-11	1.80637278813755E-02	1.19783169922892E-06	5.66883116997393E-11	0.017612412118214	2.54885024745192E-11	6.28892971948562E-11	5.09198837694548	2.45278235386278E-12	1.4916263921907E-10	29.2729352366179	1E10	1E-30	1E-10	1E10	1E-30	1E-10	1E10	1E-30	1E-10	1E10	1E-30	1E-10
66	6.78227119903237E-07	1E10	735294117.647058	1E-30	3.4822580523554E-10	1E10	1E-30	1E10	1.42602350318433E-02	9.34579193973482E-05	1E10	42.5739584505481	1.08019300306874E-04	1E10	5.3597438174064	1.02800228600651E-04	1E10	0.706551840423203	8.17854598046757E-05	1E10	0.104506675384564	4.68998707041024E-05	1E10	1.70307929849322E-02	1E-30	2.90349400971195E-11	7.61314991689947E-02	1E-30	3.26596164957546E-10	4.96967283440015E-02	2.52089006567347E-06	6.40260043471197E-11	1.80637278813755E-02	1.19783169922892E-06	5.66883116997393E-11	0.017612412118214	2.54885024745192E-11	6.28892971948562E-11	5.09198837694548	2.45278235386278E-12	1.4916263921907E-10	29.2729352366179	1E10	1E-30	1E-10	1E10	1E-30	1E-10	1E10	1E-30	1E-10	1E10	1E-30	1E-10
67	6.78227119903237E-07	1E10	735294117.647058	1E-30	3.4822580523554E-10	1E10	1E-30	1E10	1.42602350318433E-02	9.34579193973482E-05	1E10	42.5739584505481	1.08019300306874E-04	1E10	5.3597438174064	1.02800228600651E-04	1E10	0.706551840423203	8.17854598046757E-05	1E10	0.104506675384564	4.68998707041024E-05	1E10	1.70307929849322E-02	1E-30	2.90349400971195E-11	7.61314991689947E-02	1E-30	3.26596164957546E-10	4.96967283440015E-02	2.52089006567347E-06	6.40260043471197E-11	1.80637278813755E-02	1.19783169922892E-06	5.66883116997393E-11	0.017612412118214	2.54885024745192E-11	6.28892971948562E-11	5.09198837694548	2.45278235386278E-12	1.4916263921907E-10	29.2729352366179	1E10	1E-30	1E-10	1E10	1E-30	1E-10	1E10	1E-30	1E-10	1E10	1E-30	1E-10
68	6.77327905207335E-07	1E10	735294118	1E-30	1.58251346870268E-10	1E10	1E-30	1E10	0.016826781504896	8.49471600166796E-05	1E10	14.7351616021647	1.00923831726119E-04	1E10	1.61567834134199	1.00155421759141E-04	1E10	0.244542812739293	8.13514839065223E-05	1E10	4.44994766308591E-02	5.68247701824249E-05	1E10	9.65701252965843E-03	1E-30	2.27613794436314E-10	4.68138429597805E-02	1E-30	2.88614717536544E-11	0.044775193307239	3.43640105460348E-06	3.52980509079714E-11	8.93861137428443E-03	9.26286402013182E-07	4.90891690455471E-11	1.43316466302412E-02	1.54211065509357E-11	1.22094108852772E-10	14.3484565515449	1.80853474809541E-12	3.82475759914736E-10	73.0262067653759	1E10	1E-30	1E-10	1E10	1E-30	1E-10	1E10	1E-30	1E-10	1E10	1E-30	1E-10
69	6.78227119903237E-07	1E10	735294117.647058	1E-30	3.4822580523554E-10	1E10	1E-30	1E10	1.42602350318433E-02	9.34579193973482E-05	1E10	42.5739584505481	1.08019300306874E-04	1E10	5.3597438174064	1.02800228600651E-04	1E10	0.706551840423203	8.17854598046757E-05	1E10	0.104506675384564	4.68998707041024E-05	1E10	1.70307929849322E-02	1E-30	2.90349400971195E-11	7.61314991689947E-02	1E-30	3.26596164957546E-10	4.96967283440015E-02	2.52089006567347E-06	6.40260043471197E-11	1.80637278813755E-02	1.19783169922892E-06	5.66883116997393E-11	0.017612412118214	2.54885024745192E-11	6.28892971948562E-11	5.09198837694548	2.45278235386278E-12	1.4916263921907E-10	29.2729352366179	1E10	1E-30	1E-10	1E10	1E-30	1E-10	1E10	1E-30	1E-10	1E10	1E-30	1E-10
70	8.0343521098208E-07	1E10	609756097.560975	1E-30	1.90157691470234E-10	1E10	1E-30	1E10	7.45793536915662E-03	9.88601710378171E-05	1E10	24.9121594441308	1.27068902020384E-04	1E10	1.97884316344263	1.24439721635018E-04	1E10	0.254924381817599	1.78747120534899E-04	1E10	3.36055784153376E-02	6.51317178328006E-05	1E10	1.67155733659371E-02	1E-30	2.57734545583947E-11	5.47935264734449E-02	1E-30	3.30309233647032E-10	4.91077444076703E-02	2.74075558259239E-06	7.0660668867518E-11	1.84917098787587E-02	1.32606768153466E-06	6.09133333075987E-11	1.94124801992239E-02	9.70606716043641E-12	1.53010367330492E-10	19.6299750563936	2.48622140858854E-12	2.93925655811061E-10	61.8852342290395	1E10	1E-30	1E-10	1E10	1E-30	1E-10	1E10	1E-30	1E-10	1E10	1E-30	1E-10
71	8.0343521098208E-07	1E10	609756097.560975	1E-30	1.90157691470234E-10	1E10	1E-30	1E10	7.45793536915662E-03	9.88601710378171E-05	1E10	24.9121594441308	1.27068902020384E-04	1E10	1.97884316344263	1.24439721635018E-04	1E10	0.254924381817599	1.78747120534899E-04	1E10	3.36055784153376E-02	6.51317178328006E-05	1E10	1.67155733659371E-02	1E-30	2.57734545583947E-11	5.47935264734449E-02	1E-30	3.30309233647032E-10	4.91077444076703E-02	2.74075558259239E-06	7.0660668867518E-11	1.84917098787587E-02	1.32606768153466E-06	6.09133333075987E-11	1.94124801992239E-02	9.70606716043641E-12	1.53010367330492E-10	19.6299750563936	2.48622140858854E-12	2.93925655811061E-10	61.8852342290395	1E10	1E-30	1E-10	1E10	1E-30	1E-10	1E10	1E-30	1E-10	1E10	1E-30	1E-10
72	1.00045675145904E-06	1E10	5E8	1E-30	8.35411683644835E-11	1E10	1E-30	1E10	1.22719393905569E-02	1.13476481497623E-04	1E10	7.81784381648069	1.06531700950273E-04	1E10	0.793896069892937	9.4844053928622E-05	1E10	9.03887132091645E-02	8.75244394017652E-05	1E10	9.98367029981455E-03	6.62940013669479E-05	1E10	1.2912801911539E-03	1E-30	3.59873309019937E-11	5.24949277283391E-02	1E-30	2.55819477832204E-10	4.19977711485413E-02	3.64226302242041E-06	5.77712504799916E-11	1.26012733933474E-02	1.00180205959145E-06	8.34443525403542E-11	1.75138521105495E-02	9.41215103859723E-13	4.54162357475152E-10	90.0737587633374	1E10	1E-30	1E-10	1E10	1E-30	1E-10	1E10	1E-30	1E-10	1E10	1E-30	1E-10	1E10	1E-30	1E-10
73	1.00045675145904E-06	1E10	5E8	1E-30	8.35411683644835E-11	1E10	1E-30	1E10	1.22719393905569E-02	1.13476481497623E-04	1E10	7.81784381648069	1.06531700950273E-04	1E10	0.793896069892937	9.4844053928622E-05	1E10	9.03887132091645E-02	8.75244394017652E-05	1E10	9.98367029981455E-03	6.62940013669479E-05	1E10	1.2912801911539E-03	1E-30	3.59873309019937E-11	5.24949277283391E-02	1E-30	2.55819477832204E-10	4.19977711485413E-02	3.64226302242041E-06	5.77712504799916E-11	1.26012733933474E-02	1.00180205959145E-06	8.34443525403542E-11	1.75138521105495E-02	9.41215103859723E-13	4.54162357475152E-10	90.0737587633374	1E10	1E-30	1E-10	1E10	1E-30	1E-10	1E10	1E-30	1E-10	1E10	1E-30	1E-10	1E10	1E-30	1E-10
74	9.9586519992572E-07	1E10	5E8	1E-30	1.43720768532753E-10	1E10	1E-30	1E10	9.96973840574493E-03	1.37885116376045E-04	1E10	19.3397949946238	1.33937283032333E-04	1E10	2.84001937241174	1.24036546109639E-04	1E10	0.412686998266276	1.10518279711043E-04	1E10	6.11396743485718E-02	7.81678724798628E-05	1E10	1.10467126516653E-02	1E-30	1.6769119805124E-11	9.43831010729987E-02	1E-30	3.21730473533582E-10	4.24397547390177E-02	1E-30	3.22318515637167E-11	3.22709218522622E-02	2.81425256014712E-06	9.10815041937618E-11	1.94146238535866E-02	1.62295482816221E-06	6.52092531097725E-11	1.74036817542088E-02	1.41961137920799E-11	8.58253762874861E-11	13.9020176347567	2.09975909892558E-12	2.90814272034627E-10	83.7679399159745	1E10	1E-30	1E-10	1E10	1E-30	1E-10	1E10	1E-30	1E-10
75	9.9586519992572E-07	1E10	5E8	1E-30	1.43720768532753E-10	1E10	1E-30	1E10	9.96973840574493E-03	1.37885116376045E-04	1E10	19.3397949946238	1.33937283032333E-04	1E10	2.84001937241174	1.24036546109639E-04	1E10	0.412686998266276	1.10518279711043E-04	1E10	6.11396743485718E-02	7.81678724798628E-05	1E10	1.10467126516653E-02	1E-30	1.6769119805124E-11	9.43831010729987E-02	1E-30	3.21730473533582E-10	4.24397547390177E-02	1E-30	3.22318515637167E-11	3.22709218522622E-02	2.81425256014712E-06	9.10815041937618E-11	1.94146238535866E-02	1.62295482816221E-06	6.52092531097725E-11	1.74036817542088E-02	1.41961137920799E-11	8.58253762874861E-11	13.9020176347567	2.09975909892558E-12	2.90814272034627E-10	83.7679399159745	1E10	1E-30	1E-10	1E10	1E-30	1E-10	1E10	1E-30	1E-10
76	9.60097025024352E-07	1E10	5E8	1E-30	1.04470039598288E-10	1E10	1E-30	1E10	7.89792387665469E-03	2.78737038832759E-04	1E10	6.85596874797135	1.53075670317098E-04	1E10	2.2748022118386	1.36373256815958E-04	1E10	0.369334419856202	1.24044709004181E-04	1E10	5.30215567592821E-02	9.26187581774388E-05	1E10	9.17637190009633E-03	1E-30	2.59929356460718E-10	4.01608939855992E-02	1E-30	2.62932131297631E-11	1.99696190013092E-02	2.15091324442669E-06	1.14249853960455E-10	2.74128950445322E-02	1.21883835641395E-06	8.20636808024965E-11	2.33988243511398E-02	4.26039915640638E-10	5.82636349716037E-11	0.383870254393176	1.49730060364716E-12	3.40919946326127E-10	105.429283127694	1E10	1E-30	1E-10	1E10	1E-30	1E-10	1E10	1E-30	1E-10	1E10	1E-30	1E-10
77	9.9586519992572E-07	1E10	5E8	1E-30	1.43720768532753E-10	1E10	1E-30	1E10	9.96973840574493E-03	1.37885116376045E-04	1E10	19.3397949946238	1.33937283032333E-04	1E10	2.84001937241174	1.24036546109639E-04	1E10	0.412686998266276	1.10518279711043E-04	1E10	6.11396743485718E-02	7.81678724798628E-05	1E10	1.10467126516653E-02	1E-30	1.6769119805124E-11	9.43831010729987E-02	1E-30	3.21730473533582E-10	4.24397547390177E-02	1E-30	3.22318515637167E-11	3.22709218522622E-02	2.81425256014712E-06	9.10815041937618E-11	1.94146238535866E-02	1.62295482816221E-06	6.52092531097725E-11	1.74036817542088E-02	1.41961137920799E-11	8.58253762874861E-11	13.9020176347567	2.09975909892558E-12	2.90814272034627E-10	83.7679399159745	1E10	1E-30	1E-10	1E10	1E-30	1E-10	1E10	1E-30	1E-10
78	9.9586519992572E-07	1E10	5E8	1E-30	1.43720768532753E-10	1E10	1E-30	1E10	9.96973840574493E-03	1.37885116376045E-04	1E10	19.3397949946238	1.33937283032333E-04	1E10	2.84001937241174	1.24036546109639E-04	1E10	0.412686998266276	1.10518279711043E-04	1E10	6.11396743485718E-02	7.81678724798628E-05	1E10	1.10467126516653E-02	1E-30	1.6769119805124E-11	9.43831010729987E-02	1E-30	3.21730473533582E-10	4.24397547390177E-02	1E-30	3.22318515637167E-11	3.22709218522622E-02	2.81425256014712E-06	9.10815041937618E-11	1.94146238535866E-02	1.62295482816221E-06	6.52092531097725E-11	1.74036817542088E-02	1.41961137920799E-11	8.58253762874861E-11	13.9020176347567	2.09975909892558E-12	2.90814272034627E-10	83.7679399159745	1E10	1E-30	1E-10	1E10	1E-30	1E-10	1E10	1E-30	1E-10
79	1.00045675145904E-06	1E10	5E8	1E-30	8.35411683644835E-11	1E10	1E-30	1E10	1.22719393905569E-02	1.13476481497623E-04	1E10	7.81784381648069	1.06531700950273E-04	1E10	0.793896069892937	9.4844053928622E-05	1E10	9.03887132091645E-02	8.75244394017652E-05	1E10	9.98367029981455E-03	6.62940013669479E-05	1E10	1.2912801911539E-03	1E-30	3.59873309019937E-11	5.24949277283391E-02	1E-30	2.55819477832204E-10	4.19977711485413E-02	3.64226302242041E-06	5.77712504799916E-11	1.26012733933474E-02	1.00180205959145E-06	8.34443525403542E-11	1.75138521105495E-02	9.41215103859723E-13	4.54162357475152E-10	90.0737587633374	1E10	1E-30	1E-10	1E10	1E-30	1E-10	1E10	1E-30	1E-10	1E10	1E-30	1E-10	1E10	1E-30	1E-10
80	1.00045675145904E-06	1E10	5E8	1E-30	8.35411683644835E-11	1E10	1E-30	1E10	1.22719393905569E-02	1.13476481497623E-04	1E10	7.81784381648069	1.06531700950273E-04	1E10	0.793896069892937	9.4844053928622E-05	1E10	9.03887132091645E-02	8.75244394017652E-05	1E10	9.98367029981455E-03	6.62940013669479E-05	1E10	1.2912801911539E-03	1E-30	3.59873309019937E-11	5.24949277283391E-02	1E-30	2.55819477832204E-10	4.19977711485413E-02	3.64226302242041E-06	5.77712504799916E-11	1.26012733933474E-02	1.00180205959145E-06	8.34443525403542E-11	1.75138521105495E-02	9.41215103859723E-13	4.54162357475152E-10	90.0737587633374	1E10	1E-30	1E-10	1E10	1E-30	1E-10	1E10	1E-30	1E-10	1E10	1E-30	1E-10	1E10	1E-30	1E-10
81	1.00045675145904E-06	1E10	5E8	1E-30	8.35411683644835E-11	1E10	1E-30	1E10	1.22719393905569E-02	1.13476481497623E-04	1E10	7.81784381648069	1.06531700950273E-04	1E10	0.793896069892937	9.4844053928622E-05	1E10	9.03887132091645E-02	8.75244394017652E-05	1E10	9.98367029981455E-03	6.62940013669479E-05	1E10	1.2912801911539E-03	1E-30	3.59873309019937E-11	5.24949277283391E-02	1E-30	2.55819477832204E-10	4.19977711485413E-02	3.64226302242041E-06	5.77712504799916E-11	1.26012733933474E-02	1.00180205959145E-06	8.34443525403542E-11	1.75138521105495E-02	9.41215103859723E-13	4.54162357475152E-10	90.0737587633374	1E10	1E-30	1E-10	1E10	1E-30	1E-10	1E10	1E-30	1E-10	1E10	1E-30	1E-10	1E10	1E-30	1E-10
82	1.00045675145904E-06	1E10	5E8	1E-30	8.35411683644835E-11	1E10	1E-30	1E10	1.22719393905569E-02	1.13476481497623E-04	1E10	7.81784381648069	1.06531700950273E-04	1E10	0.793896069892937	9.4844053928622E-05	1E10	9.03887132091645E-02	8.75244394017652E-05	1E10	9.98367029981455E-03	6.62940013669479E-05	1E10	1.2912801911539E-03	1E-30	3.59873309019937E-11	5.24949277283391E-02	1E-30	2.55819477832204E-10	4.19977711485413E-02	3.64226302242041E-06	5.77712504799916E-11	1.26012733933474E-02	1.00180205959145E-06	8.34443525403542E-11	1.75138521105495E-02	9.41215103859723E-13	4.54162357475152E-10	90.0737587633374	1E10	1E-30	1E-10	1E10	1E-30	1E-10	1E10	1E-30	1E-10	1E10	1E-30	1E-10	1E10	1E-30	1E-10
83	9.9586519992572E-07	1E10	5E8	1E-30	1.43720768532753E-10	1E10	1E-30	1E10	9.96973840574493E-03	1.37885116376045E-04	1E10	19.3397949946238	1.33937283032333E-04	1E10	2.84001937241174	1.24036546109639E-04	1E10	0.412686998266276	1.10518279711043E-04	1E10	6.11396743485718E-02	7.81678724798628E-05	1E10	1.10467126516653E-02	1E-30	1.6769119805124E-11	9.43831010729987E-02	1E-30	3.21730473533582E-10	4.24397547390177E-02	1E-30	3.22318515637167E-11	3.22709218522622E-02	2.81425256014712E-06	9.10815041937618E-11	1.94146238535866E-02	1.62295482816221E-06	6.52092531097725E-11	1.74036817542088E-02	1.41961137920799E-11	8.58253762874861E-11	13.9020176347567	2.09975909892558E-12	2.90814272034627E-10	83.7679399159745	1E10	1E-30	1E-10	1E10	1E-30	1E-10	1E10	1E-30	1E-10
84	1.00045675145904E-06	1E10	5E8	1E-30	8.35411683644835E-11	1E10	1E-30	1E10	1.22719393905569E-02	1.13476481497623E-04	1E10	7.81784381648069	1.06531700950273E-04	1E10	0.793896069892937	9.4844053928622E-05	1E10	9.03887132091645E-02	8.75244394017652E-05	1E10	9.98367029981455E-03	6.62940013669479E-05	1E10	1.2912801911539E-03	1E-30	3.59873309019937E-11	5.24949277283391E-02	1E-30	2.55819477832204E-10	4.19977711485413E-02	3.64226302242041E-06	5.77712504799916E-11	1.26012733933474E-02	1.00180205959145E-06	8.34443525403542E-11	1.75138521105495E-02	9.41215103859723E-13	4.54162357475152E-10	90.0737587633374	1E10	1E-30	1E-10	1E10	1E-30	1E-10	1E10	1E-30	1E-10	1E10	1E-30	1E-10	1E10	1E-30	1E-10
85	9.9586519992572E-07	1E10	5E8	1E-30	1.43720768532753E-10	1E10	1E-30	1E10	9.96973840574493E-03	1.37885116376045E-04	1E10	19.3397949946238	1.33937283032333E-04	1E10	2.84001937241174	1.24036546109639E-04	1E10	0.412686998266276	1.10518279711043E-04	1E10	6.11396743485718E-02	7.81678724798628E-05	1E10	1.10467126516653E-02	1E-30	1.6769119805124E-11	9.43831010729987E-02	1E-30	3.21730473533582E-10	4.24397547390177E-02	1E-30	3.22318515637167E-11	3.22709218522622E-02	2.81425256014712E-06	9.10815041937618E-11	1.94146238535866E-02	1.62295482816221E-06	6.52092531097725E-11	1.74036817542088E-02	1.41961137920799E-11	8.58253762874861E-11	13.9020176347567	2.09975909892558E-12	2.90814272034627E-10	83.7679399159745	1E10	1E-30	1E-10	1E10	1E-30	1E-10	1E10	1E-30	1E-10
86	1.00045675145904E-06	1E10	5E8	1E-30	8.35411683644835E-11	1E10	1E-30	1E10	1.22719393905569E-02	1.13476481497623E-04	1E10	7.81784381648069	1.06531700950273E-04	1E10	0.793896069892937	9.4844053928622E-05	1E10	9.03887132091645E-02	8.75244394017652E-05	1E10	9.98367029981455E-03	6.62940013669479E-05	1E10	1.2912801911539E-03	1E-30	3.59873309019937E-11	5.24949277283391E-02	1E-30	2.55819477832204E-10	4.19977711485413E-02	3.64226302242041E-06	5.77712504799916E-11	1.26012733933474E-02	1.00180205959145E-06	8.34443525403542E-11	1.75138521105495E-02	9.41215103859723E-13	4.54162357475152E-10	90.0737587633374	1E10	1E-30	1E-10	1E10	1E-30	1E-10	1E10	1E-30	1E-10	1E10	1E-30	1E-10	1E10	1E-30	1E-10
87	9.60097025024352E-07	1E10	5E8	1E-30	1.04470039598288E-10	1E10	1E-30	1E10	7.89792387665469E-03	2.78737038832759E-04	1E10	6.85596874797135	1.53075670317098E-04	1E10	2.2748022118386	1.36373256815958E-04	1E10	0.369334419856202	1.24044709004181E-04	1E10	5.30215567592821E-02	9.26187581774388E-05	1E10	9.17637190009633E-03	1E-30	2.59929356460718E-10	4.01608939855992E-02	1E-30	2.62932131297631E-11	1.99696190013092E-02	2.15091324442669E-06	1.14249853960455E-10	2.74128950445322E-02	1.21883835641395E-06	8.20636808024965E-11	2.33988243511398E-02	4.26039915640638E-10	5.82636349716037E-11	0.383870254393176	1.49730060364716E-12	3.40919946326127E-10	105.429283127694	1E10	1E-30	1E-10	1E10	1E-30	1E-10	1E10	1E-30	1E-10	1E10	1E-30	1E-10
88	9.60097025024352E-07	1E10	5E8	1E-30	1.04470039598288E-10	1E10	1E-30	1E10	7.89792387665469E-03	2.78737038832759E-04	1E10	6.85596874797135	1.53075670317098E-04	1E10	2.2748022118386	1.36373256815958E-04	1E10	0.369334419856202	1.24044709004181E-04	1E10	5.30215567592821E-02	9.26187581774388E-05	1E10	9.17637190009633E-03	1E-30	2.59929356460718E-10	4.01608939855992E-02	1E-30	2.62932131297631E-11	1.99696190013092E-02	2.15091324442669E-06	1.14249853960455E-10	2.74128950445322E-02	1.21883835641395E-06	8.20636808024965E-11	2.33988243511398E-02	4.26039915640638E-10	5.82636349716037E-11	0.383870254393176	1.49730060364716E-12	3.40919946326127E-10	105.429283127694	1E10	1E-30	1E-10	1E10	1E-30	1E-10	1E10	1E-30	1E-10	1E10	1E-30	1E-10
89	1.47139787023701E-06	1E10	333333333	1E-30	1.72563903858664E-10	1E10	1E-30	1E10	5.96914386442025E-03	2.38165193806883E-04	1E10	13.7203616776672	2.28190085700439E-04	1E10	2.58003382254691	1.75576672092344E-04	1E10	0.479565279670259	1.61252799376316E-04	1E10	6.59254350262839E-02	1.15262854413756E-04	1E10	1.06774393245587E-02	1E-30	2.69681096247757E-10	3.68825213770103E-02	1E-30	3.38969522645028E-11	3.06039898528705E-02	4.45542995286709E-06	7.91806206032781E-11	1.42752518519411E-02	1.73490523501142E-06	8.21876742992941E-11	0.01678874520909	8.36590809239589E-12	1.77944198884681E-10	27.3404546762521	2.41275424907315E-12	3.23805211495121E-10	62.6333632297893	1E10	1E-30	1E-10	1E10	1E-30	1E-10	1E10	1E-30	1E-10	1E10	1E-30	1E-10
90	1.47139787023701E-06	1E10	333333333	1E-30	1.72563903858664E-10	1E10	1E-30	1E10	5.96914386442025E-03	2.38165193806883E-04	1E10	13.7203616776672	2.28190085700439E-04	1E10	2.58003382254691	1.75576672092344E-04	1E10	0.479565279670259	1.61252799376316E-04	1E10	6.59254350262839E-02	1.15262854413756E-04	1E10	1.06774393245587E-02	1E-30	2.69681096247757E-10	3.68825213770103E-02	1E-30	3.38969522645028E-11	3.06039898528705E-02	4.45542995286709E-06	7.91806206032781E-11	1.42752518519411E-02	1.73490523501142E-06	8.21876742992941E-11	0.01678874520909	8.36590809239589E-12	1.77944198884681E-10	27.3404546762521	2.41275424907315E-12	3.23805211495121E-10	62.6333632297893	1E10	1E-30	1E-10	1E10	1E-30	1E-10	1E10	1E-30	1E-10	1E10	1E-30	1E-10
91	2.08068859478948E-06	1E10	22727272.7272727	1E-30	2.68892250174492E-10	1E10	1E-30	1E10	6.5778705895441E-03	2.7821369205384E-04	1E10	19.0686688730732	2.16453611285534E-04	1E10	3.12763747004691	1.70331170352491E-04	1E10	0.530285066503831	1.87270119614451E-04	1E10	5.21903569638335E-02	1.20441478427531E-04	1E10	9.03740063780094E-03	1E-30	4.37363172195676E-11	7.05363339600189E-02	1E-30	3.56123094136216E-10	3.33416520250834E-02	5.94824315917887E-06	9.33857683079711E-11	1.27652272126047E-02	2.56703412749885E-06	8.88829842688444E-11	1.21417068873667E-02	2.28410139544886E-12	2.16028723466307E-10	24.2199339775066	1E10	1E-30	1E-10	1E10	1E-30	1E-10	1E10	1E-30	1E-10	1E10	1E-30	1E-10	1E10	1E-30	1E-10
92	2.09322425157195E-06	1E10	227272727	1E-30	1.04679108771726E-10	1E10	1E-30	1E10	9.09284850929438E-03	2.61462449056019E-04	1E10	3.11784259856895	2.74562062829729E-04	1E10	0.374464736416263	2.58459476157505E-04	1E10	5.19993749334817E-02	1.77539239202507E-04	1E10	8.58279186084239E-03	1E-30	1.45636406434078E-11	7.21999621026972E-02	1E-30	3.65930889328821E-11	3.56943077654298E-02	1E-30	3.04253184682001E-10	3.44052063560762E-02	7.49994956312667E-06	7.2782747632442E-11	1.06725619305317E-02	2.47357261825068E-06	9.55229925584492E-11	1.47350259808006E-02	2.45226738545444E-11	4.90623501923597E-11	8.54906303807468	1.39151166055236E-12	3.05258225871521E-10	155.567373506953	1E10	1E-30	1E-10	1E10	1E-30	1E-10	1E10	1E-30	1E-10	1E10	1E-30	1E-10
93	2.09322425157195E-06	1E10	227272727	1E-30	1.04679108771726E-10	1E10	1E-30	1E10	9.09284850929438E-03	2.61462449056019E-04	1E10	3.11784259856895	2.74562062829729E-04	1E10	0.374464736416263	2.58459476157505E-04	1E10	5.19993749334817E-02	1.77539239202507E-04	1E10	8.58279186084239E-03	1E-30	1.45636406434078E-11	7.21999621026972E-02	1E-30	3.65930889328821E-11	3.56943077654298E-02	1E-30	3.04253184682001E-10	3.44052063560762E-02	7.49994956312667E-06	7.2782747632442E-11	1.06725619305317E-02	2.47357261825068E-06	9.55229925584492E-11	1.47350259808006E-02	2.45226738545444E-11	4.90623501923597E-11	8.54906303807468	1.39151166055236E-12	3.05258225871521E-10	155.567373506953	1E10	1E-30	1E-10	1E10	1E-30	1E-10	1E10	1E-30	1E-10	1E10	1E-30	1E-10
94	2.13936746293178E-06	1E10	227272727	1E-30	1.10509358122971E-10	1E10	1E-30	1E10	1.01303585680275E-02	3.06807663813547E-04	1E10	13.1061721420143	2.87894859120724E-04	1E10	1.92333344406222	2.49029788616229E-04	1E10	0.31450244676092	2.17708766605855E-04	1E10	4.87895470324504E-02	1.54116556315792E-04	1E10	8.71523605559542E-03	1E-30	2.42071342427357E-11	0.15559762828709	1E-30	4.72419457776691E-11	3.95091990128119E-02	1E-30	3.39703342562282E-10	3.54942725134263E-02	5.56325361573507E-06	1.04703715431218E-10	1.20437539526652E-02	2.63747840834358E-06	9.1249980101757E-11	1.27391688744866E-02	4.02071125544829E-11	3.8394830711219E-11	5.87088147251013	1.52214476995708E-12	3.3298589011812E-10	134.494124586071	1E10	1E-30	1E-10	1E10	1E-30	1E-10	1E10	1E-30	1E-10
95	2.13936746293178E-06	1E10	227272727	1E-30	1.10509358122971E-10	1E10	1E-30	1E10	1.01303585680275E-02	3.06807663813547E-04	1E10	13.1061721420143	2.87894859120724E-04	1E10	1.92333344406222	2.49029788616229E-04	1E10	0.31450244676092	2.17708766605855E-04	1E10	4.87895470324504E-02	1.54116556315792E-04	1E10	8.71523605559542E-03	1E-30	2.42071342427357E-11	0.15559762828709	1E-30	4.72419457776691E-11	3.95091990128119E-02	1E-30	3.39703342562282E-10	3.54942725134263E-02	5.56325361573507E-06	1.04703715431218E-10	1.20437539526652E-02	2.63747840834358E-06	9.1249980101757E-11	1.27391688744866E-02	4.02071125544829E-11	3.8394830711219E-11	5.87088147251013	1.52214476995708E-12	3.3298589011812E-10	134.494124586071	1E10	1E-30	1E-10	1E10	1E-30	1E-10	1E10	1E-30	1E-10
96	3.17417813016855E-06	1E10	151515152	1E-30	1.6163192003468E-10	1E10	1E-30	1E10	8.759272441662E-3	4.28562096010855E-04	1E10	2.08241597129106	4.44155633888312E-04	1E10	0.262849610631778	4.34120832582978E-04	1E10	4.01859863912664E-02	2.82958928982931E-04	1E10	6.92250667889522E-03	1E-30	4.21012992280074E-11	3.03293811445445E-02	1E-30	2.93534343314602E-10	2.56479429706895E-02	1E-30	8.96194933572015E-12	2.55009530231275E-02	1.33119140637433E-05	6.43990562301462E-11	7.26858862955939E-03	3.76966966943372E-06	9.74369440703499E-11	1.07177705671389E-02	2.37395994676216E-11	8.043158663072E-11	12.1153824987632	1.69325167939826E-12	3.91629068142925E-10	72.9317971250261	1E10	1E-30	1E-10	1E10	1E-30	1E-10	1E10	1E-30	1E-10	1E10	1E-30	1E-10
97	3.17417813016855E-06	1E10	151515152	1E-30	1.6163192003468E-10	1E10	1E-30	1E10	8.759272441662E-3	4.28562096010855E-04	1E10	2.08241597129106	4.44155633888312E-04	1E10	0.262849610631778	4.34120832582978E-04	1E10	4.01859863912664E-02	2.82958928982931E-04	1E10	6.92250667889522E-03	1E-30	4.21012992280074E-11	3.03293811445445E-02	1E-30	2.93534343314602E-10	2.56479429706895E-02	1E-30	8.96194933572015E-12	2.55009530231275E-02	1.33119140637433E-05	6.43990562301462E-11	7.26858862955939E-03	3.76966966943372E-06	9.74369440703499E-11	1.07177705671389E-02	2.37395994676216E-11	8.043158663072E-11	12.1153824987632	1.69325167939826E-12	3.91629068142925E-10	72.9317971250261	1E10	1E-30	1E-10	1E10	1E-30	1E-10	1E10	1E-30	1E-10	1E10	1E-30	1E-10
98	4.33041726144648E-06	1E10	106382979	1E-30	1.08574866106154E-10	1E10	1E-30	1E10	7.00499869136129E-03	9.47546539365078E-04	1E10	3.0201416627362	7.51007620244536E-04	1E10	0.552778865320802	6.58709571060426E-04	1E10	7.47403265003945E-02	5.10141302245459E-04	1E10	8.14325076216426E-03	1E-30	3.12455791338839E-11	9.21286309217356E-02	1E-30	5.92307548682685E-11	2.55423263260717E-02	1E-30	4.37701259466996E-10	0.02381193333508	1.30819624091155E-05	1.11599310333994E-10	1.07482233035451E-02	7.66728602171822E-06	8.4459189552228E-11	1.02513708187909E-02	2.34978003392137E-11	4.95409230334906E-11	5.19632132696018	1.69787871497655E-12	2.47652974551531E-10	139.86079703901	1E10	1E-30	1E-10	1E10	1E-30	1E-10	1E10	1E-30	1E-10	1E10	1E-30	1E-10
99	4.33041726144648E-06	1E10	106382979	1E-30	1.08574866106154E-10	1E10	1E-30	1E10	7.00499869136129E-03	9.47546539365078E-04	1E10	3.0201416627362	7.51007620244536E-04	1E10	0.552778865320802	6.58709571060426E-04	1E10	7.47403265003945E-02	5.10141302245459E-04	1E10	8.14325076216426E-03	1E-30	3.12455791338839E-11	9.21286309217356E-02	1E-30	5.92307548682685E-11	2.55423263260717E-02	1E-30	4.37701259466996E-10	0.02381193333508	1.30819624091155E-05	1.11599310333994E-10	1.07482233035451E-02	7.66728602171822E-06	8.4459189552228E-11	1.02513708187909E-02	2.34978003392137E-11	4.95409230334906E-11	5.19632132696018	1.69787871497655E-12	2.47652974551531E-10	139.86079703901	1E10	1E-30	1E-10	1E10	1E-30	1E-10	1E10	1E-30	1E-10	1E10	1E-30	1E-10
100	4.4962073325888E-06	1E10	106382979	1E-30	1.00988459759139E-10	1E10	1E-30	1E10	7.70299577508548E-03	9.95531879955394E-04	1E10	3.45314627475208	6.63666343066187E-04	1E10	0.722156708250902	5.63371073960373E-04	1E10	0.121166472064867	6.32733541341395E-04	1E10	1.50282998753928E-02	3.40784535756184E-04	1E10	3.14856240748822E-03	1E-30	2.42126431357935E-11	6.68980191779794E-02	1E-30	3.60150407676328E-10	2.26170486316383E-02	1E-30	4.86781174534842E-11	2.09813759739059E-02	1.0643281569259E-05	1.24614441791823E-10	1.06696509594568E-02	6.33611273999992E-06	8.9020742948892E-11	1.01279289890465E-02	1.94583930773214E-11	6.30185883380592E-11	11.5850850344025	1.51045215204984E-12	3.08651697944807E-10	115.850850344025	1E10	1E-30	1E-10	1E10	1E-30	1E-10	1E10	1E-30	1E-10
101	4.4962073325888E-06	1E10	106382979	1E-30	1.00988459759139E-10	1E10	1E-30	1E10	7.70299577508548E-03	9.95531879955394E-04	1E10	3.45314627475208	6.63666343066187E-04	1E10	0.722156708250902	5.63371073960373E-04	1E10	0.121166472064867	6.32733541341395E-04	1E10	1.50282998753928E-02	3.40784535756184E-04	1E10	3.14856240748822E-03	1E-30	2.42126431357935E-11	6.68980191779794E-02	1E-30	3.60150407676328E-10	2.26170486316383E-02	1E-30	4.86781174534842E-11	2.09813759739059E-02	1.0643281569259E-05	1.24614441791823E-10	1.06696509594568E-02	6.33611273999992E-06	8.9020742948892E-11	1.01279289890465E-02	1.94583930773214E-11	6.30185883380592E-11	11.5850850344025	1.51045215204984E-12	3.08651697944807E-10	115.850850344025	1E10	1E-30	1E-10	1E10	1E-30	1E-10	1E10	1E-30	1E-10
102	4.56384686492003E-06	1E10	106382979	1E-30	1.08666974212694E-10	1E10	1E-30	1E10	8.22779853561313E-03	5.51505085552653E-04	1E10	8.77302476678754	7.11488358571241E-04	1E10	0.827474029595191	5.817174573903E-04	1E10	0.145388620590574	6.20259500894055E-04	1E10	1.89942811313726E-02	4.73889147675695E-04	1E10	3.65217590972465E-03	1E-30	1.52532030318068E-11	6.97222347712231E-02	1E-30	4.88634534041849E-11	3.21057597401349E-02	1E-30	3.65928801145793E-10	2.44149746938431E-02	1.14208806887975E-05	1.17975465652542E-10	1.05150182769444E-02	6.15210329045162E-06	9.32113845285851E-11	1.01811876500589E-02	1.69730079422249E-11	7.11092376401802E-11	8.68203231716435	1.56297103240868E-12	2.99670291502395E-10	122.254345245462	1E10	1E-30	1E-10	1E10	1E-30	1E-10	1E10	1E-30	1E-10
103	4.56384686492003E-06	1E10	106382979	1E-30	1.08666974212694E-10	1E10	1E-30	1E10	8.22779853561313E-03	5.51505085552653E-04	1E10	8.77302476678754	7.11488358571241E-04	1E10	0.827474029595191	5.817174573903E-04	1E10	0.145388620590574	6.20259500894055E-04	1E10	1.89942811313726E-02	4.73889147675695E-04	1E10	3.65217590972465E-03	1E-30	1.52532030318068E-11	6.97222347712231E-02	1E-30	4.88634534041849E-11	3.21057597401349E-02	1E-30	3.65928801145793E-10	2.44149746938431E-02	1.14208806887975E-05	1.17975465652542E-10	1.05150182769444E-02	6.15210329045162E-06	9.32113845285851E-11	1.01811876500589E-02	1.69730079422249E-11	7.11092376401802E-11	8.68203231716435	1.56297103240868E-12	2.99670291502395E-10	122.254345245462	1E10	1E-30	1E-10	1E10	1E-30	1E-10	1E10	1E-30	1E-10
104	4.56384686492003E-06	1E10	106382979	1E-30	1.08666974212694E-10	1E10	1E-30	1E10	8.22779853561313E-03	5.51505085552653E-04	1E10	8.77302476678754	7.11488358571241E-04	1E10	0.827474029595191	5.817174573903E-04	1E10	0.145388620590574	6.20259500894055E-04	1E10	1.89942811313726E-02	4.73889147675695E-04	1E10	3.65217590972465E-03	1E-30	1.52532030318068E-11	6.97222347712231E-02	1E-30	4.88634534041849E-11	3.21057597401349E-02	1E-30	3.65928801145793E-10	2.44149746938431E-02	1.14208806887975E-05	1.17975465652542E-10	1.05150182769444E-02	6.15210329045162E-06	9.32113845285851E-11	1.01811876500589E-02	1.69730079422249E-11	7.11092376401802E-11	8.68203231716435	1.56297103240868E-12	2.99670291502395E-10	122.254345245462	1E10	1E-30	1E-10	1E10	1E-30	1E-10	1E10	1E-30	1E-10
105	4.56384686492003E-06	1E10	106382979	1E-30	1.08666974212694E-10	1E10	1E-30	1E10	8.22779853561313E-03	5.51505085552653E-04	1E10	8.77302476678754	7.11488358571241E-04	1E10	0.827474029595191	5.817174573903E-04	1E10	0.145388620590574	6.20259500894055E-04	1E10	1.89942811313726E-02	4.73889147675695E-04	1E10	3.65217590972465E-03	1E-30	1.52532030318068E-11	6.97222347712231E-02	1E-30	4.88634534041849E-11	3.21057597401349E-02	1E-30	3.65928801145793E-10	2.44149746938431E-02	1.14208806887975E-05	1.17975465652542E-10	1.05150182769444E-02	6.15210329045162E-06	9.32113845285851E-11	1.01811876500589E-02	1.69730079422249E-11	7.11092376401802E-11	8.68203231716435	1.56297103240868E-12	2.99670291502395E-10	122.254345245462	1E10	1E-30	1E-10	1E10	1E-30	1E-10	1E10	1E-30	1E-10
106	6.43748345587641E-06	1E10	73529412	1E-30	2.11486672756106E-10	1E10	1E-30	1E10	5.56893448807162E-03	7.61968134583522E-04	1E10	1.30832687615397	8.06409077576781E-04	1E10	0.143654726805546	1.01946897926038E-03	1E10	1.70624857767254E-02	6.59312765382816E-04	1E10	3.84231878464625E-03	1E-30	1.33096325690209E-11	3.10227036778428E-02	1E-30	5.48530960092242E-11	2.65627189981857E-02	1E-30	3.92803902209422E-10	1.98770164094402E-02	2.1693782615611E-05	9.3450505647366E-11	5.83787811822563E-03	9.60085475350641E-06	9.10010149221406E-11	7.30761036986085E-03	2.0359306032977E-11	8.09985374660915E-11	12.9665573150841	2.16866344493199E-12	3.37793681901463E-10	66.3798375428921	1E10	1E-30	1E-10	1E10	1E-30	1E-10	1E10	1E-30	1E-10	1E10	1E-30	1E-10
107	6.43748345587641E-06	1E10	73529412	1E-30	2.11486672756106E-10	1E10	1E-30	1E10	5.56893448807162E-03	7.61968134583522E-04	1E10	1.30832687615397	8.06409077576781E-04	1E10	0.143654726805546	1.01946897926038E-03	1E10	1.70624857767254E-02	6.59312765382816E-04	1E10	3.84231878464625E-03	1E-30	1.33096325690209E-11	3.10227036778428E-02	1E-30	5.48530960092242E-11	2.65627189981857E-02	1E-30	3.92803902209422E-10	1.98770164094402E-02	2.1693782615611E-05	9.3450505647366E-11	5.83787811822563E-03	9.60085475350641E-06	9.10010149221406E-11	7.30761036986085E-03	2.0359306032977E-11	8.09985374660915E-11	12.9665573150841	2.16866344493199E-12	3.37793681901463E-10	66.3798375428921	1E10	1E-30	1E-10	1E10	1E-30	1E-10	1E10	1E-30	1E-10	1E10	1E-30	1E-10
108	9.00905725182531E-06	1E10	5E7	1E-30	1.15891836908001E-10	1E10	1E-30	1E10	5.58157159207386E-03	1.41414659130064E-03	1E10	2.25864325281981	1.70837441462943E-03	1E10	0.222658730570214	1.43150183761658E-03	1E10	3.92083477345473E-02	1.06277620234676E-03	1E10	4.08873438303574E-03	1E-30	2.45204532960907E-11	6.91691548906476E-02	1E-30	5.02225173362419E-11	2.29705121625584E-02	1E-30	4.41594479710093E-10	1.75947751570252E-02	2.42899760705844E-05	1.38892532764062E-10	8.51646305621148E-03	1.43806925599883E-05	1.05874410659336E-10	8.54267134021936E-03	1.79576916412743E-11	5.20841851429578E-11	12.4818465764805	1.52844744341974E-12	2.67119672764798E-10	143.310773497546	1E10	1E-30	1E-10	1E10	1E-30	1E-10	1E10	1E-30	1E-10	1E10	1E-30	1E-10
109	9.00905725182531E-06	1E10	5E7	1E-30	1.15891836908001E-10	1E10	1E-30	1E10	5.58157159207386E-03	1.41414659130064E-03	1E10	2.25864325281981	1.70837441462943E-03	1E10	0.222658730570214	1.43150183761658E-03	1E10	3.92083477345473E-02	1.06277620234676E-03	1E10	4.08873438303574E-03	1E-30	2.45204532960907E-11	6.91691548906476E-02	1E-30	5.02225173362419E-11	2.29705121625584E-02	1E-30	4.41594479710093E-10	1.75947751570252E-02	2.42899760705844E-05	1.38892532764062E-10	8.51646305621148E-03	1.43806925599883E-05	1.05874410659336E-10	8.54267134021936E-03	1.79576916412743E-11	5.20841851429578E-11	12.4818465764805	1.52844744341974E-12	2.67119672764798E-10	143.310773497546	1E10	1E-30	1E-10	1E10	1E-30	1E-10	1E10	1E-30	1E-10	1E10	1E-30	1E-10
110	9.70588045450873E-06	1E10	5E6	1E-30	2.46132883170888E-10	1E10	1E-30	1E10	4.65044036104779E-03	8.94009725100753E-04	1E10	2.26322608364531	1.1364435178372E-03	1E10	0.299708789622598	1.10831338640459E-03	1E10	7.22305746690151E-02	1.06819228516045E-03	1E10	1.82391931625837E-02	5.76813032060214E-04	1E10	4.03609580232314E-03	1E-30	2.60035832171842E-11	4.25648969503526E-02	1E-30	3.9668006527271E-11	1.50395484713854E-02	1E-30	3.70423058829918E-10	1.25412657358691E-02	1E-30	9.81404843096605E-11	5.73814578018238E-03	4.84190280265481E-05	6.65468265133492E-11	5.66654755785755E-03	9.6652959898699E-06	1.44670623517062E-10	6.27283779645676E-03	3.43749785769117E-11	4.40636377064259E-11	4.5317247551892	4.44409614696271E-12	1.5304934113154E-10	23.1387500481414	1E10	1E-30	1E-10	1E10	1E-30	1E-10
111	9.45480784110946E-06	1E10	5E7	1E-30	2.09503899196473E-10	1E10	1E-30	1E10	6.8420387898688E-03	1.32733187913128E-03	1E10	1.91301930093359	1.34778802632638E-03	1E10	0.258361750226505	1.34210725669508E-03	1E10	4.58546334881261E-02	2.28147780116802E-03	1E10	6.75794218553164E-03	8.49435401787298E-04	1E10	3.95485888594666E-03	1E-30	3.14653848914726E-11	8.48292031763632E-02	1E-30	7.10726028444606E-11	2.68868711430044E-02	1E-30	5.04097091435546E-10	2.05997637336457E-02	3.0033639785678E-05	1.1369792393419E-10	6.41111326423069E-03	1.37590246558487E-05	1.11730430369145E-10	7.22956423821894E-03	1.3639439110649E-12	1.80645326965154E-10	27.0442888660918	1E10	1E-30	1E-10	1E10	1E-30	1E-10	1E10	1E-30	1E-10	1E10	1E-30	1E-10
112	9.45480784110946E-06	1E10	5E7	1E-30	2.09503899196473E-10	1E10	1E-30	1E10	6.8420387898688E-03	1.32733187913128E-03	1E10	1.91301930093359	1.34778802632638E-03	1E10	0.258361750226505	1.34210725669508E-03	1E10	4.58546334881261E-02	2.28147780116802E-03	1E10	6.75794218553164E-03	8.49435401787298E-04	1E10	3.95485888594666E-03	1E-30	3.14653848914726E-11	8.48292031763632E-02	1E-30	7.10726028444606E-11	2.68868711430044E-02	1E-30	5.04097091435546E-10	2.05997637336457E-02	3.0033639785678E-05	1.1369792393419E-10	6.41111326423069E-03	1.37590246558487E-05	1.11730430369145E-10	7.22956423821894E-03	1.3639439110649E-12	1.80645326965154E-10	27.0442888660918	1E10	1E-30	1E-10	1E10	1E-30	1E-10	1E10	1E-30	1E-10	1E10	1E-30	1E-10
113	6.63250667953567E-06	1E10	5E6	1E-30	1.70522395479608E-10	1E10	1E-30	1E10	8.20563991414055E-03	1.68237446348336E-04	1E10	25.6105794088986	2.39183223937337E-04	1E10	2.22605554300153	2.16088367145164E-04	1E10	0.388368449008184	1.84982670213746E-04	1E10	5.87450997793463E-02	1.26763139115477E-04	1E10	1.05234247060634E-02	1E-30	2.12430365948714E-11	7.30782063974343E-02	1E-30	4.62589063060779E-11	2.42428941495745E-02	1E-30	3.22779068150239E-10	2.09030850134583E-02	1.74949881515282E-05	1.03567017372063E-10	7.42733409399277E-03	7.19649393419901E-06	1.10090262620845E-10	9.03593672261952E-03	1.58206084574335E-11	7.50889187705983E-11	16.0790770844706	1.73469522232943E-12	2.85480106977574E-10	119.195845133849	1E10	1E-30	1E-10	1E10	1E-30	1E-10	1E10	1E-30	1E-10
114	6.63250667953567E-06	1E10	5E6	1E-30	1.70522395479608E-10	1E10	1E-30	1E10	8.20563991414055E-03	1.68237446348336E-04	1E10	25.6105794088986	2.39183223937337E-04	1E10	2.22605554300153	2.16088367145164E-04	1E10	0.388368449008184	1.84982670213746E-04	1E10	5.87450997793463E-02	1.26763139115477E-04	1E10	1.05234247060634E-02	1E-30	2.12430365948714E-11	7.30782063974343E-02	1E-30	4.62589063060779E-11	2.42428941495745E-02	1E-30	3.22779068150239E-10	2.09030850134583E-02	1.74949881515282E-05	1.03567017372063E-10	7.42733409399277E-03	7.19649393419901E-06	1.10090262620845E-10	9.03593672261952E-03	1.58206084574335E-11	7.50889187705983E-11	16.0790770844706	1.73469522232943E-12	2.85480106977574E-10	119.195845133849	1E10	1E-30	1E-10	1E10	1E-30	1E-10	1E10	1E-30	1E-10
115	1.67032584499369E-05	1E10	2272727	1E-30	2.75922327623835E-10	1E10	1E-30	1E10	3.81930352280481E-03	7.68620352096353E-04	1E10	2.15864374342856	1.50958612065141E-03	1E10	0.252118991925586	9.75175044790129E-04	1E10	8.44813084047523E-02	1.12404873296824E-03	1E10	0.016760163667334	5.00243209982517E-04	1E10	4.87897056234021E-03	1E-30	2.4298412326295E-11	0.039389741814377	1E-30	5.19037781071364E-11	1.68659754944138E-02	1E-30	4.02325957138996E-10	9.93194563015271E-03	1E-30	8.05895731428102E-11	3.67658166903283E-03	1.0634618673465E-04	5.6467931285615E-11	3.47349151505043E-03	1.69494899982766E-05	1.60522956019475E-10	4.80392513506644E-03	2.47164612589232E-11	6.61564748148163E-11	7.81405879544582	5.10055810991837E-12	1.26892395579353E-10	21.1368270627572	1E10	1E-30	1E-10	1E10	1E-30	1E-10
116	1.53905582711797E-05	1E10	2272727	1E-30	1.08068791026391E-10	1E10	1E-30	1E10	4.20360001194069E-03	3.97247493979439E-04	1E10	13.0508173238515	5.69124963645249E-04	1E10	1.09915534513457	4.85512187044698E-04	1E10	0.176217416054552	4.66650235715909E-04	1E10	2.25011542813785E-02	3.0357728394876E-04	1E10	4.26102152594423E-03	1E-30	2.61050983625502E-11	6.94199420506209E-02	1E-30	7.69977004994087E-11	0.025259530526648	1E-30	4.55646963579929E-10	1.44331906626067E-02	3.34711764752317E-05	1.25375229371377E-10	4.81778856767893E-03	2.08203433939177E-05	9.00774980418488E-11	4.71887052068744E-03	1.89892906175328E-11	5.33927834810315E-11	11.1741492301061	1.44796659539192E-12	2.94939108942093E-10	119.733166196646	1E10	1E-30	1E-10	1E10	1E-30	1E-10	1E10	1E-30	1E-10
117	1.53905582711797E-05	1E10	2272727	1E-30	1.08068791026391E-10	1E10	1E-30	1E10	4.20360001194069E-03	3.97247493979439E-04	1E10	13.0508173238515	5.69124963645249E-04	1E10	1.09915534513457	4.85512187044698E-04	1E10	0.176217416054552	4.66650235715909E-04	1E10	2.25011542813785E-02	3.0357728394876E-04	1E10	4.26102152594423E-03	1E-30	2.61050983625502E-11	6.94199420506209E-02	1E-30	7.69977004994087E-11	0.025259530526648	1E-30	4.55646963579929E-10	1.44331906626067E-02	3.34711764752317E-05	1.25375229371377E-10	4.81778856767893E-03	2.08203433939177E-05	9.00774980418488E-11	4.71887052068744E-03	1.89892906175328E-11	5.33927834810315E-11	11.1741492301061	1.44796659539192E-12	2.94939108942093E-10	119.733166196646	1E10	1E-30	1E-10	1E10	1E-30	1E-10	1E10	1E-30	1E-10
118	1.53905582711797E-05	1E10	2272727	1E-30	1.08068791026391E-10	1E10	1E-30	1E10	4.20360001194069E-03	3.97247493979439E-04	1E10	13.0508173238515	5.69124963645249E-04	1E10	1.09915534513457	4.85512187044698E-04	1E10	0.176217416054552	4.66650235715909E-04	1E10	2.25011542813785E-02	3.0357728394876E-04	1E10	4.26102152594423E-03	1E-30	2.61050983625502E-11	6.94199420506209E-02	1E-30	7.69977004994087E-11	0.025259530526648	1E-30	4.55646963579929E-10	1.44331906626067E-02	3.34711764752317E-05	1.25375229371377E-10	4.81778856767893E-03	2.08203433939177E-05	9.00774980418488E-11	4.71887052068744E-03	1.89892906175328E-11	5.33927834810315E-11	11.1741492301061	1.44796659539192E-12	2.94939108942093E-10	119.733166196646	1E10	1E-30	1E-10	1E10	1E-30	1E-10	1E10	1E-30	1E-10
119	1.53905582711797E-05	1E10	2272727	1E-30	1.08068791026391E-10	1E10	1E-30	1E10	4.20360001194069E-03	3.97247493979439E-04	1E10	13.0508173238515	5.69124963645249E-04	1E10	1.09915534513457	4.85512187044698E-04	1E10	0.176217416054552	4.66650235715909E-04	1E10	2.25011542813785E-02	3.0357728394876E-04	1E10	4.26102152594423E-03	1E-30	2.61050983625502E-11	6.94199420506209E-02	1E-30	7.69977004994087E-11	0.025259530526648	1E-30	4.55646963579929E-10	1.44331906626067E-02	3.34711764752317E-05	1.25375229371377E-10	4.81778856767893E-03	2.08203433939177E-05	9.00774980418488E-11	4.71887052068744E-03	1.89892906175328E-11	5.33927834810315E-11	11.1741492301061	1.44796659539192E-12	2.94939108942093E-10	119.733166196646	1E10	1E-30	1E-10	1E10	1E-30	1E-10	1E10	1E-30	1E-10
120	1.53905582711797E-05	1E10	2272727	1E-30	1.08068791026391E-10	1E10	1E-30	1E10	4.20360001194069E-03	3.97247493979439E-04	1E10	13.0508173238515	5.69124963645249E-04	1E10	1.09915534513457	4.85512187044698E-04	1E10	0.176217416054552	4.66650235715909E-04	1E10	2.25011542813785E-02	3.0357728394876E-04	1E10	4.26102152594423E-03	1E-30	2.61050983625502E-11	6.94199420506209E-02	1E-30	7.69977004994087E-11	0.025259530526648	1E-30	4.55646963579929E-10	1.44331906626067E-02	3.34711764752317E-05	1.25375229371377E-10	4.81778856767893E-03	2.08203433939177E-05	9.00774980418488E-11	4.71887052068744E-03	1.89892906175328E-11	5.33927834810315E-11	11.1741492301061	1.44796659539192E-12	2.94939108942093E-10	119.733166196646	1E10	1E-30	1E-10	1E10	1E-30	1E-10	1E10	1E-30	1E-10
121	3.18972991051564E-05	1E10	1063830	1E-30	3.01320939617925E-10	1E10	1E-30	1E10	5.14890633669038E-03	8.21573965041919E-04	1E10	2.72089844942287	1.23805167681256E-03	1E10	0.299822803112036	1.24538262120504E-03	1E10	7.13932785334133E-02	9.6846163840711E-04	1E10	2.10397856164741E-02	5.04660986221471E-04	1E10	4.96713082129346E-03	1E-30	2.72464138147783E-11	6.44185670783697E-02	1E-30	8.61448196459385E-11	2.57779660888284E-02	1E-30	3.71801416773895E-10	6.47202351788891E-03	1E-30	2.18759652636887E-10	5.00545212102789E-03	3.06652302004787E-04	3.9321228789393E-11	1.63780197025609E-03	3.82882689251131E-05	1.51297309137169E-10	3.18886781789765E-03	2.8224824569325E-11	4.81410528518836E-11	6.65752906507765	7.92112970945468E-12	8.73645587622972E-11	9.57346084641979	1E10	1E-30	1E-10	1E10	1E-30	1E-10
END DSCRDATA
