BEGIN DSCRDATA
% INDEX	K01	L01	M01	K02	L02	M02	K03	L03	M03	K04	L04	M04	K05	L05	M05	K06	L06	M06	K07	L07	M07	K08	L08	M08	K09	L09	M09	K10	L10	M10	K11	L11	M11	K12	L12	M12	K13	L13	M13	K14	L14	M14	K15	L15	M15	K16	L16	M16	K17	L17	M17	K18	L18	M18
0	0	0	0	0	0	0	0	0	0	0	0	0	0	0	0	0	0	0	0	0	0	0	0	0	0	0	0	0	0	0	0	0	0	0	0	0	0	0	0	0	0	0	0	0	0	0	0	0	0	0	0	0	0	0
1	2.2E-10	1E10	1E10	1E-30	1.6E-10	1E10	1E-30	1E10	0.482073182857828	1.27338861856326E-08	1E10	200271.382723088	4.07421883932005E-08	1E10	4694.81946263428	3.25220668539814E-08	1E10	503.058968881788	2.65401256817287E-08	1E10	53.0856910281451	2.30456384929603E-08	1E10	7.67341836554797	1.12116251971186E-08	1E10	2.58100515059863	2.35721316517832E-09	1E10	1.22760481774907	1.00003222393296E-09	1E10	0.454713756168387	9.22654652422964E-11	3.26441294592112E-11	0.600569009007606	1.90069552813363E-12	1.79522952688314E-10	17.5941643516372	1E10	1E-30	1E-10	1E10	1E-30	1E-10	1E10	1E-30	1E-10	1E10	1E-30	1E-10	1E10	1E-30	1E-10
2	2.25124458301765E-10	1E10	1E10	1E-30	1.65E-10	1E10	1E-30	1E10	0.528112976059979	3.04945915530068E-08	1E10	53601.455958509	5.43904047265568E-08	1E10	7747.76762123153	3.26708508845887E-08	1E10	1510.69428564385	3.07794231804465E-08	1E10	131.57597183505	3.93572647405767E-08	1E10	13.4795057651968	2.36623870616334E-08	1E10	7.47341446140024	1.06432183253998E-08	1E10	1.99381976674073	1.75302219831972E-09	1E10	1.21051856041865	1.79478841862714E-09	1E10	0.295587196500177	7.67235506901064E-11	3.92568613534236E-11	0.722226467985105	1.90671212682429E-12	1.70130784298992E-10	18.1267051211023	1E10	1E-30	1E-10	1E10	1E-30	1E-10	1E10	1E-30	1E-10	1E10	1E-30	1E-10
3	4.75726524071925E-10	1E10	1E10	1E-30	1.44E-10	1E10	1E-30	1E10	0.410868097402297	5.91973909213104E-08	1E10	25638.9025161858	9.34969697758503E-08	1E10	2036.57041759498	7.19605118324214E-08	1E10	218.222451892884	5.79066726199108E-08	1E10	25.6502451986059	4.74311025190489E-08	1E10	3.72833048918988	3.08020182911997E-08	1E10	0.875767744449365	8.90037543417399E-09	1E10	0.458508296295704	4.1286647428311E-09	1E10	0.321239740944186	6.24837350842377E-11	4.82033570484116E-11	0.886819249065186	1.91540063717805E-12	1.92450234009833E-10	18.8433741886459	1E10	1E-30	1E-10	1E10	1E-30	1E-10	1E10	1E-30	1E-10	1E10	1E-30	1E-10	1E10	1E-30	1E-10
4	4.73615698211526E-10	1E10	1E10	1E-30	1.71898665483858E-10	1E10	1E-30	1E10	0.402501750477577	4.49428547860139E-08	1E10	48924.7792101814	9.16504020614175E-08	1E10	2751.24251756986	7.73858311271902E-08	1E10	308.694487697358	7.2466234954073E-08	1E10	43.9252689732708	4.62830589907304E-08	1E10	9.53403675430201	3.14483718995832E-08	1E10	1.63252661813861	1.05658089229389E-08	1E10	0.6025281897588	3.75332675616629E-09	1E10	0.353364169600611	6.27085338125631E-11	4.74642825537515E-11	0.897890396651999	1.91683881632408E-12	1.7E-10	16.1432172192016	1E10	1E-30	1E-10	1E10	1E-30	1E-10	1E10	1E-30	1E-10	1E10	1E-30	1E-10	1E10	1E-30	1E-10
5	1.00856668387991E-09	1E10	1E10	1E-30	1.44676703981414E-10	1E10	1E-30	1E10	0.245400631009476	9.12413100596101E-08	1E10	22376.972989457	1.99478286547523E-07	1E10	707.622017867513	1.69195570092433E-07	1E10	122.970612909147	1.15245968048226E-07	1E10	18.6734424286119	1.03759832823916E-07	1E10	2.55646362631139	1.09747126937105E-07	1E10	0.517927463712311	2.93302921471442E-08	1E10	0.387592805547848	1.01864206473559E-08	1E10	0.173602516310341	1E-30	4.07832710447172E-11	0.549104677300479	1.85282304786454E-09	1.12985041263655E-11	0.12055946680009	2.04178450309504E-12	1.58833736227939E-10	21.6405984768018	1E10	1E-30	1E-10	1E10	1E-30	1E-10	1E10	1E-30	1E-10	1E10	1E-30	1E-10
6	9.97890369131522E-10	1E10	1E10	1E-30	1.75E-10	1E10	1E-30	1E10	0.243454988799894	1.03815573771299E-07	1E10	16956.5047268255	1.61496865991041E-07	1E10	998.473022539825	1.4456639697802E-07	1E10	88.9890018039855	1.63686284619026E-07	1E10	10.2272967916152	9.37353128751766E-08	1E10	2.82453456643452	6.24310649318814E-08	1E10	0.553307697520828	1.64387392184596E-08	1E10	0.265190441217397	1.01348983241009E-08	1E10	7.81635338852001E-02	1E-30	1.82925929500338E-11	0.595576165588232	9.65004061842744E-10	1.82284033474935E-11	0.195383556473379	2.19511852010219E-12	1.35295763413159E-10	12.3061927881384	1E10	1E-30	1E-10	1E10	1E-30	1E-10	1E10	1E-30	1E-10	1E10	1E-30	1E-10
7	2.1969175416059E-09	1E10	1E10	1E-30	1.96E-10	1E10	1E-30	1E10	0.165407204063842	2.82233371069747E-07	1E10	7234.09964947771	3.69926929105086E-07	1E10	425.975368080504	3.10610321881035E-07	1E10	51.2135035066251	2.38299930891891E-07	1E10	5.55515543627253	1.73055031046764E-07	1E10	0.793766104619719	7.3959121556523E-08	1E10	0.215193122555223	2.16595967119946E-08	1E10	9.18501306881201E-02	1E-30	3.52237802009369E-11	0.331976307332775	1.84713771903946E-09	2.43791443974135E-11	0.137860813691494	3.04650964525242E-12	1.03780854580589E-10	15.3531482338762	1E10	1E-30	1E-10	1E10	1E-30	1E-10	1E10	1E-30	1E-10	1E10	1E-30	1E-10	1E10	1E-30	1E-10
8	2.1520471523414E-09	1E10	1E10	1E-30	1.84192738610535E-10	1E10	1E-30	1E10	0.150127913172203	2.65025528790704E-07	1E10	5317.6438747769	3.58078064767468E-07	1E10	422.395467194392	3.09224877195948E-07	1E10	48.4974885363109	2.60599039960053E-07	1E10	5.44311262086836	2.46443060260408E-07	1E10	0.922583107744013	1.01146804781105E-07	1E10	0.314700881429376	2.54826235746625E-08	1E10	0.104093771078673	1E-30	3.81887283633365E-11	0.359920285428583	1.83727299043913E-09	2.45100414629232E-11	0.138601019158381	3.05160419486201E-12	1.10633868144189E-10	15.3343079563185	1E10	1E-30	1E-10	1E10	1E-30	1E-10	1E10	1E-30	1E-10	1E10	1E-30	1E-10	1E10	1E-30	1E-10
9	4.71858229022828E-09	1E10	1E10	1E-30	1.55E-10	1E10	1E-30	1E10	0.102284830369065	5.02582554392231E-07	1E10	3899.25933556091	6.86306818263093E-07	1E10	209.402624548975	6.11258506707569E-07	1E10	20.4636038875093	4.73200417309479E-07	1E10	2.24224855924427	3.09524380636015E-07	1E10	0.358950042712829	1.52709372356181E-07	1E10	6.94805392475323E-02	1.53804414368184E-07	1E10	2.06957574976882E-02	1E-30	4.75596332466153E-11	0.186766243018739	6.41065461269413E-09	1.95124973340832E-11	5.60149564280349E-02	2.25679193336645E-12	1.32E-10	17.8987071578581	1E10	1E-30	1E-10	1E10	1E-30	1E-10	1E10	1E-30	1E-10	1E10	1E-30	1E-10	1E10	1E-30	1E-10
10	4.71858229022828E-09	1E10	1E10	1E-30	1.55E-10	1E10	1E-30	1E10	0.102284830369065	5.02582554392231E-07	1E10	3899.25933556091	6.86306818263093E-07	1E10	209.402624548975	6.11258506707569E-07	1E10	20.4636038875093	4.73200417309479E-07	1E10	2.24224855924427	3.09524380636015E-07	1E10	0.358950042712829	1.52709372356181E-07	1E10	6.94805392475323E-02	1.53804414368184E-07	1E10	2.06957574976882E-02	1E-30	4.75596332466153E-11	0.186766243018739	6.41065461269413E-09	1.95124973340832E-11	5.60149564280349E-02	2.25679193336645E-12	1.32E-10	17.8987071578581	1E10	1E-30	1E-10	1E10	1E-30	1E-10	1E10	1E-30	1E-10	1E10	1E-30	1E-10	1E10	1E-30	1E-10
11	4.92403592573985E-09	1E10	1E10	1E-30	1.86240893762534E-10	1E10	1E-30	1E10	0.092984715038828	6.6426445215586E-07	1E10	2650.07296665952	8.29154853910435E-07	1E10	236.188001765817	7.19663060197881E-07	1E10	28.3960434406397	5.71995753811179E-07	1E10	3.30620125795662	4.79967305859332E-07	1E10	0.473707691422691	2.73852036559279E-07	1E10	0.129149176963949	1.01343107054825E-07	1E10	4.61898976065982E-02	1E-30	5.24923000038717E-11	0.284729689140296	6.08609590475911E-09	2.25094332554214E-11	8.26678004070581E-02	3.8204363182876E-12	8.8369023454448E-11	11.3268745754874	1E10	1E-30	1E-10	1E10	1E-30	1E-10	1E10	1E-30	1E-10	1E10	1E-30	1E-10	1E10	1E-30	1E-10
12	9.51403539518374E-09	1E10	1E10	1E-30	1.73061198737781E-10	1E10	1E-30	1E10	7.26273000703297E-02	1.04742321297053E-06	1E10	3056.64825875727	2.31725606404305E-06	1E10	226.592465827138	1.65055932904532E-06	1E10	56.9174540393487	1.42733783709813E-06	1E10	10.8966588179789	1.08864626756638E-06	1E10	1.60299934062862	8.78674248584754E-07	1E10	0.264785496388604	1.00057902735274E-06	1E10	4.16398105294754E-02	3.60104185809057E-07	1E10	2.82664962618511E-02	1E-30	6.49450244800625E-11	0.21364648771126	1.79554914107322E-08	1.53716178876396E-11	4.08815297096995E-02	2.60086773659631E-12	1.20315444975362E-10	17.728856061154	1E10	1E-30	1E-10	1E10	1E-30	1E-10	1E10	1E-30	1E-10	1E10	1E-30	1E-10
13	9.96822522165665E-09	1E10	1E10	1E-30	1.91883684325057E-10	1E10	1E-30	1E10	4.93253524879161E-02	1.1853343694945E-06	1E10	2894.18829525848	2.21571478238074E-06	1E10	219.546633869503	1.72176411220385E-06	1E10	51.4667545423382	1.41520632570636E-06	1E10	9.35709880968836	1.08636874650576E-06	1E10	1.36723405944211	7.59206847793903E-07	1E10	0.261346991800113	5.90316954024122E-07	1E10	4.22315318960816E-02	1E-30	5.45070861581518E-11	0.212174323335959	2.3125644594438E-08	1.37031019244312E-11	4.28114938706754E-02	4.44908267026355E-12	6.54907515059682E-11	14.5124085708734	1E10	1E-30	1E-10	1E10	1E-30	1E-10	1E10	1E-30	1E-10	1E10	1E-30	1E-10	1E10	1E-30	1E-10
14	2.16489451867086E-08	1E10	1E10	1E-30	1.80005235418137E-10	1E10	1E-30	1E10	5.15310932130671E-02	2.66656846300076E-06	1E10	1385.51703604949	8.3563635678238E-06	1E10	100.371836421077	3.18927383195159E-06	1E10	48.0409813328129	2.84271077907101E-06	1E10	5.04844789071567	3.17596436956631E-06	1E10	0.630876732091303	2.15840596871644E-06	1E10	0.166950974474983	7.90340834105616E-07	1E10	4.12909105702393E-02	1E-30	6.50084131093978E-11	0.167175506573528	3.02013967105276E-08	2.19560011021808E-11	3.18225065341737E-02	2.57221711999895E-12	1.18265655939025E-10	16.4407044501614	1E10	1E-30	1E-10	1E10	1E-30	1E-10	1E10	1E-30	1E-10	1E10	1E-30	1E-10	1E10	1E-30	1E-10
15	2.1276229932158E-08	1E10	1E10	1E-30	1.84841955374787E-10	1E10	1E-30	1E10	3.44757148037482E-02	2.54597687052645E-06	1E10	1286.8063819492	7.54271037203883E-06	1E10	77.5377520865155	3.16361598043817E-06	1E10	47.8093903921201	2.92076866618593E-06	1E10	6.15904257393708	2.35671423755227E-06	1E10	0.830831982454288	1.70211047320972E-06	1E10	0.161257220617848	1.29060422532284E-06	1E10	2.83821302393912E-02	1E-30	7.01521151916698E-11	0.134956776689805	1E-30	1.2075958953095E-11	0.133607688201851	2.16044831917293E-07	8.05012472277557E-12	1.73466213190077E-02	3.45229532628952E-08	2.32170919223876E-11	4.39089244302069E-02	6.61192559167822E-12	4.2822346541502E-11	7.55533081176819	1E10	1E-30	1E-10	1E10	1E-30	1E-10	1E10	1E-30	1E-10
16	4.61653634128035E-08	1E10	1E10	1E-30	1.94425668533343E-10	1E10	1E-30	1E10	2.19740249471747E-02	8.48698182483768E-06	1E10	468.820796299216	7.77008668872705E-06	1E10	135.209394584784	6.37230877127586E-06	1E10	20.4647700068049	6.02184459935871E-06	1E10	2.41040815387927	5.4361845649926E-06	1E10	0.328492863160778	3.65779678785164E-06	1E10	0.078253274108492	3.79622849735327E-06	1E10	1.31636946491411E-02	1E-30	1.47839627121866E-11	0.126738762848524	1E-30	7.68576443840011E-11	9.70692372407776E-02	7.55964386864789E-07	5.68778074513751E-12	1.11564672051413E-02	6.8960268726334E-08	2.89905161587315E-11	0.032888394793406	7.5397257375873E-12	4.01238513411908E-11	6.04019296343958	1E10	1E-30	1E-10	1E10	1E-30	1E-10	1E10	1E-30	1E-10
17	4.77560811388539E-08	1E10	1E10	1E-30	1.79522952688314E-10	1E10	1E-30	1E10	2.28892045138545E-02	5.61663246575259E-06	1E10	772.83823972931	1.04460484375751E-05	1E10	64.2818848729601	6.68372447551777E-06	1E10	20.8012102003705	5.59523311859962E-06	1E10	2.5649114044613	4.97145006742496E-06	1E10	0.305729291494523	3.89928872385368E-06	1E10	6.10571737849202E-02	3.75902768004759E-06	1E10	9.85495444210112E-03	1E-30	1.55382669257688E-11	0.118719260495933	1E-30	7.11181310568895E-11	9.19125642357802E-02	8.47046007063672E-07	5.076181987475E-12	7.90899006809585E-03	5.59892090991729E-08	3.57067695183925E-11	3.21763879500999E-02	5.57562872983681E-12	5.52997236214248E-11	12.0465504854246	1E10	1E-30	1E-10	1E10	1E-30	1E-10	1E10	1E-30	1E-10
18	4.43817056902044E-08	1E10	1063829787.23404	1E-30	1.76578657556367E-10	1E10	1E-30	1E10	2.31482721943476E-02	4.50577609173726E-06	1E10	883.060652879284	7.90021049823414E-06	1E10	78.702863530766	5.93890574461494E-06	1E10	14.9965214849096	6.10716788996201E-06	1E10	1.80297844242828	4.30509053757665E-06	1E10	0.383545956091303	2.96285201872646E-06	1E10	5.98872934508217E-02	3.74890402611653E-06	1E10	7.79304611979713E-03	1E-30	1.70614054251183E-11	0.26420778307521	1E-30	8.21056591049223E-11	0.132526448608185	1.1173517899169E-07	2.74807657992524E-11	2.44696376642294E-02	7.09922131091532E-08	1.80666249960952E-11	2.61826737474353E-02	9.59022644315093E-12	3.07700100401799E-11	6.01964812446483	1E10	1E-30	1E-10	1E10	1E-30	1E-10	1E10	1E-30	1E-10
19	1.02318679545982E-07	1E10	5E9	1E-30	2.00675973516497E-10	1E10	1E-30	1E10	1.42201348423038E-02	1.09329148960253E-05	1E10	363.935292201341	1.37856255949336E-05	1E10	38.9963691451026	1.12746696800434E-05	1E10	4.4827786057318	1.42585596877787E-05	1E10	0.418357241331994	1.36625590074758E-05	1E10	0.133748241592297	7.31363980916344E-06	1E10	3.93184670113908E-02	8.17102491391661E-06	1E10	6.62815027930775E-03	1E-30	2.12936780951704E-11	0.149354775584984	1E-30	9.47643633186297E-11	6.49551332997647E-02	2.58381578460087E-06	4.02674092607884E-12	5.2872475653378E-03	1.53802455427566E-07	3.36109597902472E-11	2.15583553062499E-02	1.01038743081767E-11	3.08417998880433E-11	3.95320877563195	1E10	1E-30	1E-10	1E10	1E-30	1E-10	1E10	1E-30	1E-10
20	1.02318679545982E-07	1E10	5E9	1E-30	2.00675973516497E-10	1E10	1E-30	1E10	1.42201348423038E-02	1.09329148960253E-05	1E10	363.935292201341	1.37856255949336E-05	1E10	38.9963691451026	1.12746696800434E-05	1E10	4.4827786057318	1.42585596877787E-05	1E10	0.418357241331994	1.36625590074758E-05	1E10	0.133748241592297	7.31363980916344E-06	1E10	3.93184670113908E-02	8.17102491391661E-06	1E10	6.62815027930775E-03	1E-30	2.12936780951704E-11	0.149354775584984	1E-30	9.47643633186297E-11	6.49551332997647E-02	2.58381578460087E-06	4.02674092607884E-12	5.2872475653378E-03	1.53802455427566E-07	3.36109597902472E-11	2.15583553062499E-02	1.01038743081767E-11	3.08417998880433E-11	3.95320877563195	1E10	1E-30	1E-10	1E10	1E-30	1E-10	1E10	1E-30	1E-10
21	9.43476138882855E-08	1E10	5E8	1E-30	1.53204846876427E-10	1E10	1E-30	1E10	0.0167	9.88527361966032E-06	1E10	402.505153664537	1.46448059271973E-05	1E10	36.7089063038674	1.38283622957271E-05	1E10	6.09216202882505	1.6063694899042E-05	1E10	0.821810045161926	1.1554677584944E-05	1E10	0.278675019387448	9.19E-6	1E10	0.0491	6.72E-6	1E10	0.0158	1E-30	1.74E-11	0.0926	1E-30	8.86E-11	0.0662	5.03E-7	1.5E-11	0.0111	2.18E-7	1.69E-11	0.0167	5.66341573998817E-12	5.78626071340975E-11	16.7542824981689	1E10	1E-30	1E-10	1E10	1E-30	1E-10	1E10	1E-30	1E-10
22	9.43476138882855E-08	1E10	5E8	1E-30	1.53204846876427E-10	1E10	1E-30	1E10	0.0167	9.88527361966032E-06	1E10	402.505153664537	1.46448059271973E-05	1E10	36.7089063038674	1.38283622957271E-05	1E10	6.09216202882505	1.6063694899042E-05	1E10	0.821810045161926	1.1554677584944E-05	1E10	0.278675019387448	9.19E-6	1E10	0.0491	6.72E-6	1E10	0.0158	1E-30	1.74E-11	0.0926	1E-30	8.86E-11	0.0662	5.03E-7	1.5E-11	0.0111	2.18E-7	1.69E-11	0.0167	5.66341573998817E-12	5.78626071340975E-11	16.7542824981689	1E10	1E-30	1E-10	1E10	1E-30	1E-10	1E10	1E-30	1E-10
23	1.42904356251286E-07	1E10	227272727.272727	1E-30	1.27426994944043E-10	1E10	1E-30	1E10	1.70361218543108E-02	4.22380395601971E-06	1E10	942.011897031048	7.46412235881963E-06	1E10	89.9614377608639	5.81641605762822E-06	1E10	22.5972914870607	5.4644501682767E-06	1E10	3.49990605975692	3.78236768060396E-06	1E10	0.839568986962071	2.64726503832057E-06	1E10	0.105228048370122	2.24351615531176E-06	1E10	1.70667044286131E-02	1E-30	2.35911184428343E-11	0.169830497690842	1E-30	1.12017060830051E-10	6.50126642069014E-02	9.56494968630786E-07	1.19369895823302E-11	8.34006785960104E-03	3.40582199333083E-07	1.83571180013347E-11	1.55003495163482E-02	2.24973968063001E-12	1.00277745098542E-10	28.0168270550909	1E10	1E-30	1E-10	1E10	1E-30	1E-10	1E10	1E-30	1E-10
24	3.65397399629435E-07	1E10	106382978.723404	1E-30	1.63839836962857E-10	1E10	1E-30	1E10	2.94004873984313E-02	1.35314692256198E-05	1E10	294.045939206954	2.3671828530889E-05	1E10	24.4576759272203	2.07547969588305E-05	1E10	4.05896387551656	1.90276218263554E-05	1E10	0.510993276844233	1.03082557362488E-04	1E10	0.185530444957204	1.39124925728799E-05	1E10	0.114397145053748	5.98459792637376E-06	1E10	2.57570888479132E-02	1E-30	5.34777073780727E-11	0.309213051218693	1E-30	1.10181165555373E-10	5.22880227580629E-02	4.59431179468384E-12	4.66451687404835E-11	7.49402810879104	1E10	1E-30	1E-10	1E10	1E-30	1E-10	1E10	1E-30	1E-10	1E10	1E-30	1E-10	1E10	1E-30	1E-10
25	7.87537916463514E-07	1E10	5E7	1E-30	1.52277152130408E-10	1E10	1E-30	1E10	1.46149043256346E-02	3.60699735440822E-05	1E10	32.2941846119906	3.67438310433226E-05	1E10	4.02660073402269	3.42718190153972E-05	1E10	0.540498234269579	2.75589343493123E-05	1E10	8.19126306466156E-02	2.09824548310795E-05	1E10	0.014553229721182	1E-30	1.20245981780455E-10	3.32463062914258E-02	1E-30	1.63072984390391E-11	2.41598569411292E-02	3.78698569768204E-06	2.07077139373597E-11	3.48018496531239E-03	1.17773212972905E-06	2.92339183162875E-11	5.5120774509169E-03	3.25388404690967E-11	3.8192061198169E-11	0.282154702928624	4.3573100248072E-12	6.83257738642818E-11	19.2971738454182	1E10	1E-30	1E-10	1E10	1E-30	1E-10	1E10	1E-30	1E-10	1E10	1E-30	1E-10
END DSCRDATA
