BEGIN DSCRDATA
% INDEX	K01	L01	M01	K02	L02	M02	K03	L03	M03	K04	L04	M04	K05	L05	M05	K06	L06	M06	K07	L07	M07	K08	L08	M08	K09	L09	M09	K10	L10	M10	K11	L11	M11	K12	L12	M12	K13	L13	M13	K14	L14	M14	K15	L15	M15	K16	L16	M16	K17	L17	M17	K18	L18	M18
0	0	0	0	0	0	0	0	0	0	0	0	0	0	0	0	0	0	0	0	0	0	0	0	0	0	0	0	0	0	0	0	0	0	0	0	0	0	0	0	0	0	0	0	0	0	0	0	0	0	0	0	0	0	0
1	4.64290666458013E-08	1E10	1E10	1E-30	1.3037521274453E-10	1E10	1E-30	1E10	2.35191615128739E-02	5.74585587936798E-06	1E10	708.606956787666	1.01027304598587E-05	1E10	61.7170858951638	7.28956695812215E-06	1E10	13.1948789918413	6.25177378757561E-06	1E10	1.6931507280028	4.36152178534019E-06	1E10	0.242695000981564	2.6604589797227E-06	1E10	3.97871022271719E-02	1E-30	3.43664239825985E-11	0.28790748030369	1E-30	1.2795117096465E-10	0.164662597548262	2.67683102679698E-07	2.32818607034115E-11	3.82973900921222E-02	6.45766895270462E-08	4.0859519278714E-11	6.16147034857049E-02	1.15211467499703E-11	1.01200992023828E-10	8.91236008660755	2.33813840160665E-12	1.4739498572782E-10	19.4483101822166	1E10	1E-30	1E-10	1E10	1E-30	1E-10	1E10	1E-30	1E-10
2	1.02200422992635E-07	1E10	5E9	1E-30	1.67653124124958E-10	1E10	1E-30	1E10	1.50200986537734E-02	1.18233136864917E-05	1E10	336.527785932235	1.86741147966481E-05	1E10	26.7313522135223	1.62531749981481E-05	1E10	4.53963492183335	1.54624051596054E-05	1E10	0.703837918474612	1.32723399977917E-05	1E10	0.110487679007842	6.82884570156939E-06	1E10	2.59785458190196E-02	1E-30	1.07229397614565E-10	8.47726276705599E-02	1E-30	1.23526680559737E-11	6.15069497406132E-02	4.32772959821178E-07	3.42662683087397E-11	3.68354063290199E-02	9.54565920431761E-08	6.46017743095743E-11	4.77251221954317E-02	8.918133719031E-12	8.70874276450607E-11	9.67508265293758	3.01140519485231E-12	1.23147065632613E-10	20.6377058926512	1E10	1E-30	1E-10	1E10	1E-30	1E-10	1E10	1E-30	1E-10
3	2.21507770967565E-07	1E10	2272727272.72727	1E-30	1.5179818149299E-10	1E10	1E-30	1E10	8.38565494055936E-03	2.58451646440982E-05	1E10	153.950405504805	3.80960646706528E-05	1E10	10.408324821649	3.19867964450478E-05	1E10	1.64960831547556	3.12924596334314E-05	1E10	0.165759726892389	2.61653737154819E-05	1E10	3.09406422463801E-02	2.07844833295467E-05	1E10	8.38973153805393E-03	1E-30	1.85256957457088E-11	5.83411557547257E-02	1E-30	1.46733912854011E-10	5.47906320165717E-02	9.10363386417429E-07	3.56670925014926E-11	3.26977921721753E-02	2.59377290794409E-07	5.2829271685765E-11	3.29473566695998E-02	1.68974264261685E-11	5.63219520640286E-11	6.25294898029514	2.60901456010026E-12	1.27633215078013E-10	20.4590429259914	1E10	1E-30	1E-10	1E10	1E-30	1E-10	1E10	1E-30	1E-10
4	4.51773430638909E-07	1E10	1063829787.23404	1E-30	1.14995954198685E-10	1E10	1E-30	1E10	7.8367687104887E-03	5.31409118807051E-05	1E10	74.8740177102994	7.6159949138625E-05	1E10	6.08598864627426	6.64379109559127E-05	1E10	0.942608035786225	5.61779272234705E-05	1E10	0.116180479821723	5.00224554629464E-05	1E10	0.016808690118496	6.48849816317946E-05	1E10	2.36050977905799E-03	1E-30	1.74497723856265E-11	5.26272736641584E-02	1E-30	1.39394407126712E-10	4.47718587417991E-02	2.44785745507621E-06	2.28305474962136E-11	1.08363433473798E-02	4.84593565873307E-07	4.97821123562353E-11	1.93193969860538E-02	1.19421400178089E-11	7.05147990355659E-11	9.8693613772566	2.18789300813702E-12	1.6350068950865E-10	30.3097817740591	1E10	1E-30	1E-10	1E10	1E-30	1E-10	1E10	1E-30	1E-10
5	4.42881718616242E-07	1E10	1063829787.23404	1E-30	1.58367114104096E-10	1E10	1E-30	1E10	6.14787676812502E-03	4.84785457291962E-05	1E10	76.2105360588847	6.94784230288479E-05	1E10	6.1946249361886	5.4566979990227E-05	1E10	1.07650243479	5.05978649920072E-05	1E10	0.104849577557627	1.44885511123613E-04	1E10	1.21073388025819E-02	5.53452038744659E-05	1E10	9.58559079800847E-03	2.42807195326398E-05	1E10	2.34119357978264E-03	1E-30	1.56244421146764E-10	4.49237339396984E-02	1E-30	1.32315734778506E-11	3.99054854721112E-02	1.50971462527409E-06	4.48615008414238E-11	2.10841095962754E-02	6.88445745090427E-07	4.23034810352389E-11	2.10163709970665E-02	1.15839900058704E-11	9.0010692760522E-11	9.39051590011312	2.93308176395857E-12	1.38437844980856E-10	19.3444307052434	1E10	1E-30	1E-10	1E10	1E-30	1E-10
6	9.39430675650584E-07	1E10	5E7	1E-30	2.33624431651975E-10	1E10	1E-30	1E10	5.87564120905066E-03	1.40189077267955E-04	1E10	3.9988848198583	1.09741719601176E-04	1E10	0.874535079143227	1.10894138142463E-04	1E10	0.140674610890179	1.00524300649214E-04	1E10	0.023518525728264	7.32170018459048E-05	1E10	6.12174670513195E-03	1E-30	1.35418400883714E-11	0.085639848024808	1E-30	1.88783406722924E-10	0.03872661117876	1E-30	1.8322703855448E-11	3.51320880241418E-02	2.97298834205522E-06	5.53456198932952E-11	1.43275519680212E-02	1.3887942534576E-06	5.48832631470699E-11	1.52845143986312E-02	1.9318530762642E-11	6.742665224463E-11	5.47157629966998	1E10	1E-30	1E-10	1E10	1E-30	1E-10	1E10	1E-30	1E-10	1E10	1E-30	1E-10
7	9.76333093294342E-07	1E10	5E8	1E-30	1.60850005775244E-10	1E10	1E-30	1E10	5.37304675022549E-03	1.12991944712087E-04	1E10	36.4461277858011	1.90623433596864E-04	1E10	3.19538056159701	1.31672797109193E-04	1E10	0.653435635954906	1.21403019190487E-04	1E10	9.12997082020527E-02	1.91449299636001E-04	1E10	1.23778465672174E-02	8.01583301517186E-05	1E10	7.3055830881865E-03	1E-30	2.4805594708474E-11	8.84378656691518E-02	1E-30	1.70554352358195E-10	0.041561074437881	3.8403116832183E-06	3.70036233060673E-11	1.03608089798663E-02	1.12293071747947E-06	5.75441572724601E-11	1.66743243020511E-02	2.22286600914847E-11	3.39146782297719E-11	4.09717171530354	4.28981263066499E-12	7.18026836243258E-11	8.9421468849817	1E10	1E-30	1E-10	1E10	1E-30	1E-10	1E10	1E-30	1E-10
8	9.91743901022253E-07	1E10	5E8	1E-30	1.44906661088568E-10	1E10	1E-30	1E10	4.73200350767754E-03	1.39242244135886E-04	1E10	25.7589326049885	1.91341623109076E-04	1E10	3.11092415650525	1.40349808024756E-04	1E10	0.62731699583726	1.38315523203086E-04	1E10	9.63447275721952E-02	1.6865784547823E-04	1E10	1.68924378124819E-02	7.53394802498734E-05	1E10	7.04167954455559E-03	1E-30	2.47600976322692E-11	6.66738349917456E-02	1E-30	2.16110245511371E-10	3.55269196764033E-02	2.86454909183263E-06	6.01542974629211E-11	1.58743451152749E-02	2.04474400674394E-06	3.8986635717499E-11	1.55672243143369E-02	1.86574102306671E-11	6.02063579556484E-11	6.09313408468864	3.00330195191587E-12	1.02455318917348E-10	21.1973282260702	1E10	1E-30	1E-10	1E10	1E-30	1E-10	1E10	1E-30	1E-10
9	1.01101889389572E-06	1E10	5E8	1E-30	9.20991185335245E-11	1E10	1E-30	1E10	4.10132748647851E-03	9.06924661311599E-05	1E10	52.3668743579281	2.85410690660813E-04	1E10	2.36838299549869	2.22569012292974E-04	1E10	0.709460455765274	2.33169782452648E-04	1E10	0.115517103531298	1.771921343387E-04	1E10	2.47309512120065E-02	1.86302500682902E-04	1E10	4.11715291331423E-03	1E-30	1.46476243301957E-11	4.23587963320164E-02	1E-30	1.96231238390456E-10	0.042019706621932	2.96652794889348E-06	6.00644841159248E-11	1.78232848719496E-02	1.63387968394373E-06	5.3284364272973E-11	1.97086204241428E-02	1.97128474397062E-11	5.63467707495003E-11	4.78891279274198	1.32553830692831E-12	1.35546604675333E-10	29.6044797623965	1E10	1E-30	1E-10	1E10	1E-30	1E-10	1E10	1E-30	1E-10
10	9.754093395853E-07	1E10	5E8	1E-30	1.30031774020409E-10	1E10	1E-30	1E10	3.74442685060115E-03	5.64448509120078E-04	1E10	12.2602315799751	4.38151527689824E-04	1E10	2.03469198122792	2.68467169849318E-04	1E10	0.502610803315619	2.05149829486401E-04	1E10	0.119086317032506	2.04579731977548E-04	1E10	1.75966122910006E-02	1.71343434593573E-04	1E10	4.08580563222127E-03	1E-30	1.95303811253163E-11	6.47283733883273E-02	1E-30	2.39049213365755E-10	3.82128628572234E-02	4.00779324226944E-06	4.45508524115389E-11	1.59272851541194E-02	1.90633948432501E-06	4.57831228596335E-11	1.74157298551723E-02	2.31536309076316E-11	4.88143669994115E-11	4.67309243910492	2.29745100291936E-12	9.90871957421302E-11	23.0816653682924	1E10	1E-30	1E-10	1E10	1E-30	1E-10	1E10	1E-30	1E-10
11	2.10703239929508E-06	1E10	22727273	1E-30	1.95780822293026E-10	1E10	1E-30	1E10	2.81007264830614E-03	4.45173173722866E-04	1E10	1.58819859954603	3.87847220134954E-04	1E10	0.236313380326774	3.99437892335428E-04	1E10	0.029397335980741	3.31182466933159E-04	1E10	4.30814128588939E-03	1E-30	1.1744872473643E-11	4.96887656400705E-02	1E-30	2.59241803832709E-10	2.76262571020885E-02	1E-30	1.83327641950273E-11	1.88624629911693E-02	6.31678268405676E-06	5.94342199882949E-11	1.13103962693381E-02	4.22872633396489E-06	4.37075580874627E-11	1.04039757351863E-02	1.903095726815E-11	5.61037709803361E-11	5.17614888806378	2.04100156281258E-11	2.1306544910964E-11	2.74614904274155	1E10	1E-30	1E-10	1E10	1E-30	1E-10	1E10	1E-30	1E-10	1E10	1E-30	1E-10
12	2.09152905349641E-06	1E10	227272727	1E-30	1.53766813770103E-10	1E10	1E-30	1E10	3.40163810625799E-03	3.19979085403094E-04	1E10	10.9161576323019	2.5532896508218E-04	1E10	1.25122953012321	2.39374281164413E-04	1E10	0.164095689396031	2.10852396470416E-04	1E10	2.26021581554891E-02	2.18556858746387E-04	1E10	3.17706114920159E-03	1E-30	2.53153348273651E-11	0.056045015475621	1E-30	2.4593946824522E-10	2.95220355192051E-02	6.55235605735832E-06	5.82432529975616E-11	1.13783674897842E-02	3.0693480472319E-06	5.90412239490312E-11	1.16968906238413E-02	9.18539139881287E-12	6.66326234640623E-11	7.69489524751313	5.93058680198209E-12	5.17233818373836E-11	19.7789262930559	1E10	1E-30	1E-10	1E10	1E-30	1E-10	1E10	1E-30	1E-10	1E10	1E-30	1E-10
13	2.09152905349641E-06	1E10	227272727	1E-30	1.53766813770103E-10	1E10	1E-30	1E10	3.40163810625799E-03	3.19979085403094E-04	1E10	10.9161576323019	2.5532896508218E-04	1E10	1.25122953012321	2.39374281164413E-04	1E10	0.164095689396031	2.10852396470416E-04	1E10	2.26021581554891E-02	2.18556858746387E-04	1E10	3.17706114920159E-03	1E-30	2.53153348273651E-11	0.056045015475621	1E-30	2.4593946824522E-10	2.95220355192051E-02	6.55235605735832E-06	5.82432529975616E-11	1.13783674897842E-02	3.0693480472319E-06	5.90412239490312E-11	1.16968906238413E-02	9.18539139881287E-12	6.66326234640623E-11	7.69489524751313	5.93058680198209E-12	5.17233818373836E-11	19.7789262930559	1E10	1E-30	1E-10	1E10	1E-30	1E-10	1E10	1E-30	1E-10	1E10	1E-30	1E-10
14	1.680576910284E-06	1E10	227272727	1E-30	2.16900694132658E-10	1E10	1E-30	1E10	4.78953802373511E-03	6.62070525864819E-05	1E10	29.661583189981	7.92830417083713E-05	1E10	4.13466163707516	9.44827968561566E-05	1E10	0.912825051291308	6.25189518983399E-05	1E10	0.31467977205654	4.46699025922083E-05	1E10	0.076161321978803	2.89028638770264E-05	1E10	0.014279108721834	1E-30	9.51841460528722E-12	6.37472857210086E-02	1E-30	1.42102343220675E-11	3.87670227159206E-02	1E-30	1.57802850543929E-10	2.50534908292601E-02	1E-30	6.28289250730375E-11	1.15726762690119E-02	7.64946343897444E-06	3.48827431676903E-11	1.28153312558609E-02	1.23950471791246E-06	9.4087996888567E-11	1.40174008578707E-02	1.49543819184827E-11	5.36123876888386E-11	8.10178930231556	1E10	1E-30	1E-10	1E10	1E-30	1E-10
15	3.3441696796755E-06	1E10	106382978.723404	1E-30	1.75071340237683E-10	1E10	1E-30	1E10	3.09337503220964E-03	1.29369797717745E-04	1E10	7.16128010606083	1.24667628285875E-04	1E10	1.05819860811405	1.02296522780771E-04	1E10	0.166773066683094	7.74455201591444E-05	1E10	2.72072629286851E-02	5.7436987315675E-05	1E10	4.0716786841444E-03	1E-30	8.07295187030363E-12	0.070948331187384	1E-30	2.77539437522649E-11	4.23111080010558E-02	1E-30	2.93690933060554E-10	0.025536619347999	1.40422000127228E-05	4.25955740885479E-11	7.99960748210805E-03	4.39364331683959E-06	6.81643616031372E-11	8.98889816711071E-03	1.40724005032672E-11	4.34816992344766E-11	7.06481023241847	9.95911090804728E-12	3.36409899655898E-11	12.6505454038346	1E10	1E-30	1E-10	1E10	1E-30	1E-10	1E10	1E-30	1E-10
16	3.49537696571339E-06	1E10	10638298	1E-30	1.84379917507066E-10	1E10	1E-30	1E10	3.54422304940617E-03	2.26202804295545E-04	1E10	12.0282069648924	2.19595446117047E-04	1E10	1.692775862328	2.04889291836163E-04	1E10	0.242629332714113	1.77934484754048E-04	1E10	3.71277487975262E-02	1.19051686662025E-04	1E10	7.35646392582932E-03	1E-30	1.51689837854425E-11	0.084098291248901	1E-30	2.41597207684091E-11	2.24449140554695E-02	1E-30	2.63367177730076E-10	2.21218445117177E-02	7.53205670516692E-06	8.34998400096852E-11	1.18998798523312E-02	6.60041644978289E-06	4.40734471992656E-11	8.61503641672452E-03	6.81391178656994E-12	6.50743052519014E-11	14.8814677104488	1E10	1E-30	1E-10	1E10	1E-30	1E-10	1E10	1E-30	1E-10	1E10	1E-30	1E-10
17	3.49537696571339E-06	1E10	10638298	1E-30	1.84379917507066E-10	1E10	1E-30	1E10	3.54422304940617E-03	2.26202804295545E-04	1E10	12.0282069648924	2.19595446117047E-04	1E10	1.692775862328	2.04889291836163E-04	1E10	0.242629332714113	1.77934484754048E-04	1E10	3.71277487975262E-02	1.19051686662025E-04	1E10	7.35646392582932E-03	1E-30	1.51689837854425E-11	0.084098291248901	1E-30	2.41597207684091E-11	2.24449140554695E-02	1E-30	2.63367177730076E-10	2.21218445117177E-02	7.53205670516692E-06	8.34998400096852E-11	1.18998798523312E-02	6.60041644978289E-06	4.40734471992656E-11	8.61503641672452E-03	6.81391178656994E-12	6.50743052519014E-11	14.8814677104488	1E10	1E-30	1E-10	1E10	1E-30	1E-10	1E10	1E-30	1E-10	1E10	1E-30	1E-10
18	2.94797638058244E-06	1E10	106382978.723404	1E-30	1.74163747116357E-10	1E10	1E-30	1E10	4.41900738825605E-03	1.15275672204716E-04	1E10	9.0418060689726	1.0520354916452E-04	1E10	1.35920246789686	8.89457464115936E-05	1E10	0.164250623388269	1.06239566113715E-04	1E10	0.019672981984683	7.05203041609735E-05	1E10	7.70019112391027E-03	1E-30	3.1079468252674E-11	3.98095398753034E-02	1E-30	6.47441222251713E-12	0.03915997780353	1E-30	2.18989043347315E-10	2.37278065964516E-02	9.72579872763912E-06	5.16156381137663E-11	6.79548099203764E-03	3.97016504887016E-06	6.03394813629854E-11	8.6695921498243E-03	1.72764624089071E-11	6.09917970649453E-11	8.17172773102263	4.88839479449141E-12	6.98954570461081E-11	13.0979962689072	1E10	1E-30	1E-10	1E10	1E-30	1E-10	1E10	1E-30	1E-10
19	6.69575313594253E-06	1E10	5E6	1E-30	1.4787477776145E-10	1E10	1E-30	1E10	3.11462899774085E-03	1.99506413913097E-04	1E10	7.48828390161122	2.24238916871127E-04	1E10	0.786815654211436	2.04654763221433E-04	1E10	9.97079285642502E-02	2.11809903734195E-04	1E10	1.31645525637983E-02	1.9896413356397E-04	1E10	3.38635215230686E-03	1E-30	9.19427694482542E-12	5.33297339515478E-02	1E-30	3.38099374520956E-11	3.66996366820453E-02	1E-30	2.89918013574469E-10	1.97940603284807E-02	2.34461015305859E-05	5.35314777296615E-11	4.73685666383995E-03	1.03758204105136E-05	6.10668132925113E-11	6.00815148278882E-03	1.28603865009138E-11	5.20324629332334E-11	9.90089131062293	5.08772863887409E-12	6.4588919509255E-11	14.8581556833174	1E10	1E-30	1E-10	1E10	1E-30	1E-10	1E10	1E-30	1E-10
20	6.22109083273475E-06	1E10	5E6	1E-30	1.13296816676179E-10	1E10	1E-30	1E10	3.43550571377074E-03	1.75714023043233E-04	1E10	23.4119414995591	2.09990161825313E-04	1E10	2.43105006671415	1.91281677979533E-04	1E10	0.286745808419616	1.84519663568933E-04	1E10	3.81933774977839E-02	1.38415557455071E-04	1E10	7.03730537408075E-03	1E-30	1.11802079714741E-11	5.33536778182507E-02	1E-30	3.7311764579491E-11	3.09315581107009E-02	1E-30	2.35879012226675E-10	1.94080514580796E-02	2.07913922143363E-05	5.19314695970255E-11	5.14579091755971E-03	8.52806655528231E-06	6.34167601609126E-11	6.3386438169189E-03	2.33149598504052E-11	4.36804314026294E-11	7.67787047333599	2.34141931761027E-12	1.00118009884774E-10	20.8004269799975	1E10	1E-30	1E-10	1E10	1E-30	1E-10	1E10	1E-30	1E-10
END DSCRDATA
