BEGIN DSCRDATA
% INDEX	K01	L01	M01	K02	L02	M02	K03	L03	M03	K04	L04	M04	K05	L05	M05	K06	L06	M06	K07	L07	M07	K08	L08	M08	K09	L09	M09	K10	L10	M10	K11	L11	M11	K12	L12	M12	K13	L13	M13	K14	L14	M14	K15	L15	M15	K16	L16	M16	K17	L17	M17	K18	L18	M18
0	0	0	0	0	0	0	0	0	0	0	0	0	0	0	0	0	0	0	0	0	0	0	0	0	0	0	0	0	0	0	0	0	0	0	0	0	0	0	0	0	0	0	0	0	0	0	0	0	0	0	0	0	0	0
1	2.21036840259839E-07	1E10	2272727272.72727	1E-30	8.70174742584762E-11	1E10	1E-30	1E10	0.013853704983343	2.81265853360011E-05	1E10	141.463086605274	5.6052685483253E-05	1E10	12.9015868352754	3.38106757610057E-05	1E10	3.63616121227665	3.60869591600757E-05	1E10	0.369273879322867	3.68033586108779E-05	1E10	6.59221358297422E-02	3.46624468991161E-05	1E10	1.53052229266166E-02	2.28821886606977E-05	1E10	4.62595405391597E-03	1E-30	3.62183852590105E-11	9.75286397610793E-02	1E-30	1.50781419624202E-10	9.02273905122353E-02	9.46253138748921E-07	4.24905527487587E-11	1.86883211707458E-02	1.7103406295949E-07	8.97581114874139E-11	3.72218119216618E-02	1.60106738788662E-11	8.72635441751244E-11	8.28379368955318	1.46013794392864E-12	3.54338443420914E-10	80.1470120932915	1E10	1E-30	1E-10	1E10	1E-30	1E-10
2	2.18229656050869E-06	1E10	22727273	1E-30	1.00483134191358E-10	1E10	1E-30	1E10	4.98129678156813E-03	2.87730366763312E-04	1E10	4.12868262341141	2.25020873194188E-04	1E10	0.776293873759542	2.1733588612208E-04	1E10	0.139956434624243	2.16934533849689E-04	1E10	2.12507346077136E-02	1.71076718656014E-04	1E10	4.647145324243E-3	1E-30	1.92954091252235E-11	0.074449861491362	1E-30	2.90469835400146E-10	3.11388374079618E-02	1E-30	3.6318026831886E-11	2.90063239831381E-02	6.02437555393686E-06	7.71274124313324E-11	1.15606559345325E-02	2.45395634824789E-06	9.16191879001661E-11	1.23546705950345E-02	1.63650112870898E-11	9.84477188178877E-11	9.94071101227042	1.46056234867522E-12	2.85001814786274E-10	206.425953746001	1E10	1E-30	1E-10	1E10	1E-30	1E-10	1E10	1E-30	1E-10
3	2.22765950930771E-06	1E10	227272727.272727	1E-30	4.0872423985581E-11	1E10	1E-30	1E10	4.28934088676489E-03	3.3132618852734E-04	1E10	11.5996026465565	4.36583557134256E-04	1E10	1.46093704588834	2.76380226838784E-04	1E10	0.349294629249147	2.54051534163841E-04	1E10	5.00930015334727E-02	3.48076620764796E-04	1E10	6.20903378382751E-03	2.43220049413044E-04	1E10	2.18122016771751E-03	1E-30	4.27813188268332E-11	6.72007384686311E-02	1E-30	3.21362744451411E-10	3.86041548236757E-02	5.71929514821462E-06	1.01814233751979E-10	1.63692469672882E-02	2.41224126382937E-06	1.06892759308618E-10	1.61190483535631E-02	2.13679708293392E-11	5.72120131880118E-11	3.92015508590248	1.50392888934352E-12	3.04570495670145E-10	117.584565939718	1E10	1E-30	1E-10	1E10	1E-30	1E-10	1E10	1E-30	1E-10
4	4.51903371070526E-06	1E10	106382978.723404	1E-30	7.42753988926083E-11	1E10	1E-30	1E10	2.91026193801641E-03	4.15874623851964E-04	1E10	11.8927264992591	7.575000858672E-04	1E10	0.603587611491292	7.43397282839613E-04	1E10	7.37818400123686E-02	7.19890502204636E-04	1E10	9.84350744339794E-03	9.05400405802425E-04	1E10	9.15246337876543E-04	1E-30	1.36370693621565E-11	8.49345461403163E-02	1E-30	4.68860677462492E-11	4.40730905056916E-02	1E-30	3.85428901488741E-10	2.70054083314156E-02	1.22337659653402E-05	1.17659965272037E-10	1.15348804495488E-02	6.49332768003309E-06	1.02407467014342E-10	1.13586478011951E-02	1.6211330734278E-11	6.87416302637627E-11	5.27445361648695	1.45521694419682E-12	2.48870986149672E-10	205.324694965551	1E10	1E-30	1E-10	1E10	1E-30	1E-10	1E10	1E-30	1E-10
5	4.55210404468296E-06	1E10	106382979	1E-30	3.07639258202898E-11	1E10	1E-30	1E10	3.06863735522128E-03	1.07474446039835E-03	1E10	2.82617319985409	7.10874463907767E-04	1E10	0.413959257904704	5.7598085333664E-04	1E10	0.066055732289309	5.51276912012059E-04	1E10	7.99654867954795E-03	7.43974801030585E-04	1E10	8.91030165046868E-04	1E-30	3.75100674168283E-11	3.87941151546498E-02	1E-30	3.25612284762701E-10	2.63982967621802E-02	1.02125294738468E-05	1.21465462161138E-10	9.98181117900829E-03	5.63188219876931E-06	9.80698494586037E-11	0.010438813380413	2.72186039592538E-11	6.16147948041092E-11	5.61103992582117	1.18251783180361E-12	3.5715673164662E-10	135.517491548731	1E10	1E-30	1E-10	1E10	1E-30	1E-10	1E10	1E-30	1E-10	1E10	1E-30	1E-10
6	4.55210404468296E-06	1E10	106382979	1E-30	3.07639258202898E-11	1E10	1E-30	1E10	3.06863735522128E-03	1.07474446039835E-03	1E10	2.82617319985409	7.10874463907767E-04	1E10	0.413959257904704	5.7598085333664E-04	1E10	0.066055732289309	5.51276912012059E-04	1E10	7.99654867954795E-03	7.43974801030585E-04	1E10	8.91030165046868E-04	1E-30	3.75100674168283E-11	3.87941151546498E-02	1E-30	3.25612284762701E-10	2.63982967621802E-02	1.02125294738468E-05	1.21465462161138E-10	9.98181117900829E-03	5.63188219876931E-06	9.80698494586037E-11	0.010438813380413	2.72186039592538E-11	6.16147948041092E-11	5.61103992582117	1.18251783180361E-12	3.5715673164662E-10	135.517491548731	1E10	1E-30	1E-10	1E10	1E-30	1E-10	1E10	1E-30	1E-10	1E10	1E-30	1E-10
7	9.68853336351517E-06	1E10	5E7	1E-30	8.28526630402389E-11	1E10	1E-30	1E10	1.98907009943911E-03	8.32977736520959E-04	1E10	6.98337691623212	1.81418514371488E-03	1E10	0.389019585074761	3.51097037770747E-03	1E10	0.049883767624574	1.44301077748276E-03	1E10	3.26089529100568E-02	1.23149527170262E-03	1E10	3.26467264969598E-03	1E-30	1.51645720140526E-11	5.30463762115199E-02	1E-30	4.79381046193714E-11	3.03582839244827E-02	1E-30	4.54558032934981E-10	1.82010005677193E-02	2.70094508574489E-05	1.18618293437866E-10	8.76786998973282E-03	1.76966900259787E-05	8.59488302811661E-11	8.22824006436296E-03	1.36536354825185E-11	6.63029225719676E-11	11.4636536563998	1.69503413998648E-12	2.69445128814139E-10	115.375870117791	1E10	1E-30	1E-10	1E10	1E-30	1E-10	1E10	1E-30	1E-10
8	7.1334216521225E-06	1E10	5E7	1E-30	4.14136330905557E-12	1E10	1E-30	1E10	3.37072327819641E-03	2.41508179889629E-04	1E10	5.82813043194979	2.32125610228462E-04	1E10	0.629330097556778	1.8615554745929E-04	1E10	8.44490801526273E-02	1.30900737216733E-04	1E10	1.14523732033205E-02	1E-30	4.55329877282222E-11	4.35154362736437E-02	1E-30	4.12878558489561E-10	2.19760855528883E-02	2.08259242759023E-05	9.3738272472725E-11	7.66454880813471E-03	1.05547053188709E-05	8.49369703725839E-11	8.05815301573741E-03	2.21435162228084E-11	6.33823469668765E-11	11.5190449792243	1.02685974782708E-12	4.0610015414987E-10	147.415343234612	1E10	1E-30	1E-10	1E10	1E-30	1E-10	1E10	1E-30	1E-10	1E10	1E-30	1E-10	1E10	1E-30	1E-10
9	1.7276114575028E-05	1E10	2272727	1E-30	1.80442523769761E-10	1E10	1E-30	1E10	2.41627064231156E-03	9.78466312315208E-04	1E10	2.12770213009463	1.48993765381277E-03	1E10	0.265569807996762	1.40794148809643E-03	1E10	6.86761576658354E-02	1.3394366781175E-03	1E10	1.87139081254867E-02	7.14439847563049E-04	1E10	4.37082919976445E-03	1E-30	1.89634751603201E-11	0.038630755659972	1E-30	6.54269802722381E-11	2.23346022094478E-02	1E-30	3.59161854254957E-10	8.77272536518475E-03	1E-30	1.3249970986892E-10	4.61546464185492E-03	1.45809742066303E-04	4.00304162287603E-11	2.52858970720852E-03	2.06396434999901E-05	1.36399066468827E-10	4.19727024183223E-03	2.97397577145127E-11	5.41836046222451E-11	4.11972606967767	1.57991761964872E-12	2.29066075008825E-10	47.9190823060703	1E10	1E-30	1E-10	1E10	1E-30	1E-10
10	1.49107724127702E-05	1E10	2272727	1E-30	2.67311144669806E-10	1E10	1E-30	1E10	2.92467335082594E-03	4.18583139876645E-04	1E10	15.5762217393272	6.33617333321852E-04	1E10	1.60286288104839	5.04706720304294E-04	1E10	0.289918185822107	4.90755835857295E-04	1E10	4.08677893427768E-02	3.41706643890347E-04	1E10	6.89181107164581E-03	1E-30	1.16142386181146E-11	5.62682794633211E-02	1E-30	5.89089214485699E-11	3.67495862935329E-02	1E-30	4.08258166206641E-10	1.61763395446467E-02	4.19802426773912E-05	1.04652571571721E-10	4.99708105066365E-03	1.8624956421612E-05	1.17367849906796E-10	6.10071700139312E-03	1.32631778630774E-11	8.30948250740059E-11	13.0464370084257	3.71439864072654E-12	1.01302089555849E-10	28.3418929305614	1E10	1E-30	1E-10	1E10	1E-30	1E-10	1E10	1E-30	1E-10
11	1.5951442459212E-05	1E10	2272727.27272727	1E-30	7.03598016946644E-11	1E10	1E-30	1E10	2.9055033438748E-03	4.10180556995993E-04	1E10	10.7489737208464	5.41167439415916E-04	1E10	0.906253266617205	5.2027260635667E-04	1E10	0.131203689491154	5.04223799578522E-04	1E10	1.88585096705991E-02	3.62813679753021E-04	1E10	3.88764236785247E-03	1E-30	2.65673254025915E-11	5.97568379718752E-02	1E-30	7.13690982610959E-11	2.76398858931822E-02	1E-30	4.05955854665812E-10	1.42121364580488E-02	4.61229899531466E-05	9.3715423620609E-11	5.58242171558961E-03	1.66012367650319E-05	1.19741575882605E-10	6.45123803469981E-03	2.52314604781362E-11	4.40420620848228E-11	10.8800897804738	1.30906265120207E-12	3.2194446556123E-10	140.007031075041	1E10	1E-30	1E-10	1E10	1E-30	1E-10	1E10	1E-30	1E-10
END DSCRDATA
