BEGIN DSCRDATA
% INDEX	K01	L01	M01	K02	L02	M02	K03	L03	M03	K04	L04	M04	K05	L05	M05	K06	L06	M06	K07	L07	M07	K08	L08	M08	K09	L09	M09	K10	L10	M10	K11	L11	M11	K12	L12	M12	K13	L13	M13	K14	L14	M14	K15	L15	M15	K16	L16	M16	K17	L17	M17	K18	L18	M18
0	0	0	0	0	0	0	0	0	0	0	0	0	0	0	0	0	0	0	0	0	0	0	0	0	0	0	0	0	0	0	0	0	0	0	0	0	0	0	0	0	0	0	0	0	0	0	0	0	0	0	0	0	0	0
1	1E-12	1E10	1E10	1E-30	3.59E-10	1E10	1E-30	1E10	0.23	5.99591734734212E-12	5.58808277039715E-11	1E10	8.17480738768822E-11	3.77875628183345E-12	1.08160851547396	1E10	1E-30	1E-10	1E10	1E-30	1E-10	1E10	1E-30	1E-10	1E10	1E-30	1E-10	1E10	1E-30	1E-10	1E10	1E-30	1E-10	1E10	1E-30	1E-10	1E10	1E-30	1E-10	1E10	1E-30	1E-10	1E10	1E-30	1E-10	1E10	1E-30	1E-10	1E10	1E-30	1E-10	1E10	1E-30	1E-10
2	1E-12	1E10	1E10	1E-30	3.59E-10	1E10	1E-30	1E10	0.23	5.99591734734212E-12	5.58808277039715E-11	1E10	8.17480738768822E-11	3.77875628183345E-12	1.08160851547396	1E10	1E-30	1E-10	1E10	1E-30	1E-10	1E10	1E-30	1E-10	1E10	1E-30	1E-10	1E10	1E-30	1E-10	1E10	1E-30	1E-10	1E10	1E-30	1E-10	1E10	1E-30	1E-10	1E10	1E-30	1E-10	1E10	1E-30	1E-10	1E10	1E-30	1E-10	1E10	1E-30	1E-10	1E10	1E-30	1E-10
3	1.1E-12	1E10	1E10	1E-30	2.61999999999999E-10	1E10	1E-30	1E10	0.17	2.94606815823509E-12	1.02357150478596E-10	1E10	1.86547420154861E-10	1.88589938758054E-12	0.853160783246284	1E10	1E-30	1E-10	1E10	1E-30	1E-10	1E10	1E-30	1E-10	1E10	1E-30	1E-10	1E10	1E-30	1E-10	1E10	1E-30	1E-10	1E10	1E-30	1E-10	1E10	1E-30	1E-10	1E10	1E-30	1E-10	1E10	1E-30	1E-10	1E10	1E-30	1E-10	1E10	1E-30	1E-10	1E10	1E-30	1E-10
4	1.1E-12	1E10	1E10	1E-30	2.61999999999999E-10	1E10	1E-30	1E10	0.17	2.94606815823509E-12	1.02357150478596E-10	1E10	1.86547420154861E-10	1.88589938758054E-12	0.853160783246284	1E10	1E-30	1E-10	1E10	1E-30	1E-10	1E10	1E-30	1E-10	1E10	1E-30	1E-10	1E10	1E-30	1E-10	1E10	1E-30	1E-10	1E10	1E-30	1E-10	1E10	1E-30	1E-10	1E10	1E-30	1E-10	1E10	1E-30	1E-10	1E10	1E-30	1E-10	1E10	1E-30	1E-10	1E10	1E-30	1E-10
5	1.2E-12	1E10	1E10	1E-30	2.91999999999999E-10	1E10	1E-30	1E10	0.14	4.28673200449914E-12	8.83537889941348E-11	640.126497313966	1E10	1E-30	1E-10	1E10	1E-30	1E-10	1E10	1E-30	1E-10	1E10	1E-30	1E-10	1E10	1E-30	1E-10	1E10	1E-30	1E-10	1E10	1E-30	1E-10	1E10	1E-30	1E-10	1E10	1E-30	1E-10	1E10	1E-30	1E-10	1E10	1E-30	1E-10	1E10	1E-30	1E-10	1E10	1E-30	1E-10	1E10	1E-30	1E-10
6	1.2E-12	1E10	1E10	1E-30	2.91999999999999E-10	1E10	1E-30	1E10	0.14	4.28673200449914E-12	8.83537889941348E-11	640.126497313966	1E10	1E-30	1E-10	1E10	1E-30	1E-10	1E10	1E-30	1E-10	1E10	1E-30	1E-10	1E10	1E-30	1E-10	1E10	1E-30	1E-10	1E10	1E-30	1E-10	1E10	1E-30	1E-10	1E10	1E-30	1E-10	1E10	1E-30	1E-10	1E10	1E-30	1E-10	1E10	1E-30	1E-10	1E10	1E-30	1E-10	1E10	1E-30	1E-10
7	1.3E-12	1E10	1E10	1E-30	2.56E-10	1E10	1E-30	1E10	0.13	4.04031494874208E-12	9.85752591039262E-11	787.834340198883	1E10	1E-30	1E-10	1E10	1E-30	1E-10	1E10	1E-30	1E-10	1E10	1E-30	1E-10	1E10	1E-30	1E-10	1E10	1E-30	1E-10	1E10	1E-30	1E-10	1E10	1E-30	1E-10	1E10	1E-30	1E-10	1E10	1E-30	1E-10	1E10	1E-30	1E-10	1E10	1E-30	1E-10	1E10	1E-30	1E-10	1E10	1E-30	1E-10
8	1.3E-12	1E10	1E10	1E-30	2.56E-10	1E10	1E-30	1E10	0.13	4.04031494874208E-12	9.85752591039262E-11	787.834340198883	1E10	1E-30	1E-10	1E10	1E-30	1E-10	1E10	1E-30	1E-10	1E10	1E-30	1E-10	1E10	1E-30	1E-10	1E10	1E-30	1E-10	1E10	1E-30	1E-10	1E10	1E-30	1E-10	1E10	1E-30	1E-10	1E10	1E-30	1E-10	1E10	1E-30	1E-10	1E10	1E-30	1E-10	1E10	1E-30	1E-10	1E10	1E-30	1E-10
9	1.5E-12	1E10	1E10	1E-30	2.28E-10	1E10	1E-30	1E10	0.13	3.67998927704663E-12	1.13793084404096E-10	1235.67862458264	1E10	1E-30	1E-10	1E10	1E-30	1E-10	1E10	1E-30	1E-10	1E10	1E-30	1E-10	1E10	1E-30	1E-10	1E10	1E-30	1E-10	1E10	1E-30	1E-10	1E10	1E-30	1E-10	1E10	1E-30	1E-10	1E10	1E-30	1E-10	1E10	1E-30	1E-10	1E10	1E-30	1E-10	1E10	1E-30	1E-10	1E10	1E-30	1E-10
10	1.5E-12	1E10	1E10	1E-30	2.28E-10	1E10	1E-30	1E10	0.13	3.67998927704663E-12	1.13793084404096E-10	1235.67862458264	1E10	1E-30	1E-10	1E10	1E-30	1E-10	1E10	1E-30	1E-10	1E10	1E-30	1E-10	1E10	1E-30	1E-10	1E10	1E-30	1E-10	1E10	1E-30	1E-10	1E10	1E-30	1E-10	1E10	1E-30	1E-10	1E10	1E-30	1E-10	1E10	1E-30	1E-10	1E10	1E-30	1E-10	1E10	1E-30	1E-10	1E10	1E-30	1E-10
11	1.6E-12	1E10	1E10	1E-30	3.27E-10	1E10	1E-30	1E10	0.11	4.795634419639E-12	8.26337113021843E-11	552.084687045391	1E10	1E-30	1E-10	1E10	1E-30	1E-10	1E10	1E-30	1E-10	1E10	1E-30	1E-10	1E10	1E-30	1E-10	1E10	1E-30	1E-10	1E10	1E-30	1E-10	1E10	1E-30	1E-10	1E10	1E-30	1E-10	1E10	1E-30	1E-10	1E10	1E-30	1E-10	1E10	1E-30	1E-10	1E10	1E-30	1E-10	1E10	1E-30	1E-10
12	1.6E-12	1E10	1E10	1E-30	3.27E-10	1E10	1E-30	1E10	0.11	4.795634419639E-12	8.26337113021843E-11	552.084687045391	1E10	1E-30	1E-10	1E10	1E-30	1E-10	1E10	1E-30	1E-10	1E10	1E-30	1E-10	1E10	1E-30	1E-10	1E10	1E-30	1E-10	1E10	1E-30	1E-10	1E10	1E-30	1E-10	1E10	1E-30	1E-10	1E10	1E-30	1E-10	1E10	1E-30	1E-10	1E10	1E-30	1E-10	1E10	1E-30	1E-10	1E10	1E-30	1E-10
13	1.8E-12	1E10	1E10	1E-30	2.31E-10	1E10	1E-30	1E10	0.1	3.92392062472195E-12	1.22812914125032E-10	674.601542260474	1E10	1E-30	1E-10	1E10	1E-30	1E-10	1E10	1E-30	1E-10	1E10	1E-30	1E-10	1E10	1E-30	1E-10	1E10	1E-30	1E-10	1E10	1E-30	1E-10	1E10	1E-30	1E-10	1E10	1E-30	1E-10	1E10	1E-30	1E-10	1E10	1E-30	1E-10	1E10	1E-30	1E-10	1E10	1E-30	1E-10	1E10	1E-30	1E-10
14	1.8E-12	1E10	1E10	1E-30	2.31E-10	1E10	1E-30	1E10	0.1	3.92392062472195E-12	1.22812914125032E-10	674.601542260474	1E10	1E-30	1E-10	1E10	1E-30	1E-10	1E10	1E-30	1E-10	1E10	1E-30	1E-10	1E10	1E-30	1E-10	1E10	1E-30	1E-10	1E10	1E-30	1E-10	1E10	1E-30	1E-10	1E10	1E-30	1E-10	1E10	1E-30	1E-10	1E10	1E-30	1E-10	1E10	1E-30	1E-10	1E10	1E-30	1E-10	1E10	1E-30	1E-10
15	2E-12	1E10	1E10	1E-30	1.58E-10	1E10	1E-30	1E10	0.07	2.97561046114389E-12	1.68749714532003E-10	2139.45938381615	1E10	1E-30	1E-10	1E10	1E-30	1E-10	1E10	1E-30	1E-10	1E10	1E-30	1E-10	1E10	1E-30	1E-10	1E10	1E-30	1E-10	1E10	1E-30	1E-10	1E10	1E-30	1E-10	1E10	1E-30	1E-10	1E10	1E-30	1E-10	1E10	1E-30	1E-10	1E10	1E-30	1E-10	1E10	1E-30	1E-10	1E10	1E-30	1E-10
16	2E-12	1E10	1E10	1E-30	1.58E-10	1E10	1E-30	1E10	0.07	2.97561046114389E-12	1.68749714532003E-10	2139.45938381615	1E10	1E-30	1E-10	1E10	1E-30	1E-10	1E10	1E-30	1E-10	1E10	1E-30	1E-10	1E10	1E-30	1E-10	1E10	1E-30	1E-10	1E10	1E-30	1E-10	1E10	1E-30	1E-10	1E10	1E-30	1E-10	1E10	1E-30	1E-10	1E10	1E-30	1E-10	1E10	1E-30	1E-10	1E10	1E-30	1E-10	1E10	1E-30	1E-10
17	2.2E-12	1E10	1E10	1E-30	1.64E-10	1E10	1E-30	1E10	0.07	1.41952174759781E-09	2.44107338628504E-13	1E10	3.0188573297679E-12	1.68579826082281E-10	1757.34199739002	1E10	1E-30	1E-10	1E10	1E-30	1E-10	1E10	1E-30	1E-10	1E10	1E-30	1E-10	1E10	1E-30	1E-10	1E10	1E-30	1E-10	1E10	1E-30	1E-10	1E10	1E-30	1E-10	1E10	1E-30	1E-10	1E10	1E-30	1E-10	1E10	1E-30	1E-10	1E10	1E-30	1E-10	1E10	1E-30	1E-10
18	2.2E-12	1E10	1E10	1E-30	1.64E-10	1E10	1E-30	1E10	0.07	1.41952174759781E-09	2.44107338628504E-13	1E10	3.0188573297679E-12	1.68579826082281E-10	1757.34199739002	1E10	1E-30	1E-10	1E10	1E-30	1E-10	1E10	1E-30	1E-10	1E10	1E-30	1E-10	1E10	1E-30	1E-10	1E10	1E-30	1E-10	1E10	1E-30	1E-10	1E10	1E-30	1E-10	1E10	1E-30	1E-10	1E10	1E-30	1E-10	1E10	1E-30	1E-10	1E10	1E-30	1E-10	1E10	1E-30	1E-10
19	2.4E-12	1E10	1E10	1E-30	1.56E-10	1E10	1E-30	1E10	0.07	3.12769321500599E-12	1.80412452340252E-10	1694.29005116934	1E10	1E-30	1E-10	1E10	1E-30	1E-10	1E10	1E-30	1E-10	1E10	1E-30	1E-10	1E10	1E-30	1E-10	1E10	1E-30	1E-10	1E10	1E-30	1E-10	1E10	1E-30	1E-10	1E10	1E-30	1E-10	1E10	1E-30	1E-10	1E10	1E-30	1E-10	1E10	1E-30	1E-10	1E10	1E-30	1E-10	1E10	1E-30	1E-10
20	2.4E-12	1E10	1E10	1E-30	1.56E-10	1E10	1E-30	1E10	0.07	3.12769321500599E-12	1.80412452340252E-10	1694.29005116934	1E10	1E-30	1E-10	1E10	1E-30	1E-10	1E10	1E-30	1E-10	1E10	1E-30	1E-10	1E10	1E-30	1E-10	1E10	1E-30	1E-10	1E10	1E-30	1E-10	1E10	1E-30	1E-10	1E10	1E-30	1E-10	1E10	1E-30	1E-10	1E10	1E-30	1E-10	1E10	1E-30	1E-10	1E10	1E-30	1E-10	1E10	1E-30	1E-10
21	2.7E-12	1E10	1E10	1E-30	1.68E-10	1E10	1E-30	1E10	0.06	7.06922479161669E-10	4.84540734273697E-13	1E10	2.92708153406595E-12	1.92777275426071E-10	2716.63225286236	1E10	1E-30	1E-10	1E10	1E-30	1E-10	1E10	1E-30	1E-10	1E10	1E-30	1E-10	1E10	1E-30	1E-10	1E10	1E-30	1E-10	1E10	1E-30	1E-10	1E10	1E-30	1E-10	1E10	1E-30	1E-10	1E10	1E-30	1E-10	1E10	1E-30	1E-10	1E10	1E-30	1E-10	1E10	1E-30	1E-10
22	2.7E-12	1E10	1E10	1E-30	1.68E-10	1E10	1E-30	1E10	0.06	7.06922479161669E-10	4.84540734273697E-13	1E10	2.92708153406595E-12	1.92777275426071E-10	2716.63225286236	1E10	1E-30	1E-10	1E10	1E-30	1E-10	1E10	1E-30	1E-10	1E10	1E-30	1E-10	1E10	1E-30	1E-10	1E10	1E-30	1E-10	1E10	1E-30	1E-10	1E10	1E-30	1E-10	1E10	1E-30	1E-10	1E10	1E-30	1E-10	1E10	1E-30	1E-10	1E10	1E-30	1E-10	1E10	1E-30	1E-10
23	3E-12	1E10	1E10	1E-30	1.62E-10	1E10	1E-30	1E10	0.055	3.08343914977095E-12	1.98079572988698E-10	1032.32095956048	1E10	1E-30	1E-10	1E10	1E-30	1E-10	1E10	1E-30	1E-10	1E10	1E-30	1E-10	1E10	1E-30	1E-10	1E10	1E-30	1E-10	1E10	1E-30	1E-10	1E10	1E-30	1E-10	1E10	1E-30	1E-10	1E10	1E-30	1E-10	1E10	1E-30	1E-10	1E10	1E-30	1E-10	1E10	1E-30	1E-10	1E10	1E-30	1E-10
24	3E-12	1E10	1E10	1E-30	1.62E-10	1E10	1E-30	1E10	0.055	3.08343914977095E-12	1.98079572988698E-10	1032.32095956048	1E10	1E-30	1E-10	1E10	1E-30	1E-10	1E10	1E-30	1E-10	1E10	1E-30	1E-10	1E10	1E-30	1E-10	1E10	1E-30	1E-10	1E10	1E-30	1E-10	1E10	1E-30	1E-10	1E10	1E-30	1E-10	1E10	1E-30	1E-10	1E10	1E-30	1E-10	1E10	1E-30	1E-10	1E10	1E-30	1E-10	1E10	1E-30	1E-10
25	3.29999999999999E-12	1E10	1E10	1E-30	1.57E-10	1E10	1E-30	1E10	0.055	2.89937009771129E-12	2.09998976693302E-10	1827.63449078111	1E10	1E-30	1E-10	1E10	1E-30	1E-10	1E10	1E-30	1E-10	1E10	1E-30	1E-10	1E10	1E-30	1E-10	1E10	1E-30	1E-10	1E10	1E-30	1E-10	1E10	1E-30	1E-10	1E10	1E-30	1E-10	1E10	1E-30	1E-10	1E10	1E-30	1E-10	1E10	1E-30	1E-10	1E10	1E-30	1E-10	1E10	1E-30	1E-10
26	3.29999999999999E-12	1E10	1E10	1E-30	1.57E-10	1E10	1E-30	1E10	0.055	2.89937009771129E-12	2.09998976693302E-10	1827.63449078111	1E10	1E-30	1E-10	1E10	1E-30	1E-10	1E10	1E-30	1E-10	1E10	1E-30	1E-10	1E10	1E-30	1E-10	1E10	1E-30	1E-10	1E10	1E-30	1E-10	1E10	1E-30	1E-10	1E10	1E-30	1E-10	1E10	1E-30	1E-10	1E10	1E-30	1E-10	1E10	1E-30	1E-10	1E10	1E-30	1E-10	1E10	1E-30	1E-10
27	3.6E-12	1E10	1E10	1E-30	1.67E-10	1E10	1E-30	1E10	0.055	1.92558317544024E-09	1.79953626699175E-13	1E10	3.72810447868564E-10	8.38816895791659E-13	0.521504246271779	3.00387869492015E-12	2.0912715151581E-10	1322.48940617467	1E10	1E-30	1E-10	1E10	1E-30	1E-10	1E10	1E-30	1E-10	1E10	1E-30	1E-10	1E10	1E-30	1E-10	1E10	1E-30	1E-10	1E10	1E-30	1E-10	1E10	1E-30	1E-10	1E10	1E-30	1E-10	1E10	1E-30	1E-10	1E10	1E-30	1E-10	1E10	1E-30	1E-10
28	3.6E-12	1E10	1E10	1E-30	1.67E-10	1E10	1E-30	1E10	0.055	1.92558317544024E-09	1.79953626699175E-13	1E10	3.72810447868564E-10	8.38816895791659E-13	0.521504246271779	3.00387869492015E-12	2.0912715151581E-10	1322.48940617467	1E10	1E-30	1E-10	1E10	1E-30	1E-10	1E10	1E-30	1E-10	1E10	1E-30	1E-10	1E10	1E-30	1E-10	1E10	1E-30	1E-10	1E10	1E-30	1E-10	1E10	1E-30	1E-10	1E10	1E-30	1E-10	1E10	1E-30	1E-10	1E10	1E-30	1E-10	1E10	1E-30	1E-10
29	3.9E-12	1E10	1E10	1E-30	1.16E-10	1E10	1E-30	1E10	0.055	1.05467602784325E-11	2.76142811167313E-11	290.200203828973	2.71828585295699E-12	2.3117160285662E-10	2088.75429990127	1E10	1E-30	1E-10	1E10	1E-30	1E-10	1E10	1E-30	1E-10	1E10	1E-30	1E-10	1E10	1E-30	1E-10	1E10	1E-30	1E-10	1E10	1E-30	1E-10	1E10	1E-30	1E-10	1E10	1E-30	1E-10	1E10	1E-30	1E-10	1E10	1E-30	1E-10	1E10	1E-30	1E-10	1E10	1E-30	1E-10
30	3.9E-12	1E10	1E10	1E-30	1.16E-10	1E10	1E-30	1E10	0.055	1.05467602784325E-11	2.76142811167313E-11	290.200203828973	2.71828585295699E-12	2.3117160285662E-10	2088.75429990127	1E10	1E-30	1E-10	1E10	1E-30	1E-10	1E10	1E-30	1E-10	1E10	1E-30	1E-10	1E10	1E-30	1E-10	1E10	1E-30	1E-10	1E10	1E-30	1E-10	1E10	1E-30	1E-10	1E10	1E-30	1E-10	1E10	1E-30	1E-10	1E10	1E-30	1E-10	1E10	1E-30	1E-10	1E10	1E-30	1E-10
31	4E-12	1E10	1E10	1E-30	1.26E-10	1E10	1E-30	1E10	0.05	8.91454942466673E-12	3.00444678495591E-11	357.067834862209	2.84392346265934E-12	2.26834451115716E-10	2035.02399134788	1E10	1E-30	1E-10	1E10	1E-30	1E-10	1E10	1E-30	1E-10	1E10	1E-30	1E-10	1E10	1E-30	1E-10	1E10	1E-30	1E-10	1E10	1E-30	1E-10	1E10	1E-30	1E-10	1E10	1E-30	1E-10	1E10	1E-30	1E-10	1E10	1E-30	1E-10	1E10	1E-30	1E-10	1E10	1E-30	1E-10
32	4E-12	1E10	1E10	1E-30	1.26E-10	1E10	1E-30	1E10	0.05	8.91454942466673E-12	3.00444678495591E-11	357.067834862209	2.84392346265934E-12	2.26834451115716E-10	2035.02399134788	1E10	1E-30	1E-10	1E10	1E-30	1E-10	1E10	1E-30	1E-10	1E10	1E-30	1E-10	1E10	1E-30	1E-10	1E10	1E-30	1E-10	1E10	1E-30	1E-10	1E10	1E-30	1E-10	1E10	1E-30	1E-10	1E10	1E-30	1E-10	1E10	1E-30	1E-10	1E10	1E-30	1E-10	1E10	1E-30	1E-10
33	4.3E-12	1E10	1E10	1E-30	1.17E-10	1E10	1E-30	1E10	0.045	7.06846205733807E-11	3.98173930986364E-12	1E10	9.34017313754711E-12	3.40464860253987E-11	340.796558582193	3.05865844437488E-12	2.20352777941103E-10	2738.64378927637	1E10	1E-30	1E-10	1E10	1E-30	1E-10	1E10	1E-30	1E-10	1E10	1E-30	1E-10	1E10	1E-30	1E-10	1E10	1E-30	1E-10	1E10	1E-30	1E-10	1E10	1E-30	1E-10	1E10	1E-30	1E-10	1E10	1E-30	1E-10	1E10	1E-30	1E-10	1E10	1E-30	1E-10
34	4.3E-12	1E10	1E10	1E-30	1.17E-10	1E10	1E-30	1E10	0.045	7.06846205733807E-11	3.98173930986364E-12	1E10	9.34017313754711E-12	3.40464860253987E-11	340.796558582193	3.05865844437488E-12	2.20352777941103E-10	2738.64378927637	1E10	1E-30	1E-10	1E10	1E-30	1E-10	1E10	1E-30	1E-10	1E10	1E-30	1E-10	1E10	1E-30	1E-10	1E10	1E-30	1E-10	1E10	1E-30	1E-10	1E10	1E-30	1E-10	1E10	1E-30	1E-10	1E10	1E-30	1E-10	1E10	1E-30	1E-10	1E10	1E-30	1E-10
35	4.7E-12	1E10	1E10	1E-30	1.15E-10	1E10	1E-30	1E10	0.04	1E-30	3.79215146774037E-12	8.93504639426468E-02	7.84147365484375E-12	4.22261163906088E-11	1E10	4.78163712610088E-11	7.33205640027792E-12	10.9961037297212	3.05991322701607E-12	2.33044700791696E-10	3715.20673216461	1E10	1E-30	1E-10	1E10	1E-30	1E-10	1E10	1E-30	1E-10	1E10	1E-30	1E-10	1E10	1E-30	1E-10	1E10	1E-30	1E-10	1E10	1E-30	1E-10	1E10	1E-30	1E-10	1E10	1E-30	1E-10	1E10	1E-30	1E-10	1E10	1E-30	1E-10
36	4.7E-12	1E10	1E10	1E-30	1.15E-10	1E10	1E-30	1E10	0.04	1E-30	3.79215146774037E-12	8.93504639426468E-02	7.84147365484375E-12	4.22261163906088E-11	1E10	4.78163712610088E-11	7.33205640027792E-12	10.9961037297212	3.05991322701607E-12	2.33044700791696E-10	3715.20673216461	1E10	1E-30	1E-10	1E10	1E-30	1E-10	1E10	1E-30	1E-10	1E10	1E-30	1E-10	1E10	1E-30	1E-10	1E10	1E-30	1E-10	1E10	1E-30	1E-10	1E10	1E-30	1E-10	1E10	1E-30	1E-10	1E10	1E-30	1E-10	1E10	1E-30	1E-10
37	5E-12	1E10	1E10	1E-30	1.02999999999999E-10	1E10	1E-30	1E10	0.04	1E-30	4.54032381363338E-12	0.342332350507906	5.10130158444424E-12	6.53805606655539E-11	239.991455660615	3.12463632731139E-12	2.27683087155002E-10	1959.05805471449	1E10	1E-30	1E-10	1E10	1E-30	1E-10	1E10	1E-30	1E-10	1E10	1E-30	1E-10	1E10	1E-30	1E-10	1E10	1E-30	1E-10	1E10	1E-30	1E-10	1E10	1E-30	1E-10	1E10	1E-30	1E-10	1E10	1E-30	1E-10	1E10	1E-30	1E-10	1E10	1E-30	1E-10
38	5E-12	1E10	1E10	1E-30	1.02999999999999E-10	1E10	1E-30	1E10	0.04	1E-30	4.54032381363338E-12	0.342332350507906	5.10130158444424E-12	6.53805606655539E-11	239.991455660615	3.12463632731139E-12	2.27683087155002E-10	1959.05805471449	1E10	1E-30	1E-10	1E10	1E-30	1E-10	1E10	1E-30	1E-10	1E10	1E-30	1E-10	1E10	1E-30	1E-10	1E10	1E-30	1E-10	1E10	1E-30	1E-10	1E10	1E-30	1E-10	1E10	1E-30	1E-10	1E10	1E-30	1E-10	1E10	1E-30	1E-10	1E10	1E-30	1E-10
39	5.1E-12	1E10	1E10	1E-30	1.26E-10	1E10	1E-30	1E10	0.04	1E-30	4.13855223287514E-12	0.146268509527104	3.91139349451405E-11	8.52109018721829E-12	1E10	7.36826352921981E-12	4.78077722949031E-11	216.000611895523	3.21808528013173E-12	2.21367110240054E-10	4943.56660000582	1E10	1E-30	1E-10	1E10	1E-30	1E-10	1E10	1E-30	1E-10	1E10	1E-30	1E-10	1E10	1E-30	1E-10	1E10	1E-30	1E-10	1E10	1E-30	1E-10	1E10	1E-30	1E-10	1E10	1E-30	1E-10	1E10	1E-30	1E-10	1E10	1E-30	1E-10
40	5.1E-12	1E10	1E10	1E-30	1.26E-10	1E10	1E-30	1E10	0.04	1E-30	4.13855223287514E-12	0.146268509527104	3.91139349451405E-11	8.52109018721829E-12	1E10	7.36826352921981E-12	4.78077722949031E-11	216.000611895523	3.21808528013173E-12	2.21367110240054E-10	4943.56660000582	1E10	1E-30	1E-10	1E10	1E-30	1E-10	1E10	1E-30	1E-10	1E10	1E-30	1E-10	1E10	1E-30	1E-10	1E10	1E-30	1E-10	1E10	1E-30	1E-10	1E10	1E-30	1E-10	1E10	1E-30	1E-10	1E10	1E-30	1E-10	1E10	1E-30	1E-10
41	5.59999999999999E-12	1E10	1E10	1E-30	8.5E-11	1E10	1E-30	1E10	0.035	1E-30	1.63367924504478E-12	8.37215362811753E-02	7.33701637952353E-11	4.37843671614831E-12	1E10	5.17021452926129E-12	7.242022774853E-11	2197.85282813143	3.43445990213882E-12	2.27881959642927E-10	2894.24984666149	1E10	1E-30	1E-10	1E10	1E-30	1E-10	1E10	1E-30	1E-10	1E10	1E-30	1E-10	1E10	1E-30	1E-10	1E10	1E-30	1E-10	1E10	1E-30	1E-10	1E10	1E-30	1E-10	1E10	1E-30	1E-10	1E10	1E-30	1E-10	1E10	1E-30	1E-10
42	5.59999999999999E-12	1E10	1E10	1E-30	8.5E-11	1E10	1E-30	1E10	0.035	1E-30	1.63367924504478E-12	8.37215362811753E-02	7.33701637952353E-11	4.37843671614831E-12	1E10	5.17021452926129E-12	7.242022774853E-11	2197.85282813143	3.43445990213882E-12	2.27881959642927E-10	2894.24984666149	1E10	1E-30	1E-10	1E10	1E-30	1E-10	1E10	1E-30	1E-10	1E10	1E-30	1E-10	1E10	1E-30	1E-10	1E10	1E-30	1E-10	1E10	1E-30	1E-10	1E10	1E-30	1E-10	1E10	1E-30	1E-10	1E10	1E-30	1E-10	1E10	1E-30	1E-10
43	6E-12	1E10	1E10	1E-30	8.5E-11	1E10	1E-30	1E10	0.035	4.95805940194048E-12	8.19642121793192E-11	457.556258579189	3.4761438180916E-12	2.36568306463535E-10	1269.73741200559	1E10	1E-30	1E-10	1E10	1E-30	1E-10	1E10	1E-30	1E-10	1E10	1E-30	1E-10	1E10	1E-30	1E-10	1E10	1E-30	1E-10	1E10	1E-30	1E-10	1E10	1E-30	1E-10	1E10	1E-30	1E-10	1E10	1E-30	1E-10	1E10	1E-30	1E-10	1E10	1E-30	1E-10	1E10	1E-30	1E-10
44	6E-12	1E10	1E10	1E-30	8.5E-11	1E10	1E-30	1E10	0.035	4.95805940194048E-12	8.19642121793192E-11	457.556258579189	3.4761438180916E-12	2.36568306463535E-10	1269.73741200559	1E10	1E-30	1E-10	1E10	1E-30	1E-10	1E10	1E-30	1E-10	1E10	1E-30	1E-10	1E10	1E-30	1E-10	1E10	1E-30	1E-10	1E10	1E-30	1E-10	1E10	1E-30	1E-10	1E10	1E-30	1E-10	1E10	1E-30	1E-10	1E10	1E-30	1E-10	1E10	1E-30	1E-10	1E10	1E-30	1E-10
45	6.2E-12	1E10	1E10	1E-30	6.9E-11	1E10	1E-30	1E10	0.035	4.59598387038217E-12	8.87583729421855E-11	313.707825052814	3.40298516679345E-12	2.43405251868314E-10	752.22188526724	1E10	1E-30	1E-10	1E10	1E-30	1E-10	1E10	1E-30	1E-10	1E10	1E-30	1E-10	1E10	1E-30	1E-10	1E10	1E-30	1E-10	1E10	1E-30	1E-10	1E10	1E-30	1E-10	1E10	1E-30	1E-10	1E10	1E-30	1E-10	1E10	1E-30	1E-10	1E10	1E-30	1E-10	1E10	1E-30	1E-10
46	6.2E-12	1E10	1E10	1E-30	6.9E-11	1E10	1E-30	1E10	0.035	4.59598387038217E-12	8.87583729421855E-11	313.707825052814	3.40298516679345E-12	2.43405251868314E-10	752.22188526724	1E10	1E-30	1E-10	1E10	1E-30	1E-10	1E10	1E-30	1E-10	1E10	1E-30	1E-10	1E10	1E-30	1E-10	1E10	1E-30	1E-10	1E10	1E-30	1E-10	1E10	1E-30	1E-10	1E10	1E-30	1E-10	1E10	1E-30	1E-10	1E10	1E-30	1E-10	1E10	1E-30	1E-10	1E10	1E-30	1E-10
47	6.79999999999999E-12	1E10	1E10	1E-30	3.5E-11	1E10	1E-30	1E10	0.035	1E-30	3.09351980939949E-12	0.129581054759252	3.1186744880125E-12	1.34532799050204E-10	2833.51710285664	3.7423128031648E-12	2.27880505054849E-10	2360.74188049649	1E10	1E-30	1E-10	1E10	1E-30	1E-10	1E10	1E-30	1E-10	1E10	1E-30	1E-10	1E10	1E-30	1E-10	1E10	1E-30	1E-10	1E10	1E-30	1E-10	1E10	1E-30	1E-10	1E10	1E-30	1E-10	1E10	1E-30	1E-10	1E10	1E-30	1E-10	1E10	1E-30	1E-10
48	6.79999999999999E-12	1E10	1E10	1E-30	3.5E-11	1E10	1E-30	1E10	0.035	1E-30	3.09351980939949E-12	0.129581054759252	3.1186744880125E-12	1.34532799050204E-10	2833.51710285664	3.7423128031648E-12	2.27880505054849E-10	2360.74188049649	1E10	1E-30	1E-10	1E10	1E-30	1E-10	1E10	1E-30	1E-10	1E10	1E-30	1E-10	1E10	1E-30	1E-10	1E10	1E-30	1E-10	1E10	1E-30	1E-10	1E10	1E-30	1E-10	1E10	1E-30	1E-10	1E10	1E-30	1E-10	1E10	1E-30	1E-10	1E10	1E-30	1E-10
49	7E-12	1E10	1E10	1E-30	5.3E-11	1E10	1E-30	1E10	0.035	3.98477227215426E-12	1.11517455952492E-10	664.354618463943	3.73027735777685E-12	2.34429225240643E-10	1064.65726457545	1E10	1E-30	1E-10	1E10	1E-30	1E-10	1E10	1E-30	1E-10	1E10	1E-30	1E-10	1E10	1E-30	1E-10	1E10	1E-30	1E-10	1E10	1E-30	1E-10	1E10	1E-30	1E-10	1E10	1E-30	1E-10	1E10	1E-30	1E-10	1E10	1E-30	1E-10	1E10	1E-30	1E-10	1E10	1E-30	1E-10
50	7E-12	1E10	1E10	1E-30	5.3E-11	1E10	1E-30	1E10	0.035	3.98477227215426E-12	1.11517455952492E-10	664.354618463943	3.73027735777685E-12	2.34429225240643E-10	1064.65726457545	1E10	1E-30	1E-10	1E10	1E-30	1E-10	1E10	1E-30	1E-10	1E10	1E-30	1E-10	1E10	1E-30	1E-10	1E10	1E-30	1E-10	1E10	1E-30	1E-10	1E10	1E-30	1E-10	1E10	1E-30	1E-10	1E10	1E-30	1E-10	1E10	1E-30	1E-10	1E10	1E-30	1E-10	1E10	1E-30	1E-10
51	7.5E-12	1E10	1E10	1E-30	2.8E-11	1E10	1E-30	1E10	0.035	2.60140340407515E-12	1.66061502703763E-10	815.738883314933	4.3086330056913E-12	2.12566302226505E-10	511.274340712277	1E10	1E-30	1E-10	1E10	1E-30	1E-10	1E10	1E-30	1E-10	1E10	1E-30	1E-10	1E10	1E-30	1E-10	1E10	1E-30	1E-10	1E10	1E-30	1E-10	1E10	1E-30	1E-10	1E10	1E-30	1E-10	1E10	1E-30	1E-10	1E10	1E-30	1E-10	1E10	1E-30	1E-10	1E10	1E-30	1E-10
52	7.5E-12	1E10	1E10	1E-30	2.8E-11	1E10	1E-30	1E10	0.035	2.60140340407515E-12	1.66061502703763E-10	815.738883314933	4.3086330056913E-12	2.12566302226505E-10	511.274340712277	1E10	1E-30	1E-10	1E10	1E-30	1E-10	1E10	1E-30	1E-10	1E10	1E-30	1E-10	1E10	1E-30	1E-10	1E10	1E-30	1E-10	1E10	1E-30	1E-10	1E10	1E-30	1E-10	1E10	1E-30	1E-10	1E10	1E-30	1E-10	1E10	1E-30	1E-10	1E10	1E-30	1E-10	1E10	1E-30	1E-10
53	8E-12	1E10	1E10	1E-30	9E-12	1E10	1E-30	1E10	0.03	2.14670936790485E-12	1.98551676565084E-10	1951.02701777939	4.71289126571434E-12	2.01478095312983E-10	544.679490026492	1E10	1E-30	1E-10	1E10	1E-30	1E-10	1E10	1E-30	1E-10	1E10	1E-30	1E-10	1E10	1E-30	1E-10	1E10	1E-30	1E-10	1E10	1E-30	1E-10	1E10	1E-30	1E-10	1E10	1E-30	1E-10	1E10	1E-30	1E-10	1E10	1E-30	1E-10	1E10	1E-30	1E-10	1E10	1E-30	1E-10
54	8E-12	1E10	1E10	1E-30	9E-12	1E10	1E-30	1E10	0.03	2.14670936790485E-12	1.98551676565084E-10	1951.02701777939	4.71289126571434E-12	2.01478095312983E-10	544.679490026492	1E10	1E-30	1E-10	1E10	1E-30	1E-10	1E10	1E-30	1E-10	1E10	1E-30	1E-10	1E10	1E-30	1E-10	1E10	1E-30	1E-10	1E10	1E-30	1E-10	1E10	1E-30	1E-10	1E10	1E-30	1E-10	1E10	1E-30	1E-10	1E10	1E-30	1E-10	1E10	1E-30	1E-10	1E10	1E-30	1E-10
55	8.2E-12	1E10	1E10	1E-30	5.2E-11	1E10	1E-30	1E10	0.03	2.34013174951337E-12	1.87648197906922E-10	1131.27528474864	5.17481201750765E-12	1.85132020350401E-10	364.637783393632	1E10	1E-30	1E-10	1E10	1E-30	1E-10	1E10	1E-30	1E-10	1E10	1E-30	1E-10	1E10	1E-30	1E-10	1E10	1E-30	1E-10	1E10	1E-30	1E-10	1E10	1E-30	1E-10	1E10	1E-30	1E-10	1E10	1E-30	1E-10	1E10	1E-30	1E-10	1E10	1E-30	1E-10	1E10	1E-30	1E-10
56	8.2E-12	1E10	1E10	1E-30	5.2E-11	1E10	1E-30	1E10	0.03	2.34013174951337E-12	1.87648197906922E-10	1131.27528474864	5.17481201750765E-12	1.85132020350401E-10	364.637783393632	1E10	1E-30	1E-10	1E10	1E-30	1E-10	1E10	1E-30	1E-10	1E10	1E-30	1E-10	1E10	1E-30	1E-10	1E10	1E-30	1E-10	1E10	1E-30	1E-10	1E10	1E-30	1E-10	1E10	1E-30	1E-10	1E10	1E-30	1E-10	1E10	1E-30	1E-10	1E10	1E-30	1E-10	1E10	1E-30	1E-10
57	9E-12	1E10	1E10	1E-30	1.5E-11	1E10	1E-30	1E10	0.03	1E-30	4.51186048111146E-12	0.340186265795565	1.87585414774921E-12	2.3213129948194E-10	2017.31003081401	5.82724559092496E-12	1.76982912722665E-10	440.519482336102	1E10	1E-30	1E-10	1E10	1E-30	1E-10	1E10	1E-30	1E-10	1E10	1E-30	1E-10	1E10	1E-30	1E-10	1E10	1E-30	1E-10	1E10	1E-30	1E-10	1E10	1E-30	1E-10	1E10	1E-30	1E-10	1E10	1E-30	1E-10	1E10	1E-30	1E-10	1E10	1E-30	1E-10
58	9E-12	1E10	1E10	1E-30	1.5E-11	1E10	1E-30	1E10	0.03	1E-30	4.51186048111146E-12	0.340186265795565	1.87585414774921E-12	2.3213129948194E-10	2017.31003081401	5.82724559092496E-12	1.76982912722665E-10	440.519482336102	1E10	1E-30	1E-10	1E10	1E-30	1E-10	1E10	1E-30	1E-10	1E10	1E-30	1E-10	1E10	1E-30	1E-10	1E10	1E-30	1E-10	1E10	1E-30	1E-10	1E10	1E-30	1E-10	1E10	1E-30	1E-10	1E10	1E-30	1E-10	1E10	1E-30	1E-10	1E10	1E-30	1E-10
59	9.1E-12	1E10	1E10	1E-30	4E-11	1E10	1E-30	1E10	0.03	1.94600001523018E-12	2.26787933419034E-10	2271.8245667221	6.12338023323463E-12	1.67005434283667E-10	419.215386499621	1E10	1E-30	1E-10	1E10	1E-30	1E-10	1E10	1E-30	1E-10	1E10	1E-30	1E-10	1E10	1E-30	1E-10	1E10	1E-30	1E-10	1E10	1E-30	1E-10	1E10	1E-30	1E-10	1E10	1E-30	1E-10	1E10	1E-30	1E-10	1E10	1E-30	1E-10	1E10	1E-30	1E-10	1E10	1E-30	1E-10
60	9.1E-12	1E10	1E10	1E-30	4E-11	1E10	1E-30	1E10	0.03	1.94600001523018E-12	2.26787933419034E-10	2271.8245667221	6.12338023323463E-12	1.67005434283667E-10	419.215386499621	1E10	1E-30	1E-10	1E10	1E-30	1E-10	1E10	1E-30	1E-10	1E10	1E-30	1E-10	1E10	1E-30	1E-10	1E10	1E-30	1E-10	1E10	1E-30	1E-10	1E10	1E-30	1E-10	1E10	1E-30	1E-10	1E10	1E-30	1E-10	1E10	1E-30	1E-10	1E10	1E-30	1E-10	1E10	1E-30	1E-10
61	1E-11	1E10	1E10	1E-30	7.35696729786978E-12	1E10	1E-30	1E10	2.98874375994718E-02	6.4232242968139E-12	1.72350676935853E-10	340.616422770771	2.33208194131397E-12	2.13262398311509E-10	886.701896664125	2.37669516247318E-11	1.25800151405973E-11	8.79926214238395	1E10	1E-30	1E-10	1E10	1E-30	1E-10	1E10	1E-30	1E-10	1E10	1E-30	1E-10	1E10	1E-30	1E-10	1E10	1E-30	1E-10	1E10	1E-30	1E-10	1E10	1E-30	1E-10	1E10	1E-30	1E-10	1E10	1E-30	1E-10	1E10	1E-30	1E-10	1E10	1E-30	1E-10
62	1E-11	1E10	1E10	1E-30	7.35696729786978E-12	1E10	1E-30	1E10	2.98874375994718E-02	6.4232242968139E-12	1.72350676935853E-10	340.616422770771	2.33208194131397E-12	2.13262398311509E-10	886.701896664125	2.37669516247318E-11	1.25800151405973E-11	8.79926214238395	1E10	1E-30	1E-10	1E10	1E-30	1E-10	1E10	1E-30	1E-10	1E10	1E-30	1E-10	1E10	1E-30	1E-10	1E10	1E-30	1E-10	1E10	1E-30	1E-10	1E10	1E-30	1E-10	1E10	1E-30	1E-10	1E10	1E-30	1E-10	1E10	1E-30	1E-10	1E10	1E-30	1E-10
63	1.1E-11	1E10	1E10	1E-30	1.19154225766225E-10	1E10	1E-30	1E10	2.94826796228282E-02	1E-30	1.70601071970944E-13	4.20589975301806E-03	7.39641851370276E-12	1.70410279896355E-10	408.811002486403	5.03795311068729E-12	1.29142288219876E-10	355.533228527217	1.55304545197216E-10	2.1252144152747E-12	2.90348409269878	1.96938029446832E-10	8.5300339676012E-14	1.85581152363001	1E10	1E-30	1E-10	1E10	1E-30	1E-10	1E10	1E-30	1E-10	1E10	1E-30	1E-10	1E10	1E-30	1E-10	1E10	1E-30	1E-10	1E10	1E-30	1E-10	1E10	1E-30	1E-10	1E10	1E-30	1E-10	1E10	1E-30	1E-10
64	1.1E-11	1E10	1E10	1E-30	1.19154225766225E-10	1E10	1E-30	1E10	2.94826796228282E-02	1E-30	1.70601071970944E-13	4.20589975301806E-03	7.39641851370276E-12	1.70410279896355E-10	408.811002486403	5.03795311068729E-12	1.29142288219876E-10	355.533228527217	1.55304545197216E-10	2.1252144152747E-12	2.90348409269878	1.96938029446832E-10	8.5300339676012E-14	1.85581152363001	1E10	1E-30	1E-10	1E10	1E-30	1E-10	1E10	1E-30	1E-10	1E10	1E-30	1E-10	1E10	1E-30	1E-10	1E10	1E-30	1E-10	1E10	1E-30	1E-10	1E10	1E-30	1E-10	1E10	1E-30	1E-10	1E10	1E-30	1E-10
65	1.2E-11	1E10	1E10	1E-30	4.13479467742499E-11	1E10	1E-30	1E10	2.93545608381958E-02	8.31E-12	1.53999999999999E-10	325	2.51046342053314E-12	2.05599394263234E-10	1009.90949480076	8.57E-12	3.77213567288942E-11	218	1E10	1E-30	1E-10	1E10	1E-30	1E-10	1E10	1E-30	1E-10	1E10	1E-30	1E-10	1E10	1E-30	1E-10	1E10	1E-30	1E-10	1E10	1E-30	1E-10	1E10	1E-30	1E-10	1E10	1E-30	1E-10	1E10	1E-30	1E-10	1E10	1E-30	1E-10	1E10	1E-30	1E-10
66	1.2E-11	1E10	1E10	1E-30	4.13479467742499E-11	1E10	1E-30	1E10	2.93545608381958E-02	8.31E-12	1.53999999999999E-10	325	2.51046342053314E-12	2.05599394263234E-10	1009.90949480076	8.57E-12	3.77213567288942E-11	218	1E10	1E-30	1E-10	1E10	1E-30	1E-10	1E10	1E-30	1E-10	1E10	1E-30	1E-10	1E10	1E-30	1E-10	1E10	1E-30	1E-10	1E10	1E-30	1E-10	1E10	1E-30	1E-10	1E10	1E-30	1E-10	1E10	1E-30	1E-10	1E10	1E-30	1E-10	1E10	1E-30	1E-10
67	1.3E-11	1E10	1E10	1E-30	6.5951969098865E-11	1E10	1E-30	1E10	2.92984145930705E-02	8.97416098268148E-12	1.61071582449968E-10	408.332530799431	4.05157176086312E-12	1.6851424858797E-10	419.941371014584	1.91811906941779E-11	1.94063219851008E-11	73.9549326333954	1E10	1E-30	1E-10	1E10	1E-30	1E-10	1E10	1E-30	1E-10	1E10	1E-30	1E-10	1E10	1E-30	1E-10	1E10	1E-30	1E-10	1E10	1E-30	1E-10	1E10	1E-30	1E-10	1E10	1E-30	1E-10	1E10	1E-30	1E-10	1E10	1E-30	1E-10	1E10	1E-30	1E-10
68	1.3E-11	1E10	1E10	1E-30	6.5951969098865E-11	1E10	1E-30	1E10	2.92984145930705E-02	8.97416098268148E-12	1.61071582449968E-10	408.332530799431	4.05157176086312E-12	1.6851424858797E-10	419.941371014584	1.91811906941779E-11	1.94063219851008E-11	73.9549326333954	1E10	1E-30	1E-10	1E10	1E-30	1E-10	1E10	1E-30	1E-10	1E10	1E-30	1E-10	1E10	1E-30	1E-10	1E10	1E-30	1E-10	1E10	1E-30	1E-10	1E10	1E-30	1E-10	1E10	1E-30	1E-10	1E10	1E-30	1E-10	1E10	1E-30	1E-10	1E10	1E-30	1E-10
69	1.5E-11	1E10	1E10	1E-30	7.25305536019142E-11	1E10	1E-30	1E10	0.030229999363391	1.25578238106617E-11	1.30847790824419E-10	258.894931414607	4.00334934874675E-12	1.73161737456267E-10	389.848014356449	6.06135448646716E-12	6.49192434951288E-11	181.362223971123	1E10	1E-30	1E-10	1E10	1E-30	1E-10	1E10	1E-30	1E-10	1E10	1E-30	1E-10	1E10	1E-30	1E-10	1E10	1E-30	1E-10	1E10	1E-30	1E-10	1E10	1E-30	1E-10	1E10	1E-30	1E-10	1E10	1E-30	1E-10	1E10	1E-30	1E-10	1E10	1E-30	1E-10
70	1.5E-11	1E10	1E10	1E-30	7.25305536019142E-11	1E10	1E-30	1E10	0.030229999363391	1.25578238106617E-11	1.30847790824419E-10	258.894931414607	4.00334934874675E-12	1.73161737456267E-10	389.848014356449	6.06135448646716E-12	6.49192434951288E-11	181.362223971123	1E10	1E-30	1E-10	1E10	1E-30	1E-10	1E10	1E-30	1E-10	1E10	1E-30	1E-10	1E10	1E-30	1E-10	1E10	1E-30	1E-10	1E10	1E-30	1E-10	1E10	1E-30	1E-10	1E10	1E-30	1E-10	1E10	1E-30	1E-10	1E10	1E-30	1E-10	1E10	1E-30	1E-10
71	1.6E-11	1E10	1E10	1E-30	9.88290997854339E-11	1E10	1E-30	1E10	0.028863629590691	1.23244665479177E-11	1.40814670341214E-10	241.605935030067	4.81715934693318E-12	1.58434052488259E-10	281.021479878866	1.18154258867643E-11	3.73530516182698E-11	70.4437027074597	1E10	1E-30	1E-10	1E10	1E-30	1E-10	1E10	1E-30	1E-10	1E10	1E-30	1E-10	1E10	1E-30	1E-10	1E10	1E-30	1E-10	1E10	1E-30	1E-10	1E10	1E-30	1E-10	1E10	1E-30	1E-10	1E10	1E-30	1E-10	1E10	1E-30	1E-10	1E10	1E-30	1E-10
72	1.6E-11	1E10	1E10	1E-30	9.88290997854339E-11	1E10	1E-30	1E10	0.028863629590691	1.23244665479177E-11	1.40814670341214E-10	241.605935030067	4.81715934693318E-12	1.58434052488259E-10	281.021479878866	1.18154258867643E-11	3.73530516182698E-11	70.4437027074597	1E10	1E-30	1E-10	1E10	1E-30	1E-10	1E10	1E-30	1E-10	1E10	1E-30	1E-10	1E10	1E-30	1E-10	1E10	1E-30	1E-10	1E10	1E-30	1E-10	1E10	1E-30	1E-10	1E10	1E-30	1E-10	1E10	1E-30	1E-10	1E10	1E-30	1E-10	1E10	1E-30	1E-10
73	1.8E-11	1E10	1E10	1E-30	3.28521332738443E-11	1E10	1E-30	1E10	0.031	1.6059034100609E-11	1.17765464184569E-10	220.739245093453	4.16504520216382E-12	1.78575650831104E-10	379.220388565733	3.61140342182935E-12	1.16166168181904E-10	449.949290743509	1E10	1E-30	1E-10	1E10	1E-30	1E-10	1E10	1E-30	1E-10	1E10	1E-30	1E-10	1E10	1E-30	1E-10	1E10	1E-30	1E-10	1E10	1E-30	1E-10	1E10	1E-30	1E-10	1E10	1E-30	1E-10	1E10	1E-30	1E-10	1E10	1E-30	1E-10	1E10	1E-30	1E-10
74	1.8E-11	1E10	1E10	1E-30	3.28521332738443E-11	1E10	1E-30	1E10	0.031	1.6059034100609E-11	1.17765464184569E-10	220.739245093453	4.16504520216382E-12	1.78575650831104E-10	379.220388565733	3.61140342182935E-12	1.16166168181904E-10	449.949290743509	1E10	1E-30	1E-10	1E10	1E-30	1E-10	1E10	1E-30	1E-10	1E10	1E-30	1E-10	1E10	1E-30	1E-10	1E10	1E-30	1E-10	1E10	1E-30	1E-10	1E10	1E-30	1E-10	1E10	1E-30	1E-10	1E10	1E-30	1E-10	1E10	1E-30	1E-10	1E10	1E-30	1E-10
75	2E-11	1E10	1E10	1E-30	3.88902155518538E-11	1E10	1E-30	1E10	2.78242927908495E-02	2.08433662136606E-11	1.02037884358065E-10	227.135688961703	6.41881583889759E-12	1.33930867663603E-10	346.630430716129	3.85602094654531E-12	1.29383783039115E-10	417.183368929836	8.23913551115312E-12	4.43176227896764E-11	300.814957470986	1E10	1E-30	1E-10	1E10	1E-30	1E-10	1E10	1E-30	1E-10	1E10	1E-30	1E-10	1E10	1E-30	1E-10	1E10	1E-30	1E-10	1E10	1E-30	1E-10	1E10	1E-30	1E-10	1E10	1E-30	1E-10	1E10	1E-30	1E-10	1E10	1E-30	1E-10
76	2E-11	1E10	1E10	1E-30	3.88902155518538E-11	1E10	1E-30	1E10	2.78242927908495E-02	2.08433662136606E-11	1.02037884358065E-10	227.135688961703	6.41881583889759E-12	1.33930867663603E-10	346.630430716129	3.85602094654531E-12	1.29383783039115E-10	417.183368929836	8.23913551115312E-12	4.43176227896764E-11	300.814957470986	1E10	1E-30	1E-10	1E10	1E-30	1E-10	1E10	1E-30	1E-10	1E10	1E-30	1E-10	1E10	1E-30	1E-10	1E10	1E-30	1E-10	1E10	1E-30	1E-10	1E10	1E-30	1E-10	1E10	1E-30	1E-10	1E10	1E-30	1E-10	1E10	1E-30	1E-10
77	2.19999999999999E-11	1E10	1E10	1E-30	1.99999999999999E-13	1E10	1E-30	1E10	0.03	2.80140242657439E-11	8.06196413340912E-11	117.635040709079	6.48207713897194E-12	1.33767038013667E-10	483.17567214015	2.90928770173171E-12	1.56551979178153E-10	510.85383610094	3.57920580474905E-12	8.80356474322149E-11	345.379581501531	1E10	1E-30	1E-10	1E10	1E-30	1E-10	1E10	1E-30	1E-10	1E10	1E-30	1E-10	1E10	1E-30	1E-10	1E10	1E-30	1E-10	1E10	1E-30	1E-10	1E10	1E-30	1E-10	1E10	1E-30	1E-10	1E10	1E-30	1E-10	1E10	1E-30	1E-10
78	2.19999999999999E-11	1E10	1E10	1E-30	1.99999999999999E-13	1E10	1E-30	1E10	0.03	2.80140242657439E-11	8.06196413340912E-11	117.635040709079	6.48207713897194E-12	1.33767038013667E-10	483.17567214015	2.90928770173171E-12	1.56551979178153E-10	510.85383610094	3.57920580474905E-12	8.80356474322149E-11	345.379581501531	1E10	1E-30	1E-10	1E10	1E-30	1E-10	1E10	1E-30	1E-10	1E10	1E-30	1E-10	1E10	1E-30	1E-10	1E10	1E-30	1E-10	1E10	1E-30	1E-10	1E10	1E-30	1E-10	1E10	1E-30	1E-10	1E10	1E-30	1E-10	1E10	1E-30	1E-10
79	2.4E-11	1E10	1E10	1E-30	7.04857749092671E-11	1E10	1E-30	1E10	0.030240599176976	2.65043185505558E-11	9.35863139079385E-11	171.465294891476	7.37147981577562E-12	1.38587681164617E-10	358.653592640647	5.42268892944508E-12	1.16257118858777E-10	339.439426039016	2.93231513771161E-11	1.53771814803069E-11	34.8335669581651	4.04219478368863E-11	7.47070505714752E-12	34.148542858315	1E10	1E-30	1E-10	1E10	1E-30	1E-10	1E10	1E-30	1E-10	1E10	1E-30	1E-10	1E10	1E-30	1E-10	1E10	1E-30	1E-10	1E10	1E-30	1E-10	1E10	1E-30	1E-10	1E10	1E-30	1E-10	1E10	1E-30	1E-10
80	2.4E-11	1E10	1E10	1E-30	7.04857749092671E-11	1E10	1E-30	1E10	0.030240599176976	2.65043185505558E-11	9.35863139079385E-11	171.465294891476	7.37147981577562E-12	1.38587681164617E-10	358.653592640647	5.42268892944508E-12	1.16257118858777E-10	339.439426039016	2.93231513771161E-11	1.53771814803069E-11	34.8335669581651	4.04219478368863E-11	7.47070505714752E-12	34.148542858315	1E10	1E-30	1E-10	1E10	1E-30	1E-10	1E10	1E-30	1E-10	1E10	1E-30	1E-10	1E10	1E-30	1E-10	1E10	1E-30	1E-10	1E10	1E-30	1E-10	1E10	1E-30	1E-10	1E10	1E-30	1E-10	1E10	1E-30	1E-10
81	2.7E-11	1E10	1E10	1E-30	9.72400384961709E-12	1E10	1E-30	1E10	0.029095828509722	3.71385083406954E-11	7.38596930219961E-11	133.421198164502	9.44798768610425E-12	1.0714815065734E-10	247.485843364093	3.72655859188644E-12	1.42072530511574E-10	419.751097572778	2.70851879447273E-12	1.39085131354341E-10	923.391117575838	1E10	1E-30	1E-10	1E10	1E-30	1E-10	1E10	1E-30	1E-10	1E10	1E-30	1E-10	1E10	1E-30	1E-10	1E10	1E-30	1E-10	1E10	1E-30	1E-10	1E10	1E-30	1E-10	1E10	1E-30	1E-10	1E10	1E-30	1E-10	1E10	1E-30	1E-10
82	2.7E-11	1E10	1E10	1E-30	9.72400384961709E-12	1E10	1E-30	1E10	0.029095828509722	3.71385083406954E-11	7.38596930219961E-11	133.421198164502	9.44798768610425E-12	1.0714815065734E-10	247.485843364093	3.72655859188644E-12	1.42072530511574E-10	419.751097572778	2.70851879447273E-12	1.39085131354341E-10	923.391117575838	1E10	1E-30	1E-10	1E10	1E-30	1E-10	1E10	1E-30	1E-10	1E10	1E-30	1E-10	1E10	1E-30	1E-10	1E10	1E-30	1E-10	1E10	1E-30	1E-10	1E10	1E-30	1E-10	1E10	1E-30	1E-10	1E10	1E-30	1E-10	1E10	1E-30	1E-10
83	3E-11	1E10	1E10	1E-30	5.48959229291534E-11	1E10	1E-30	1E10	2.89990067434366E-02	3.16789791138948E-11	9.59187628891505E-11	138.241585960917	9.54646720424648E-12	1.23253686116631E-10	277.744191873795	4.9099859357999E-12	1.38612923295064E-10	372.475204700559	1.56515136020282E-11	3.2449665191201E-11	96.1672810915507	5.98347405418656E-11	6.20721111053012E-12	21.3192280469588	1E10	1E-30	1E-10	1E10	1E-30	1E-10	1E10	1E-30	1E-10	1E10	1E-30	1E-10	1E10	1E-30	1E-10	1E10	1E-30	1E-10	1E10	1E-30	1E-10	1E10	1E-30	1E-10	1E10	1E-30	1E-10	1E10	1E-30	1E-10
84	3E-11	1E10	1E10	1E-30	5.48959229291534E-11	1E10	1E-30	1E10	2.89990067434366E-02	3.16789791138948E-11	9.59187628891505E-11	138.241585960917	9.54646720424648E-12	1.23253686116631E-10	277.744191873795	4.9099859357999E-12	1.38612923295064E-10	372.475204700559	1.56515136020282E-11	3.2449665191201E-11	96.1672810915507	5.98347405418656E-11	6.20721111053012E-12	21.3192280469588	1E10	1E-30	1E-10	1E10	1E-30	1E-10	1E10	1E-30	1E-10	1E10	1E-30	1E-10	1E10	1E-30	1E-10	1E10	1E-30	1E-10	1E10	1E-30	1E-10	1E10	1E-30	1E-10	1E10	1E-30	1E-10	1E10	1E-30	1E-10
85	3.3E-11	1E10	1E10	1E-30	8E-11	1E10	1E-30	1E10	2.99077308888109E-02	4.71725014586502E-11	6.94839090729033E-11	84.3473094337623	1.32935569525608E-11	8.88904929024226E-11	199.538949156413	4.33267646395439E-12	1.40321119459699E-10	333.942109699252	7.08864417320521E-12	6.41258661615817E-11	249.467770333436	1.41883082688857E-11	2.20651785615432E-11	18.6955508337939	1E10	1E-30	1E-10	1E10	1E-30	1E-10	1E10	1E-30	1E-10	1E10	1E-30	1E-10	1E10	1E-30	1E-10	1E10	1E-30	1E-10	1E10	1E-30	1E-10	1E10	1E-30	1E-10	1E10	1E-30	1E-10	1E10	1E-30	1E-10
86	3.3E-11	1E10	1E10	1E-30	8E-11	1E10	1E-30	1E10	2.99077308888109E-02	4.71725014586502E-11	6.94839090729033E-11	84.3473094337623	1.32935569525608E-11	8.88904929024226E-11	199.538949156413	4.33267646395439E-12	1.40321119459699E-10	333.942109699252	7.08864417320521E-12	6.41258661615817E-11	249.467770333436	1.41883082688857E-11	2.20651785615432E-11	18.6955508337939	1E10	1E-30	1E-10	1E10	1E-30	1E-10	1E10	1E-30	1E-10	1E10	1E-30	1E-10	1E10	1E-30	1E-10	1E10	1E-30	1E-10	1E10	1E-30	1E-10	1E10	1E-30	1E-10	1E10	1E-30	1E-10	1E10	1E-30	1E-10
87	3.6E-11	1E10	1E10	1E-30	4.12669094829298E-11	1E10	1E-30	1E10	3.00942244635996E-02	3.86014864383282E-11	9.54419617363491E-11	109.082228263371	1.28091440699623E-11	1.06705697948922E-10	193.322342841272	5.18953129362994E-12	1.41849318925992E-10	363.107212472824	9.41305203247965E-12	5.9205166121798E-11	171.942029954514	4.32748506700089E-11	8.91885796318419E-12	28.4189441103868	1E10	1E-30	1E-10	1E10	1E-30	1E-10	1E10	1E-30	1E-10	1E10	1E-30	1E-10	1E10	1E-30	1E-10	1E10	1E-30	1E-10	1E10	1E-30	1E-10	1E10	1E-30	1E-10	1E10	1E-30	1E-10	1E10	1E-30	1E-10
88	3.6E-11	1E10	1E10	1E-30	4.12669094829298E-11	1E10	1E-30	1E10	3.00942244635996E-02	3.86014864383282E-11	9.54419617363491E-11	109.082228263371	1.28091440699623E-11	1.06705697948922E-10	193.322342841272	5.18953129362994E-12	1.41849318925992E-10	363.107212472824	9.41305203247965E-12	5.9205166121798E-11	171.942029954514	4.32748506700089E-11	8.91885796318419E-12	28.4189441103868	1E10	1E-30	1E-10	1E10	1E-30	1E-10	1E10	1E-30	1E-10	1E10	1E-30	1E-10	1E10	1E-30	1E-10	1E10	1E-30	1E-10	1E10	1E-30	1E-10	1E10	1E-30	1E-10	1E10	1E-30	1E-10	1E10	1E-30	1E-10
89	3.9E-11	1E10	1E10	1E-30	5E-12	1E10	1E-30	1E10	0.025	4.15740297164263E-11	9.68643519614196E-11	127.751478093897	1.7635096445774E-11	8.32096732252873E-11	135.960288739095	1.34086876464733E-11	5.57545843205074E-11	121.396592496196	4.96935588011268E-12	1.05951510820242E-10	264.827475734004	4.35178713346639E-12	9.1397337786238E-11	211.908641938998	8.8116003528943E-12	3.85100044429797E-11	207.62182292628	1E10	1E-30	1E-10	1E10	1E-30	1E-10	1E10	1E-30	1E-10	1E10	1E-30	1E-10	1E10	1E-30	1E-10	1E10	1E-30	1E-10	1E10	1E-30	1E-10	1E10	1E-30	1E-10	1E10	1E-30	1E-10
90	3.9E-11	1E10	1E10	1E-30	5E-12	1E10	1E-30	1E10	0.025	4.15740297164263E-11	9.68643519614196E-11	127.751478093897	1.7635096445774E-11	8.32096732252873E-11	135.960288739095	1.34086876464733E-11	5.57545843205074E-11	121.396592496196	4.96935588011268E-12	1.05951510820242E-10	264.827475734004	4.35178713346639E-12	9.1397337786238E-11	211.908641938998	8.8116003528943E-12	3.85100044429797E-11	207.62182292628	1E10	1E-30	1E-10	1E10	1E-30	1E-10	1E10	1E-30	1E-10	1E10	1E-30	1E-10	1E10	1E-30	1E-10	1E10	1E-30	1E-10	1E10	1E-30	1E-10	1E10	1E-30	1E-10	1E10	1E-30	1E-10
91	4.3E-11	1E10	1E10	1E-30	5.27766475242914E-11	1E10	1E-30	1E10	2.68827456521537E-02	5.05229374970373E-11	8.63009578634224E-11	127.463081288493	1.86302842968047E-11	8.30869509569081E-11	174.949145799895	6.85612306169211E-12	1.14926775377617E-10	297.359051353989	6.07682183280318E-12	9.86449226429594E-11	314.293264932622	2.91430718552241E-11	1.44306996075453E-11	46.8666423272476	1E10	1E-30	1E-10	1E10	1E-30	1E-10	1E10	1E-30	1E-10	1E10	1E-30	1E-10	1E10	1E-30	1E-10	1E10	1E-30	1E-10	1E10	1E-30	1E-10	1E10	1E-30	1E-10	1E10	1E-30	1E-10	1E10	1E-30	1E-10
92	4.3E-11	1E10	1E10	1E-30	5.27766475242914E-11	1E10	1E-30	1E10	2.68827456521537E-02	5.05229374970373E-11	8.63009578634224E-11	127.463081288493	1.86302842968047E-11	8.30869509569081E-11	174.949145799895	6.85612306169211E-12	1.14926775377617E-10	297.359051353989	6.07682183280318E-12	9.86449226429594E-11	314.293264932622	2.91430718552241E-11	1.44306996075453E-11	46.8666423272476	1E10	1E-30	1E-10	1E10	1E-30	1E-10	1E10	1E-30	1E-10	1E10	1E-30	1E-10	1E10	1E-30	1E-10	1E10	1E-30	1E-10	1E10	1E-30	1E-10	1E10	1E-30	1E-10	1E10	1E-30	1E-10	1E10	1E-30	1E-10
93	4.7E-11	1E10	1E10	1E-30	1E-12	1E10	1E-30	1E10	0.025	6.74371383081445E-11	6.76894528442443E-11	131.167838436657	2.13811989308795E-11	7.53319360407449E-11	170.924502305989	1.23512807365634E-11	6.07800229662982E-11	138.116574531894	3.03514912464061E-12	1.60891406784606E-10	382.107184608404	2.06261917129859E-12	1.54294619252949E-10	123.706683823126	1E10	1E-30	1E-10	1E10	1E-30	1E-10	1E10	1E-30	1E-10	1E10	1E-30	1E-10	1E10	1E-30	1E-10	1E10	1E-30	1E-10	1E10	1E-30	1E-10	1E10	1E-30	1E-10	1E10	1E-30	1E-10	1E10	1E-30	1E-10
94	4.7E-11	1E10	1E10	1E-30	1E-12	1E10	1E-30	1E10	0.025	6.74371383081445E-11	6.76894528442443E-11	131.167838436657	2.13811989308795E-11	7.53319360407449E-11	170.924502305989	1.23512807365634E-11	6.07800229662982E-11	138.116574531894	3.03514912464061E-12	1.60891406784606E-10	382.107184608404	2.06261917129859E-12	1.54294619252949E-10	123.706683823126	1E10	1E-30	1E-10	1E10	1E-30	1E-10	1E10	1E-30	1E-10	1E10	1E-30	1E-10	1E10	1E-30	1E-10	1E10	1E-30	1E-10	1E10	1E-30	1E-10	1E10	1E-30	1E-10	1E10	1E-30	1E-10	1E10	1E-30	1E-10
95	5.1E-11	1E10	1E10	1E-30	3.95823746941081E-11	1E10	1E-30	1E10	2.92856740537265E-02	5.81675977709664E-11	8.75040254489258E-11	105.724449549116	2.26960692909065E-11	7.76623064180198E-11	134.426513163837	9.18077812379983E-12	9.44041934467978E-11	211.714695570822	4.8265902107763E-12	1.34310464516396E-10	375.954734475993	2.14951964901684E-11	2.13878635053148E-11	58.2484343978462	3.89456829560898E-10	8.74275134082196E-13	1.02812288735752	1E10	1E-30	1E-10	1E10	1E-30	1E-10	1E10	1E-30	1E-10	1E10	1E-30	1E-10	1E10	1E-30	1E-10	1E10	1E-30	1E-10	1E10	1E-30	1E-10	1E10	1E-30	1E-10	1E10	1E-30	1E-10
96	5.1E-11	1E10	1E10	1E-30	3.95823746941081E-11	1E10	1E-30	1E10	2.92856740537265E-02	5.81675977709664E-11	8.75040254489258E-11	105.724449549116	2.26960692909065E-11	7.76623064180198E-11	134.426513163837	9.18077812379983E-12	9.44041934467978E-11	211.714695570822	4.8265902107763E-12	1.34310464516396E-10	375.954734475993	2.14951964901684E-11	2.13878635053148E-11	58.2484343978462	3.89456829560898E-10	8.74275134082196E-13	1.02812288735752	1E10	1E-30	1E-10	1E10	1E-30	1E-10	1E10	1E-30	1E-10	1E10	1E-30	1E-10	1E10	1E-30	1E-10	1E10	1E-30	1E-10	1E10	1E-30	1E-10	1E10	1E-30	1E-10	1E10	1E-30	1E-10
97	5.59999999999999E-11	1E10	1E10	1E-30	5.58087674852737E-11	1E10	1E-30	1E10	2.75195752513192E-02	8.31405147287467E-11	6.56922869611729E-11	67.0438536116049	3.31827661564121E-11	5.94309593559461E-11	98.3684616712933	2.21865961054129E-11	4.31380195376024E-11	58.2287958600378	6.53420175017395E-12	1.01420258225015E-10	239.934401449867	5.02422224889338E-12	1.01787462718472E-10	237.950954504076	1.48944940229261E-11	2.8239926633623E-11	59.0346215726203	2.16773118475007E-11	1.59620152554484E-11	41.892611824365	1E10	1E-30	1E-10	1E10	1E-30	1E-10	1E10	1E-30	1E-10	1E10	1E-30	1E-10	1E10	1E-30	1E-10	1E10	1E-30	1E-10	1E10	1E-30	1E-10	1E10	1E-30	1E-10
98	5.59999999999999E-11	1E10	1E10	1E-30	5.58087674852737E-11	1E10	1E-30	1E10	2.75195752513192E-02	8.31405147287467E-11	6.56922869611729E-11	67.0438536116049	3.31827661564121E-11	5.94309593559461E-11	98.3684616712933	2.21865961054129E-11	4.31380195376024E-11	58.2287958600378	6.53420175017395E-12	1.01420258225015E-10	239.934401449867	5.02422224889338E-12	1.01787462718472E-10	237.950954504076	1.48944940229261E-11	2.8239926633623E-11	59.0346215726203	2.16773118475007E-11	1.59620152554484E-11	41.892611824365	1E10	1E-30	1E-10	1E10	1E-30	1E-10	1E10	1E-30	1E-10	1E10	1E-30	1E-10	1E10	1E-30	1E-10	1E10	1E-30	1E-10	1E10	1E-30	1E-10	1E10	1E-30	1E-10
99	6.19999999999999E-11	1E10	1E10	1E-30	3.53968933244116E-11	1E10	1E-30	1E10	2.69131531907644E-02	7.63154997675338E-11	7.91395697166047E-11	83.9318046762337	3.03595380373926E-11	6.87031286223371E-11	104.041656689678	1.53375679704303E-11	6.46500819993888E-11	123.020038087466	4.28173325442772E-12	1.65226216294671E-10	377.806819399566	1.28105215756941E-11	4.0713989193547E-11	94.9955719901782	9.17896629730465E-11	4.0816227349625E-12	8.7122931849465	1E10	1E-30	1E-10	1E10	1E-30	1E-10	1E10	1E-30	1E-10	1E10	1E-30	1E-10	1E10	1E-30	1E-10	1E10	1E-30	1E-10	1E10	1E-30	1E-10	1E10	1E-30	1E-10	1E10	1E-30	1E-10
100	6.19999999999999E-11	1E10	1E10	1E-30	3.53968933244116E-11	1E10	1E-30	1E10	2.69131531907644E-02	7.63154997675338E-11	7.91395697166047E-11	83.9318046762337	3.03595380373926E-11	6.87031286223371E-11	104.041656689678	1.53375679704303E-11	6.46500819993888E-11	123.020038087466	4.28173325442772E-12	1.65226216294671E-10	377.806819399566	1.28105215756941E-11	4.0713989193547E-11	94.9955719901782	9.17896629730465E-11	4.0816227349625E-12	8.7122931849465	1E10	1E-30	1E-10	1E10	1E-30	1E-10	1E10	1E-30	1E-10	1E10	1E-30	1E-10	1E10	1E-30	1E-10	1E10	1E-30	1E-10	1E10	1E-30	1E-10	1E10	1E-30	1E-10	1E10	1E-30	1E-10
101	6.8E-11	1E10	1E10	1E-30	1.42431553561309E-11	1E10	1E-30	1E10	2.48061393660077E-02	9.10855747771892E-11	7.29014498504828E-11	67.336541811308	3.84165216352162E-11	6.0157032309109E-11	69.3826950704896	3.23550687058271E-11	3.44603834731152E-11	56.0432353220904	8.6031654737401E-12	8.54113563685703E-11	175.738298957318	4.49955354021626E-12	1.21570104519941E-10	305.516567435033	8.72270814459446E-12	5.29342971159847E-11	141.823052089478	1.66686191682102E-11	2.3005218743889E-11	50.4335637758005	1.32058469806825E-11	2.72656011598545E-11	254.075169400732	1E10	1E-30	1E-10	1E10	1E-30	1E-10	1E10	1E-30	1E-10	1E10	1E-30	1E-10	1E10	1E-30	1E-10	1E10	1E-30	1E-10	1E10	1E-30	1E-10
102	6.8E-11	1E10	1E10	1E-30	1.42431553561309E-11	1E10	1E-30	1E10	2.48061393660077E-02	9.10855747771892E-11	7.29014498504828E-11	67.336541811308	3.84165216352162E-11	6.0157032309109E-11	69.3826950704896	3.23550687058271E-11	3.44603834731152E-11	56.0432353220904	8.6031654737401E-12	8.54113563685703E-11	175.738298957318	4.49955354021626E-12	1.21570104519941E-10	305.516567435033	8.72270814459446E-12	5.29342971159847E-11	141.823052089478	1.66686191682102E-11	2.3005218743889E-11	50.4335637758005	1.32058469806825E-11	2.72656011598545E-11	254.075169400732	1E10	1E-30	1E-10	1E10	1E-30	1E-10	1E10	1E-30	1E-10	1E10	1E-30	1E-10	1E10	1E-30	1E-10	1E10	1E-30	1E-10	1E10	1E-30	1E-10
103	7.5E-11	1E10	1E10	1E-30	6.87928051869153E-11	1E10	1E-30	1E10	2.73782510384412E-02	9.72088728582303E-11	7.6375052446047E-11	54.4949811096835	4.67543596378332E-11	5.5633341808303E-11	57.5617894690155	4.60324467821326E-11	2.72763224686239E-11	40.3778512029317	1.21454810128349E-11	6.70546366003757E-11	116.944625848282	4.84825912074391E-12	1.25481895757389E-10	288.180710188842	1.24981147493945E-11	4.09607928705658E-11	90.3668645411153	4.93561821280866E-11	8.20266880356639E-12	16.6477745276714	1E10	1E-30	1E-10	1E10	1E-30	1E-10	1E10	1E-30	1E-10	1E10	1E-30	1E-10	1E10	1E-30	1E-10	1E10	1E-30	1E-10	1E10	1E-30	1E-10	1E10	1E-30	1E-10
104	7.5E-11	1E10	1E10	1E-30	6.87928051869153E-11	1E10	1E-30	1E10	2.73782510384412E-02	9.72088728582303E-11	7.6375052446047E-11	54.4949811096835	4.67543596378332E-11	5.5633341808303E-11	57.5617894690155	4.60324467821326E-11	2.72763224686239E-11	40.3778512029317	1.21454810128349E-11	6.70546366003757E-11	116.944625848282	4.84825912074391E-12	1.25481895757389E-10	288.180710188842	1.24981147493945E-11	4.09607928705658E-11	90.3668645411153	4.93561821280866E-11	8.20266880356639E-12	16.6477745276714	1E10	1E-30	1E-10	1E10	1E-30	1E-10	1E10	1E-30	1E-10	1E10	1E-30	1E-10	1E10	1E-30	1E-10	1E10	1E-30	1E-10	1E10	1E-30	1E-10	1E10	1E-30	1E-10
105	8.2E-11	1E10	1E10	1E-30	1E-12	1E10	1E-30	1E10	2.13816654799104E-02	1.33575568520756E-10	5.96513612297206E-11	46.2447009843268	4.78796353241654E-11	5.76958083019073E-11	55.3961705117853	4.61500431016413E-11	2.81416429302864E-11	38.4360354307412	1.30942683621137E-11	6.21773709518047E-11	104.217748459566	4.703226078696E-12	1.2030536417185E-10	284.398001162723	3.99288196127512E-12	1.18620502610332E-10	314.938695890616	9.66250565414451E-12	3.84876482405941E-11	161.684189704291	1E10	1E-30	1E-10	1E10	1E-30	1E-10	1E10	1E-30	1E-10	1E10	1E-30	1E-10	1E10	1E-30	1E-10	1E10	1E-30	1E-10	1E10	1E-30	1E-10	1E10	1E-30	1E-10
106	8.2E-11	1E10	1E10	1E-30	1E-12	1E10	1E-30	1E10	2.13816654799104E-02	1.33575568520756E-10	5.96513612297206E-11	46.2447009843268	4.78796353241654E-11	5.76958083019073E-11	55.3961705117853	4.61500431016413E-11	2.81416429302864E-11	38.4360354307412	1.30942683621137E-11	6.21773709518047E-11	104.217748459566	4.703226078696E-12	1.2030536417185E-10	284.398001162723	3.99288196127512E-12	1.18620502610332E-10	314.938695890616	9.66250565414451E-12	3.84876482405941E-11	161.684189704291	1E10	1E-30	1E-10	1E10	1E-30	1E-10	1E10	1E-30	1E-10	1E10	1E-30	1E-10	1E10	1E-30	1E-10	1E10	1E-30	1E-10	1E10	1E-30	1E-10	1E10	1E-30	1E-10
107	9.09999999999999E-11	1E10	1E10	1E-30	6.90753143862133E-11	1E10	1E-30	1E10	2.62273334395164E-02	1.23367247129246E-10	7.29164488706254E-11	55.7952637006498	6.00752051457956E-11	5.2033777374766E-11	57.0696574628263	5.98820434246121E-11	2.49243194893105E-11	37.9591282006421	1.57741651296687E-11	6.03820996800551E-11	102.594800916693	5.11508768491464E-12	1.35695097957994E-10	302.450298086938	1.00255209059467E-11	5.90079903819868E-11	124.955130553268	4.37867810669146E-11	1.06641660417657E-11	22.3015294843429	2.55810751692578E-10	1.51676540796863E-12	3.55288092130684	2.49762975412689E-10	1.3248156074617E-12	0.472477524148223	1E10	1E-30	1E-10	1E10	1E-30	1E-10	1E10	1E-30	1E-10	1E10	1E-30	1E-10	1E10	1E-30	1E-10	1E10	1E-30	1E-10
108	9.09999999999999E-11	1E10	1E10	1E-30	6.90753143862133E-11	1E10	1E-30	1E10	2.62273334395164E-02	1.23367247129246E-10	7.29164488706254E-11	55.7952637006498	6.00752051457956E-11	5.2033777374766E-11	57.0696574628263	5.98820434246121E-11	2.49243194893105E-11	37.9591282006421	1.57741651296687E-11	6.03820996800551E-11	102.594800916693	5.11508768491464E-12	1.35695097957994E-10	302.450298086938	1.00255209059467E-11	5.90079903819868E-11	124.955130553268	4.37867810669146E-11	1.06641660417657E-11	22.3015294843429	2.55810751692578E-10	1.51676540796863E-12	3.55288092130684	2.49762975412689E-10	1.3248156074617E-12	0.472477524148223	1E10	1E-30	1E-10	1E10	1E-30	1E-10	1E10	1E-30	1E-10	1E10	1E-30	1E-10	1E10	1E-30	1E-10	1E10	1E-30	1E-10
109	1E-10	1E10	1E10	1E-30	1.63049146261491E-10	1E10	1E-30	1E10	2.33665706468789E-02	1.39173151486297E-10	7.09984861750573E-11	64.8815628950498	7.42179057566714E-11	4.5100855370543E-11	56.1543287817707	9.92744720289246E-11	1.56506950028028E-11	23.9718717618811	4.20669035818985E-11	2.21726000847979E-11	36.6438388989613	2.86770863483357E-11	2.1364527088513E-11	39.421455846934	6.72872511437187E-12	6.88547389906285E-11	111.495303053401	4.90812672810453E-12	7.65094790936319E-11	94.4410323962856	1E10	1E-30	1E-10	1E10	1E-30	1E-10	1E10	1E-30	1E-10	1E10	1E-30	1E-10	1E10	1E-30	1E-10	1E10	1E-30	1E-10	1E10	1E-30	1E-10	1E10	1E-30	1E-10
110	1E-10	1E10	1E10	1E-30	1.63049146261491E-10	1E10	1E-30	1E10	2.33665706468789E-02	1.39173151486297E-10	7.09984861750573E-11	64.8815628950498	7.42179057566714E-11	4.5100855370543E-11	56.1543287817707	9.92744720289246E-11	1.56506950028028E-11	23.9718717618811	4.20669035818985E-11	2.21726000847979E-11	36.6438388989613	2.86770863483357E-11	2.1364527088513E-11	39.421455846934	6.72872511437187E-12	6.88547389906285E-11	111.495303053401	4.90812672810453E-12	7.65094790936319E-11	94.4410323962856	1E10	1E-30	1E-10	1E10	1E-30	1E-10	1E10	1E-30	1E-10	1E10	1E-30	1E-10	1E10	1E-30	1E-10	1E10	1E-30	1E-10	1E10	1E-30	1E-10	1E10	1E-30	1E-10
END DSCRDATA
