BEGIN DSCRDATA
% INDEX	K01	L01	M01	K02	L02	M02	K03	L03	M03	K04	L04	M04	K05	L05	M05	K06	L06	M06	K07	L07	M07	K08	L08	M08	K09	L09	M09	K10	L10	M10	K11	L11	M11	K12	L12	M12	K13	L13	M13	K14	L14	M14	K15	L15	M15	K16	L16	M16	K17	L17	M17	K18	L18	M18
0	0	0	0	0	0	0	0	0	0	0	0	0	0	0	0	0	0	0	0	0	0	0	0	0	0	0	0	0	0	0	0	0	0	0	0	0	0	0	0	0	0	0	0	0	0	0	0	0	0	0	0	0	0	0
1	5.63106924712045E-09	1E10	1E10	1E-30	2.52152534756534E-11	1E10	1E-30	1E10	5.31897894418496E-03	1E-30	1.10576015331962E-10	0.461365282370339	1E-30	3.63339654251699E-11	8.97042155545428E-03	1.05814946295521E-08	7.58043690374264E-11	0.851287439860579	6.26848667103906E-09	4.61867041629466E-11	0.715415973196406	1.9466004052378E-08	6.79295780693774E-12	0.176321867478902	1.31802372980767E-08	6.06107592674907E-12	0.197127410098228	1.34595882558529E-12	3.94192440712635E-10	361.878278008818	1E10	1E-30	1E-10	1E10	1E-30	1E-10	1E10	1E-30	1E-10	1E10	1E-30	1E-10	1E10	1E-30	1E-10	1E10	1E-30	1E-10	1E10	1E-30	1E-10	1E10	1E-30	1E-10
2	6.77240571893719E-09	1E10	1E10	1E-30	9.90938746461317E-12	1E10	1E-30	1E10	4.50860671384428E-03	1E-30	1.45971678871817E-10	0.421364263113298	1E-30	2.28225593690267E-11	2.7389791591603E-03	1.04950720770887E-08	1.01565164276386E-10	0.828710445063078	9.05651275618699E-09	4.47649569036403E-11	0.727399959875971	1.98987896399762E-08	9.54425434065679E-12	0.188148997406957	1.06548002912783E-08	1.08187994759809E-11	0.179870929311942	1.32600067575873E-12	3.49056927908478E-10	286.087672761047	1E10	1E-30	1E-10	1E10	1E-30	1E-10	1E10	1E-30	1E-10	1E10	1E-30	1E-10	1E10	1E-30	1E-10	1E10	1E-30	1E-10	1E10	1E-30	1E-10	1E10	1E-30	1E-10
3	8.25241431284924E-09	1E10	1E10	1E-30	9.13654929785238E-12	1E10	1E-30	1E10	4.25265242334485E-03	1E-30	1.19044993879653E-10	0.380477643315154	1E-30	4.65220606303627E-11	4.98724034410175E-03	1.64137608930699E-08	8.87125813349681E-11	0.826122687004534	1.42743492273654E-08	3.88244693937135E-11	0.645165055908905	2.35715874616367E-08	1.10472100318063E-11	0.194729201030005	9.93293520470652E-09	1.57483870406053E-11	0.203348448866812	1.56388505962788E-12	4.59924723772894E-10	267.701471451656	1E10	1E-30	1E-10	1E10	1E-30	1E-10	1E10	1E-30	1E-10	1E10	1E-30	1E-10	1E10	1E-30	1E-10	1E10	1E-30	1E-10	1E10	1E-30	1E-10	1E10	1E-30	1E-10
4	9.94307128357755E-09	1E10	1E10	1E-30	1.14801024797152E-11	1E10	1E-30	1E10	4.07294368259749E-03	1E-30	2.04601924020921E-10	0.359358332425326	1E-30	2.25728605000966E-11	1.87839945194845E-03	1.41579951575957E-08	1.4196835806287E-10	1.06922053487531	1.44574534148078E-08	5.29139332549047E-11	0.731366986779428	4.59499599018179E-08	8.19136552404509E-12	0.257962866806633	2.17223479050454E-08	1.08995085671967E-11	0.22825048097177	1.61365270384218E-12	3.30431557060528E-10	580.825291447284	1E10	1E-30	1E-10	1E10	1E-30	1E-10	1E10	1E-30	1E-10	1E10	1E-30	1E-10	1E10	1E-30	1E-10	1E10	1E-30	1E-10	1E10	1E-30	1E-10	1E10	1E-30	1E-10
5	1.2E-8	1E10	8333333333.33333	1E-30	5.6471131473653E-10	1E10	1E-30	1E10	2.55054652138193E-03	8.4634796265345E-07	1E10	5.10061437403578	1E-30	1.70920413177038E-10	0.344843854232522	1E-30	8.54218183081312E-11	5.69828562587039E-03	2.64981946446288E-08	9.48694977057484E-11	0.841815614351681	1.7108671434088E-08	5.71645252686579E-11	0.609841502788979	3.657769092783E-08	1.34006727348871E-11	0.216379930499854	3.41362873716205E-08	8.65220102318933E-12	0.201937500745143	1E10	1E-30	1E-10	1E10	1E-30	1E-10	1E10	1E-30	1E-10	1E10	1E-30	1E-10	1E10	1E-30	1E-10	1E10	1E-30	1E-10	1E10	1E-30	1E-10	1E10	1E-30	1E-10
6	1.5E-8	1E10	6666666666.66666	1E-30	5.1981423274446E-11	1E10	1E-30	1E10	2.85585883897266E-03	8.55322238601806E-07	1E10	13.9276116906461	1E-30	1.65325966770394E-10	0.305923855457815	1.86824039324142E-06	4.26966170471932E-11	2.32552518614885E-03	2.19911472207067E-08	1.62946702886568E-10	1.28193531407096	1.93621070887908E-08	7.53639798143426E-11	0.78255189580878	2.94870683261395E-08	2.50688036533703E-11	0.36274315455691	2.80090715091639E-08	1.67789924174784E-11	0.272234852107843	5.81028783810883E-08	5.3137195971115E-12	0.118834823032633	4.7607061059437E-08	4.75225600636876E-12	0.103154698714863	1.72547438040953E-08	7.37867270623905E-12	4.63356154182376E-02	7.31380998114551E-11	1.14862863972315E-11	1.31441280195422	1.96173223890082E-12	2.61267536510254E-10	544.429579626933	1.13277504463661E-11	4.26756004807116E-11	281.016474053453	1E10	1E-30	1E-10	1E10	1E-30	1E-10
END DSCRDATA
