BEGIN DSCRDATA
% INDEX	K01	L01	M01	K02	L02	M02	K03	L03	M03	K04	L04	M04	K05	L05	M05	K06	L06	M06	K07	L07	M07	K08	L08	M08	K09	L09	M09	K10	L10	M10	K11	L11	M11	K12	L12	M12	K13	L13	M13	K14	L14	M14	K15	L15	M15	K16	L16	M16	K17	L17	M17	K18	L18	M18
0	0	0	0	0	0	0	0	0	0	0	0	0	0	0	0	0	0	0	0	0	0	0	0	0	0	0	0	0	0	0	0	0	0	0	0	0	0	0	0	0	0	0	0	0	0	0	0	0	0	0	0	0	0	0
1	9.92604565981018E-11	1E10	6E9	1E-30	2.0408465158923E-10	1E10	1E-30	1E10	0.30024853092597	5.651075208652E-09	1E10	8.76372985964882	4.88488302640455E-09	1E10	0.291705474561069	8.21458435151819E-08	1E10	4.69646909718432E-02	5.37856187510489E-10	2.9369798948823E-11	1.09141812336798	6.3017810911919E-11	8.47283366377213E-11	3.91184568398823	1.49711429271115E-12	1.06082822588416E-09	210.647136959066	1E10	1E-30	1E-10	1E10	1E-30	1E-10	1E10	1E-30	1E-10	1E10	1E-30	1E-10	1E10	1E-30	1E-10	1E10	1E-30	1E-10	1E10	1E-30	1E-10	1E10	1E-30	1E-10	1E10	1E-30	1E-10
2	1.5095706989253E-10	1E10	6E9	1E-30	1.72880557383526E-10	1E10	1E-30	1E10	0.217848244710615	1.17642159009381E-08	1E10	3.29188805114519	7.90575726849023E-09	1E10	0.173498954414865	8.86387071036268E-10	3.41641860813369E-11	1.26860550185595	1.2548966589711E-10	9.33036118972573E-11	2.96147915660156	1.25991382083346E-12	1.07968122794939E-09	203.248325638327	1E10	1E-30	1E-10	1E10	1E-30	1E-10	1E10	1E-30	1E-10	1E10	1E-30	1E-10	1E10	1E-30	1E-10	1E10	1E-30	1E-10	1E10	1E-30	1E-10	1E10	1E-30	1E-10	1E10	1E-30	1E-10	1E10	1E-30	1E-10
3	2.20630317062086E-10	1E10	6E9	1E-30	2.43349916490361E-10	1E10	1E-30	1E10	0.632111205791747	7.6057717901958E-09	1E10	7.25010016786386	2.096988239258E-09	1E10	0.763212896760408	6.97115019106999E-09	1E10	0.71481804319946	2.19742004816061E-08	1E10	0.189478876176517	1.01426818054608E-09	6.20314296489944E-11	0.905635070992735	5.5888635934553E-12	3.57354524315388E-10	34.3054101565931	2.10508820690727E-12	3.33477874925783E-10	49.9916536559815	1E10	1E-30	1E-10	1E10	1E-30	1E-10	1E10	1E-30	1E-10	1E10	1E-30	1E-10	1E10	1E-30	1E-10	1E10	1E-30	1E-10	1E10	1E-30	1E-10	1E10	1E-30	1E-10
4	3.41032536579E-10	1E10	6E9	1E-30	1.02642911568872E-10	1E10	1E-30	1E10	0.407672966947301	1.04172518530478E-08	1E10	15.8681368855525	1.09860588241898E-08	1E10	1.14497321382512	4.68789442889314E-09	1E10	0.451271313508105	3.1840985746658E-09	1E10	0.253888510285646	9.16330784331853E-10	7.02257310543175E-11	0.95395692552963	5.92847711278993E-12	3.30257775473117E-10	22.4953161811757	1.21666758912595E-12	6.29077280399908E-10	32.9195297751579	1E10	1E-30	1E-10	1E10	1E-30	1E-10	1E10	1E-30	1E-10	1E10	1E-30	1E-10	1E10	1E-30	1E-10	1E10	1E-30	1E-10	1E10	1E-30	1E-10	1E10	1E-30	1E-10
5	4.66059785629712E-10	1E10	6E9	1E-30	2.22389706606737E-10	1E10	1E-30	1E10	0.418925818172984	8.38140546970055E-09	1E10	72.1943616190457	2.02239275585812E-08	1E10	1.79191071722722	8.19865618707773E-09	1E10	0.458934019827779	7.11382816463048E-09	1E10	0.185084696932947	1.60623545320533E-09	5.93054327685308E-11	0.701030582623352	1.30692168198432E-11	1.48226646389018E-10	15.7061312597535	1.61759036632005E-12	6.08343544226609E-10	40.6447350444094	1E10	1E-30	1E-10	1E10	1E-30	1E-10	1E10	1E-30	1E-10	1E10	1E-30	1E-10	1E10	1E-30	1E-10	1E10	1E-30	1E-10	1E10	1E-30	1E-10	1E10	1E-30	1E-10
6	6.69901883183704E-10	1E10	6E9	1E-30	1.38273336335155E-10	1E10	1E-30	1E10	0.342628689762632	1.56165438683693E-08	1E10	57.7073001302775	5.30047539965068E-08	1E10	1.89567840486618	3.25463637742822E-08	1E10	0.536875586371068	8.88503934802124E-09	1E10	0.393886001659432	3.20492513096391E-09	6.14010246284061E-11	0.53967750794162	7.37344384450203E-12	2.78300807314713E-10	19.6904166301531	1.7130979421272E-12	4.78379169790965E-10	44.0230065625916	1E10	1E-30	1E-10	1E10	1E-30	1E-10	1E10	1E-30	1E-10	1E10	1E-30	1E-10	1E10	1E-30	1E-10	1E10	1E-30	1E-10	1E10	1E-30	1E-10	1E10	1E-30	1E-10
7	9.83448408901625E-10	1E10	6E9	1E-30	1.71926932203728E-10	1E10	1E-30	1E10	0.234515411844283	1.28989217571419E-08	1E10	195.554008778459	6.90954187477373E-08	1E10	2.49672298908527	4.50123416163099E-08	1E10	0.394204465688911	1.17453248505568E-08	1E10	0.259529928999167	2.59127211706712E-09	1.07597028414464E-10	0.745286789074373	7.00173895622816E-10	3.39592643761768E-11	0.383174373310609	7.26650032285349E-12	2.18691896351593E-10	27.4516403611193	2.23921389773577E-12	4.62474820412928E-10	45.2113950667155	1E10	1E-30	1E-10	1E10	1E-30	1E-10	1E10	1E-30	1E-10	1E10	1E-30	1E-10	1E10	1E-30	1E-10	1E10	1E-30	1E-10	1E10	1E-30	1E-10
8	1.61028252790444E-09	1E10	6E9	1E-30	7.90377868241382E-11	1E10	1E-30	1E10	0.187317704743941	3.53288909164746E-08	1E10	56.7139802788451	1.14262992108526E-07	1E10	1.16408849018593	5.55554864820843E-08	1E10	0.311373098810772	2.33363169344647E-05	1E10	0.288771210399457	3.78746923428743E-08	1E10	6.80303720594407E-02	6.42049583745076E-09	6.16114629246978E-11	0.425748731804971	9.2909183992776E-10	6.27849998172569E-11	0.364159633774095	6.12184322246683E-12	2.95152096211046E-10	23.6091763667174	1.53697686820198E-12	5.80815306039954E-10	43.6851476371066	1E10	1E-30	1E-10	1E10	1E-30	1E-10	1E10	1E-30	1E-10	1E10	1E-30	1E-10	1E10	1E-30	1E-10	1E10	1E-30	1E-10
END DSCRDATA
