BEGIN DSCRDATA
% INDEX	K01	L01	M01	K02	L02	M02	K03	L03	M03	K04	L04	M04	K05	L05	M05	K06	L06	M06	K07	L07	M07	K08	L08	M08	K09	L09	M09	K10	L10	M10	K11	L11	M11	K12	L12	M12	K13	L13	M13	K14	L14	M14	K15	L15	M15	K16	L16	M16	K17	L17	M17	K18	L18	M18
0	0	0	0	0	0	0	0	0	0	0	0	0	0	0	0	0	0	0	0	0	0	0	0	0	0	0	0	0	0	0	0	0	0	0	0	0	0	0	0	0	0	0	0	0	0	0	0	0	0	0	0	0	0	0
1	9.70785579250318E-09	1E10	1E10	1E-30	7.67183018788357E-11	1E10	1E-30	1E10	4.76563180185041E-02	9.01730898606029E-07	1E10	2.25280056285722	2.00626475507886E-06	1E10	6.27874041720902E-02	1E-30	8.39630075076787E-11	0.264416460568038	3.35617365716281E-08	2.60716027305789E-11	4.35763442757843E-02	1.02793250277743E-08	2.4706542044109E-11	8.61275155128343E-02	9.14303259684918E-12	2.28016927632667E-10	30.3740109959233	1.32745370558185E-12	4.32025117914097E-10	63.3050462204545	1E10	1E-30	1E-10	1E10	1E-30	1E-10	1E10	1E-30	1E-10	1E10	1E-30	1E-10	1E10	1E-30	1E-10	1E10	1E-30	1E-10	1E10	1E-30	1E-10	1E10	1E-30	1E-10
2	1.50949078653383E-08	1E10	6666666666.66666	1E-30	1.01003499549926E-10	1E10	1E-30	1E10	3.19136412257737E-02	1.56747623208396E-06	1E10	1.96154706563939	3.09859124898094E-06	1E10	6.01307308028697E-02	1E-30	1.1592390941005E-10	0.365067792725413	9.06791941854919E-08	2.11107907969784E-11	4.78345096783176E-02	1.21046004214335E-08	5.77864620813461E-11	0.121382495026211	1.07646275503053E-11	1.5383613128201E-10	25.1979958459534	1.54267920880639E-11	4.97861247448953E-11	8.31286881530733	1.5771012694449E-12	3.02460593674519E-10	94.8573945092648	1E10	1E-30	1E-10	1E10	1E-30	1E-10	1E10	1E-30	1E-10	1E10	1E-30	1E-10	1E10	1E-30	1E-10	1E10	1E-30	1E-10	1E10	1E-30	1E-10
3	2.15390609066365E-08	1E10	4545454545.45454	1E-30	4.5065691347501E-10	1E10	1E-30	1E10	2.37955236638143E-02	3.58443919494915E-06	1E10	0.558983404024191	9.42803568337002E-06	1E10	6.27189694963673E-02	6.37413441691458E-06	1E10	1.61212574693071E-02	1E-30	7.50542928415313E-11	1.59578482725577	1E-30	1.18953037789525E-10	0.170991424940982	1.55470913711544E-07	2.20075748000834E-11	6.38942119171459E-02	3.10205255202423E-08	4.19345692791968E-11	0.116268352285838	1.05111237929011E-11	1.8731484040935E-10	26.6355407292235	1E10	1E-30	1E-10	1E10	1E-30	1E-10	1E10	1E-30	1E-10	1E10	1E-30	1E-10	1E10	1E-30	1E-10	1E10	1E-30	1E-10	1E10	1E-30	1E-10
4	2.23971179358909E-08	1E10	4545454545.45454	1E-30	1.42080910349604E-11	1E10	1E-30	1E10	0.024653213928342	3.22281541905032E-06	1E10	0.617093045615432	4.78370655790452E-06	1E10	3.40364299453946E-02	1E-30	1.28580216616593E-10	0.178773790148635	1.20155714197182E-07	3.04446759319216E-11	0.05158558475999	2.786058085014E-08	5.09406772797527E-11	0.116776273662691	1.06333988275814E-11	2.05298253314952E-10	24.8650408591917	1.34740046060224E-11	7.17690901037035E-11	7.30585201081623	1.45414528406945E-12	3.96271416844935E-10	88.9175375253959	1E10	1E-30	1E-10	1E10	1E-30	1E-10	1E10	1E-30	1E-10	1E10	1E-30	1E-10	1E10	1E-30	1E-10	1E10	1E-30	1E-10	1E10	1E-30	1E-10
5	2.52831427354101E-08	1E10	3703703703.7037	1E-30	3.82134877774786E-10	1E10	1E-30	1E10	2.59455352300771E-02	3.79723387497957E-06	1E10	0.527658313572059	9.10892962051693E-06	1E10	3.48620390563797E-02	1.31664091424207E-05	1E10	1.10243447295907E-02	1E-30	3.73828457509746E-11	0.316425265250065	1E-30	9.39014630130887E-11	0.18208373480739	1.34878825419244E-07	2.53674937641912E-11	0.034448228522054	1.65937206757152E-08	6.82774923547198E-11	0.101663929856598	7.58479374263758E-12	1.96914438905498E-10	25.536824598073	1E10	1E-30	1E-10	1E10	1E-30	1E-10	1E10	1E-30	1E-10	1E10	1E-30	1E-10	1E10	1E-30	1E-10	1E10	1E-30	1E-10	1E10	1E-30	1E-10
6	3.26369456862414E-08	1E10	3030303030.30303	1E-30	1.06681906557425E-10	1E10	1E-30	1E10	1.87287726553302E-02	4.49944024198661E-06	1E10	0.63249818045027	7.99691247574562E-06	1E10	3.10884188610723E-02	1E-30	1.34634790771443E-10	0.176493198191121	1.60603218993747E-07	3.08258460618112E-11	5.28854034712941E-02	3.59877117577108E-08	5.28526072409295E-11	0.102796609489436	8.13357419653334E-12	1.80848123068679E-10	26.4656818245926	5.55534079919081E-12	1.25165768180554E-10	24.6934334457424	1.87886148451354E-12	1.9506341391415E-10	52.0200539900588	1E10	1E-30	1E-10	1E10	1E-30	1E-10	1E10	1E-30	1E-10	1E10	1E-30	1E-10	1E10	1E-30	1E-10	1E10	1E-30	1E-10	1E10	1E-30	1E-10
7	3.19132741346436E-08	1E10	3030303030.30303	1E-30	2.99399792439546E-11	1E10	1E-30	1E10	1.71540596848441E-02	4.42909262688895E-06	1E10	0.634265840019731	7.56799801171302E-06	1E10	3.03897776832345E-02	1E-30	1.59917812596339E-10	0.199145149074516	1.31651987129803E-07	4.82867934142362E-11	8.87986617332462E-02	4.2486708025017E-08	6.36504970130255E-11	0.142361815793225	1.0043518250751E-11	1.50373561072537E-10	18.0642933837883	1.26817953866235E-11	6.19802594536402E-11	8.98158956332235	1.34694537060962E-12	3.32085998315184E-10	95.5663726241846	1E10	1E-30	1E-10	1E10	1E-30	1E-10	1E10	1E-30	1E-10	1E10	1E-30	1E-10	1E10	1E-30	1E-10	1E10	1E-30	1E-10	1E10	1E-30	1E-10
8	4.71923644514207E-08	1E10	2127659574.46808	1E-30	7.80675592196494E-11	1E10	1E-30	1E10	1.36166303839619E-02	8.15305136239511E-06	1E10	0.311098265989088	1.06164194849611E-05	1E10	3.11457979011302E-02	1E-30	1.81795834343536E-10	0.164874921115579	1.92115618010619E-07	5.81713217010303E-11	0.103535686236108	6.98298160840101E-08	7.25312431434869E-11	0.115211171870499	1.22830367886592E-11	1.22464940346796E-10	16.3031706679072	9.38591622044608E-12	8.91238068487844E-11	10.3187852854627	1.4523777720583E-12	3.12175371414021E-10	92.2438145554801	1E10	1E-30	1E-10	1E10	1E-30	1E-10	1E10	1E-30	1E-10	1E10	1E-30	1E-10	1E10	1E-30	1E-10	1E10	1E-30	1E-10	1E10	1E-30	1E-10
END DSCRDATA
