BEGIN DSCRDATA
% INDEX	K01	L01	M01	K02	L02	M02	K03	L03	M03	K04	L04	M04	K05	L05	M05	K06	L06	M06	K07	L07	M07	K08	L08	M08	K09	L09	M09	K10	L10	M10	K11	L11	M11	K12	L12	M12	K13	L13	M13	K14	L14	M14	K15	L15	M15	K16	L16	M16	K17	L17	M17	K18	L18	M18
0	0	0	0	0	0	0	0	0	0	0	0	0	0	0	0	0	0	0	0	0	0	0	0	0	0	0	0	0	0	0	0	0	0	0	0	0	0	0	0	0	0	0	0	0	0	0	0	0	0	0	0	0	0	0
1	1.0518905382571E-09	1E10	2E9	1E-30	9.4585753453693E-11	1E10	1E-30	1E10	0.36597670622538	8.00946435659034E-08	1E10	44198.0883510988	2.02989287597199E-07	1E10	1397.66627414828	1.66876895469616E-07	1E10	171.950516910232	1.30406102903575E-07	1E10	22.1515176323009	8.66385339077156E-08	1E10	3.34189012739038	5.06102021434292E-08	1E10	0.778499078181702	1.49527246078202E-08	1E10	0.24597060890099	1.3058625533186E-11	2.62861111604977E-10	5.06646494563435	1.23525854887942E-12	2.34211213046326E-10	15.6879573855277	1E10	1E-30	1E-10	1E10	1E-30	1E-10	1E10	1E-30	1E-10	1E10	1E-30	1E-10	1E10	1E-30	1E-10	1E10	1E-30	1E-10
2	1.0518905382571E-09	1E10	2E9	1E-30	9.4585753453693E-11	1E10	1E-30	1E10	0.36597670622538	8.00946435659034E-08	1E10	44198.0883510988	2.02989287597199E-07	1E10	1397.66627414828	1.66876895469616E-07	1E10	171.950516910232	1.30406102903575E-07	1E10	22.1515176323009	8.66385339077156E-08	1E10	3.34189012739038	5.06102021434292E-08	1E10	0.778499078181702	1.49527246078202E-08	1E10	0.24597060890099	1.3058625533186E-11	2.62861111604977E-10	5.06646494563435	1.23525854887942E-12	2.34211213046326E-10	15.6879573855277	1E10	1E-30	1E-10	1E10	1E-30	1E-10	1E10	1E-30	1E-10	1E10	1E-30	1E-10	1E10	1E-30	1E-10	1E10	1E-30	1E-10
3	1.0518905382571E-09	1E10	2E9	1E-30	9.4585753453693E-11	1E10	1E-30	1E10	0.36597670622538	8.00946435659034E-08	1E10	44198.0883510988	2.02989287597199E-07	1E10	1397.66627414828	1.66876895469616E-07	1E10	171.950516910232	1.30406102903575E-07	1E10	22.1515176323009	8.66385339077156E-08	1E10	3.34189012739038	5.06102021434292E-08	1E10	0.778499078181702	1.49527246078202E-08	1E10	0.24597060890099	1.3058625533186E-11	2.62861111604977E-10	5.06646494563435	1.23525854887942E-12	2.34211213046326E-10	15.6879573855277	1E10	1E-30	1E-10	1E10	1E-30	1E-10	1E10	1E-30	1E-10	1E10	1E-30	1E-10	1E10	1E-30	1E-10	1E10	1E-30	1E-10
4	1.0518905382571E-09	1E10	2E9	1E-30	9.4585753453693E-11	1E10	1E-30	1E10	0.36597670622538	8.00946435659034E-08	1E10	44198.0883510988	2.02989287597199E-07	1E10	1397.66627414828	1.66876895469616E-07	1E10	171.950516910232	1.30406102903575E-07	1E10	22.1515176323009	8.66385339077156E-08	1E10	3.34189012739038	5.06102021434292E-08	1E10	0.778499078181702	1.49527246078202E-08	1E10	0.24597060890099	1.3058625533186E-11	2.62861111604977E-10	5.06646494563435	1.23525854887942E-12	2.34211213046326E-10	15.6879573855277	1E10	1E-30	1E-10	1E10	1E-30	1E-10	1E10	1E-30	1E-10	1E10	1E-30	1E-10	1E10	1E-30	1E-10	1E10	1E-30	1E-10
5	2.25882764756276E-09	1E10	2E9	1E-30	1.83790598580063E-10	1E10	1E-30	1E10	0.352640953484705	2.26841120035803E-07	1E10	10439.1336834885	5.85318237783475E-07	1E10	629.020007129773	3.72616924577624E-07	1E10	140.820038654383	3.41315233821585E-07	1E10	16.1683037360361	2.75665748861048E-07	1E10	3.26913513098024	1.18794764423145E-07	1E10	0.926168479685046	6.17945913076376E-08	1E10	0.198492687690846	1.50031625681129E-08	1.03868719834847E-11	4.42758386959478E-02	2.26703236933422E-09	2.81305587678503E-11	0.182844189715499	1.80737399461507E-11	1.4287953723187E-10	2.98522326501988	2.15796759720651E-12	1.35105704600845E-10	15.4942680853695	1E10	1E-30	1E-10	1E10	1E-30	1E-10	1E10	1E-30	1E-10	1E10	1E-30	1E-10
6	2.25882764756276E-09	1E10	2E9	1E-30	1.83790598580063E-10	1E10	1E-30	1E10	0.352640953484705	2.26841120035803E-07	1E10	10439.1336834885	5.85318237783475E-07	1E10	629.020007129773	3.72616924577624E-07	1E10	140.820038654383	3.41315233821585E-07	1E10	16.1683037360361	2.75665748861048E-07	1E10	3.26913513098024	1.18794764423145E-07	1E10	0.926168479685046	6.17945913076376E-08	1E10	0.198492687690846	1.50031625681129E-08	1.03868719834847E-11	4.42758386959478E-02	2.26703236933422E-09	2.81305587678503E-11	0.182844189715499	1.80737399461507E-11	1.4287953723187E-10	2.98522326501988	2.15796759720651E-12	1.35105704600845E-10	15.4942680853695	1E10	1E-30	1E-10	1E10	1E-30	1E-10	1E10	1E-30	1E-10	1E10	1E-30	1E-10
7	2.25882764756276E-09	1E10	2E9	1E-30	1.83790598580063E-10	1E10	1E-30	1E10	0.352640953484705	2.26841120035803E-07	1E10	10439.1336834885	5.85318237783475E-07	1E10	629.020007129773	3.72616924577624E-07	1E10	140.820038654383	3.41315233821585E-07	1E10	16.1683037360361	2.75665748861048E-07	1E10	3.26913513098024	1.18794764423145E-07	1E10	0.926168479685046	6.17945913076376E-08	1E10	0.198492687690846	1.50031625681129E-08	1.03868719834847E-11	4.42758386959478E-02	2.26703236933422E-09	2.81305587678503E-11	0.182844189715499	1.80737399461507E-11	1.4287953723187E-10	2.98522326501988	2.15796759720651E-12	1.35105704600845E-10	15.4942680853695	1E10	1E-30	1E-10	1E10	1E-30	1E-10	1E10	1E-30	1E-10	1E10	1E-30	1E-10
8	2.25882764756276E-09	1E10	2E9	1E-30	1.83790598580063E-10	1E10	1E-30	1E10	0.352640953484705	2.26841120035803E-07	1E10	10439.1336834885	5.85318237783475E-07	1E10	629.020007129773	3.72616924577624E-07	1E10	140.820038654383	3.41315233821585E-07	1E10	16.1683037360361	2.75665748861048E-07	1E10	3.26913513098024	1.18794764423145E-07	1E10	0.926168479685046	6.17945913076376E-08	1E10	0.198492687690846	1.50031625681129E-08	1.03868719834847E-11	4.42758386959478E-02	2.26703236933422E-09	2.81305587678503E-11	0.182844189715499	1.80737399461507E-11	1.4287953723187E-10	2.98522326501988	2.15796759720651E-12	1.35105704600845E-10	15.4942680853695	1E10	1E-30	1E-10	1E10	1E-30	1E-10	1E10	1E-30	1E-10	1E10	1E-30	1E-10
9	4.80195501879715E-09	1E10	2E9	1E-30	1.94589031102884E-10	1E10	1E-30	1E10	0.196624811347022	4.43827857227758E-07	1E10	7729.53027235988	7.28278601699294E-07	1E10	322.220451915396	7.0246921509659E-07	1E10	26.8011298211556	5.24380574432404E-07	1E10	3.07718142643679	3.35272401155945E-07	1E10	0.552764921380489	1.556045212693E-07	1E10	0.119407315387715	1E-30	1.04651362852891E-10	0.363256271758557	2.78146716730436E-08	1.68647136389506E-11	6.92576933270843E-02	9.09328899607344E-09	2.16135178622932E-11	0.117444286595182	5.32999400904248E-11	4.74907784808711E-11	0.994216677871787	2.21408247250872E-12	1.08776360584411E-10	9.40377735258125	1E10	1E-30	1E-10	1E10	1E-30	1E-10	1E10	1E-30	1E-10	1E10	1E-30	1E-10
10	4.80195501879715E-09	1E10	2E9	1E-30	1.94589031102884E-10	1E10	1E-30	1E10	0.196624811347022	4.43827857227758E-07	1E10	7729.53027235988	7.28278601699294E-07	1E10	322.220451915396	7.0246921509659E-07	1E10	26.8011298211556	5.24380574432404E-07	1E10	3.07718142643679	3.35272401155945E-07	1E10	0.552764921380489	1.556045212693E-07	1E10	0.119407315387715	1E-30	1.04651362852891E-10	0.363256271758557	2.78146716730436E-08	1.68647136389506E-11	6.92576933270843E-02	9.09328899607344E-09	2.16135178622932E-11	0.117444286595182	5.32999400904248E-11	4.74907784808711E-11	0.994216677871787	2.21408247250872E-12	1.08776360584411E-10	9.40377735258125	1E10	1E-30	1E-10	1E10	1E-30	1E-10	1E10	1E-30	1E-10	1E10	1E-30	1E-10
11	4.80195501879715E-09	1E10	2E9	1E-30	1.94589031102884E-10	1E10	1E-30	1E10	0.196624811347022	4.43827857227758E-07	1E10	7729.53027235988	7.28278601699294E-07	1E10	322.220451915396	7.0246921509659E-07	1E10	26.8011298211556	5.24380574432404E-07	1E10	3.07718142643679	3.35272401155945E-07	1E10	0.552764921380489	1.556045212693E-07	1E10	0.119407315387715	1E-30	1.04651362852891E-10	0.363256271758557	2.78146716730436E-08	1.68647136389506E-11	6.92576933270843E-02	9.09328899607344E-09	2.16135178622932E-11	0.117444286595182	5.32999400904248E-11	4.74907784808711E-11	0.994216677871787	2.21408247250872E-12	1.08776360584411E-10	9.40377735258125	1E10	1E-30	1E-10	1E10	1E-30	1E-10	1E10	1E-30	1E-10	1E10	1E-30	1E-10
12	4.80195501879715E-09	1E10	2E9	1E-30	1.94589031102884E-10	1E10	1E-30	1E10	0.196624811347022	4.43827857227758E-07	1E10	7729.53027235988	7.28278601699294E-07	1E10	322.220451915396	7.0246921509659E-07	1E10	26.8011298211556	5.24380574432404E-07	1E10	3.07718142643679	3.35272401155945E-07	1E10	0.552764921380489	1.556045212693E-07	1E10	0.119407315387715	1E-30	1.04651362852891E-10	0.363256271758557	2.78146716730436E-08	1.68647136389506E-11	6.92576933270843E-02	9.09328899607344E-09	2.16135178622932E-11	0.117444286595182	5.32999400904248E-11	4.74907784808711E-11	0.994216677871787	2.21408247250872E-12	1.08776360584411E-10	9.40377735258125	1E10	1E-30	1E-10	1E10	1E-30	1E-10	1E10	1E-30	1E-10	1E10	1E-30	1E-10
13	1.01561860041264E-08	1E10	2E9	1E-30	1.69944606396311E-10	1E10	1E-30	1E10	0.38610976473584	1.29707603672884E-06	1E10	2644.85726056566	3.44220963232791E-06	1E10	210.088479888281	1.58751337976441E-06	1E10	87.579455085248	1.58555305874583E-06	1E10	11.0256001557904	2.02021438261055E-06	1E10	1.52195649628562	1.33131309470037E-06	1E10	1.08834739527713	8.87421628229812E-07	1E10	0.260428822969094	7.59807376336045E-07	1E10	9.39018807493108E-02	1E-30	7.75161174124984E-11	0.16209737683965	2.1097427949679E-08	1.82064938026348E-11	6.15874393217864E-02	5.61542054035628E-11	8.21093241165321E-11	1.58074999821035	1.4293224875099E-12	1.69839066900145E-10	20.8733306385263	1E10	1E-30	1E-10	1E10	1E-30	1E-10	1E10	1E-30	1E-10
14	1.01561860041264E-08	1E10	2E9	1E-30	1.69944606396311E-10	1E10	1E-30	1E10	0.38610976473584	1.29707603672884E-06	1E10	2644.85726056566	3.44220963232791E-06	1E10	210.088479888281	1.58751337976441E-06	1E10	87.579455085248	1.58555305874583E-06	1E10	11.0256001557904	2.02021438261055E-06	1E10	1.52195649628562	1.33131309470037E-06	1E10	1.08834739527713	8.87421628229812E-07	1E10	0.260428822969094	7.59807376336045E-07	1E10	9.39018807493108E-02	1E-30	7.75161174124984E-11	0.16209737683965	2.1097427949679E-08	1.82064938026348E-11	6.15874393217864E-02	5.61542054035628E-11	8.21093241165321E-11	1.58074999821035	1.4293224875099E-12	1.69839066900145E-10	20.8733306385263	1E10	1E-30	1E-10	1E10	1E-30	1E-10	1E10	1E-30	1E-10
15	1.01561860041264E-08	1E10	2E9	1E-30	1.69944606396311E-10	1E10	1E-30	1E10	0.38610976473584	1.29707603672884E-06	1E10	2644.85726056566	3.44220963232791E-06	1E10	210.088479888281	1.58751337976441E-06	1E10	87.579455085248	1.58555305874583E-06	1E10	11.0256001557904	2.02021438261055E-06	1E10	1.52195649628562	1.33131309470037E-06	1E10	1.08834739527713	8.87421628229812E-07	1E10	0.260428822969094	7.59807376336045E-07	1E10	9.39018807493108E-02	1E-30	7.75161174124984E-11	0.16209737683965	2.1097427949679E-08	1.82064938026348E-11	6.15874393217864E-02	5.61542054035628E-11	8.21093241165321E-11	1.58074999821035	1.4293224875099E-12	1.69839066900145E-10	20.8733306385263	1E10	1E-30	1E-10	1E10	1E-30	1E-10	1E10	1E-30	1E-10
16	1.01561860041264E-08	1E10	2E9	1E-30	1.69944606396311E-10	1E10	1E-30	1E10	0.38610976473584	1.29707603672884E-06	1E10	2644.85726056566	3.44220963232791E-06	1E10	210.088479888281	1.58751337976441E-06	1E10	87.579455085248	1.58555305874583E-06	1E10	11.0256001557904	2.02021438261055E-06	1E10	1.52195649628562	1.33131309470037E-06	1E10	1.08834739527713	8.87421628229812E-07	1E10	0.260428822969094	7.59807376336045E-07	1E10	9.39018807493108E-02	1E-30	7.75161174124984E-11	0.16209737683965	2.1097427949679E-08	1.82064938026348E-11	6.15874393217864E-02	5.61542054035628E-11	8.21093241165321E-11	1.58074999821035	1.4293224875099E-12	1.69839066900145E-10	20.8733306385263	1E10	1E-30	1E-10	1E10	1E-30	1E-10	1E10	1E-30	1E-10
17	2.21333162577807E-08	1E10	2E9	1E-30	2.0209127135325E-10	1E10	1E-30	1E10	0.29723964757783	2.07178146567976E-06	1E10	1920.50833700835	1.3880273727924E-05	1E10	65.0753026811898	3.75045729220599E-06	1E10	42.0161443818205	4.23616587987652E-06	1E10	6.07318061028863	4.68599231394503E-06	1E10	0.800601126398311	2.17973619015184E-06	1E10	0.516911503028978	1.08736345817878E-06	1E10	0.123880456644636	1E-30	7.31673611580236E-11	0.199933722479418	2.03381897528194E-08	4.32607075396482E-11	5.69564486827303E-02	1.1875070289444E-10	3.67506007634764E-11	0.803171188722173	2.13906433118036E-12	1.35152374709456E-10	14.2468817304538	1E10	1E-30	1E-10	1E10	1E-30	1E-10	1E10	1E-30	1E-10	1E10	1E-30	1E-10
18	2.21333162577807E-08	1E10	2E9	1E-30	2.0209127135325E-10	1E10	1E-30	1E10	0.29723964757783	2.07178146567976E-06	1E10	1920.50833700835	1.3880273727924E-05	1E10	65.0753026811898	3.75045729220599E-06	1E10	42.0161443818205	4.23616587987652E-06	1E10	6.07318061028863	4.68599231394503E-06	1E10	0.800601126398311	2.17973619015184E-06	1E10	0.516911503028978	1.08736345817878E-06	1E10	0.123880456644636	1E-30	7.31673611580236E-11	0.199933722479418	2.03381897528194E-08	4.32607075396482E-11	5.69564486827303E-02	1.1875070289444E-10	3.67506007634764E-11	0.803171188722173	2.13906433118036E-12	1.35152374709456E-10	14.2468817304538	1E10	1E-30	1E-10	1E10	1E-30	1E-10	1E10	1E-30	1E-10	1E10	1E-30	1E-10
19	2.21333162577807E-08	1E10	2E9	1E-30	2.0209127135325E-10	1E10	1E-30	1E10	0.29723964757783	2.07178146567976E-06	1E10	1920.50833700835	1.3880273727924E-05	1E10	65.0753026811898	3.75045729220599E-06	1E10	42.0161443818205	4.23616587987652E-06	1E10	6.07318061028863	4.68599231394503E-06	1E10	0.800601126398311	2.17973619015184E-06	1E10	0.516911503028978	1.08736345817878E-06	1E10	0.123880456644636	1E-30	7.31673611580236E-11	0.199933722479418	2.03381897528194E-08	4.32607075396482E-11	5.69564486827303E-02	1.1875070289444E-10	3.67506007634764E-11	0.803171188722173	2.13906433118036E-12	1.35152374709456E-10	14.2468817304538	1E10	1E-30	1E-10	1E10	1E-30	1E-10	1E10	1E-30	1E-10	1E10	1E-30	1E-10
20	2.21333162577807E-08	1E10	2E9	1E-30	2.0209127135325E-10	1E10	1E-30	1E10	0.29723964757783	2.07178146567976E-06	1E10	1920.50833700835	1.3880273727924E-05	1E10	65.0753026811898	3.75045729220599E-06	1E10	42.0161443818205	4.23616587987652E-06	1E10	6.07318061028863	4.68599231394503E-06	1E10	0.800601126398311	2.17973619015184E-06	1E10	0.516911503028978	1.08736345817878E-06	1E10	0.123880456644636	1E-30	7.31673611580236E-11	0.199933722479418	2.03381897528194E-08	4.32607075396482E-11	5.69564486827303E-02	1.1875070289444E-10	3.67506007634764E-11	0.803171188722173	2.13906433118036E-12	1.35152374709456E-10	14.2468817304538	1E10	1E-30	1E-10	1E10	1E-30	1E-10	1E10	1E-30	1E-10	1E10	1E-30	1E-10
21	4.62680415715114E-08	1E10	1063829787.23404	1E-30	6.45485039565678E-11	1E10	1E-30	1E10	9.93686227331073E-02	2.77129151844451E-06	1E10	2.21369347408213	6.64095268884749E-06	1E10	0.232043448515067	4.35297602904137E-06	1E10	7.46302492872926E-02	6.05420478756419E-06	1E10	1.93195412477124E-02	1E-30	1.02963174953802E-10	7.69845820025218E-02	3.01569851832899E-07	1.71677750280951E-11	1.72542884290725E-02	8.43380788703066E-08	2.68734681237067E-11	3.46701160666387E-02	4.18330818157298E-11	1.03712033896335E-10	1.43864981878674	7.29570723639323E-13	2.32341005703859E-10	57.5921399736973	1E10	1E-30	1E-10	1E10	1E-30	1E-10	1E10	1E-30	1E-10	1E10	1E-30	1E-10	1E10	1E-30	1E-10	1E10	1E-30	1E-10
22	4.62680415715114E-08	1E10	1063829787.23404	1E-30	6.45485039565678E-11	1E10	1E-30	1E10	9.93686227331073E-02	2.77129151844451E-06	1E10	2.21369347408213	6.64095268884749E-06	1E10	0.232043448515067	4.35297602904137E-06	1E10	7.46302492872926E-02	6.05420478756419E-06	1E10	1.93195412477124E-02	1E-30	1.02963174953802E-10	7.69845820025218E-02	3.01569851832899E-07	1.71677750280951E-11	1.72542884290725E-02	8.43380788703066E-08	2.68734681237067E-11	3.46701160666387E-02	4.18330818157298E-11	1.03712033896335E-10	1.43864981878674	7.29570723639323E-13	2.32341005703859E-10	57.5921399736973	1E10	1E-30	1E-10	1E10	1E-30	1E-10	1E10	1E-30	1E-10	1E10	1E-30	1E-10	1E10	1E-30	1E-10	1E10	1E-30	1E-10
23	4.70918121400912E-08	1E10	1063829787.23404	1E-30	1.89101913942561E-10	1E10	1E-30	1E10	2.82592061399115E-02	2.78681466471807E-06	1E10	0.947789830279221	4.58603594283976E-06	1E10	5.49883993607163E-02	6.1667247756821E-06	1E10	1.52052446686297E-02	1E-30	1.71188888293668E-11	0.15044764464578	1E-30	1.34157486377879E-10	0.115527744787744	1.95076507827126E-07	2.92189887907682E-11	3.78406760933629E-02	9.34673680478939E-08	2.90160848036672E-11	4.93889152980936E-02	3.95197970732818E-12	9.62565811414678E-11	13.5681133272767	1E10	1E-30	1E-10	1E10	1E-30	1E-10	1E10	1E-30	1E-10	1E10	1E-30	1E-10	1E10	1E-30	1E-10	1E10	1E-30	1E-10	1E10	1E-30	1E-10
24	4.70918121400912E-08	1E10	1063829787.23404	1E-30	1.89101913942561E-10	1E10	1E-30	1E10	2.82592061399115E-02	2.78681466471807E-06	1E10	0.947789830279221	4.58603594283976E-06	1E10	5.49883993607163E-02	6.1667247756821E-06	1E10	1.52052446686297E-02	1E-30	1.71188888293668E-11	0.15044764464578	1E-30	1.34157486377879E-10	0.115527744787744	1.95076507827126E-07	2.92189887907682E-11	3.78406760933629E-02	9.34673680478939E-08	2.90160848036672E-11	4.93889152980936E-02	3.95197970732818E-12	9.62565811414678E-11	13.5681133272767	1E10	1E-30	1E-10	1E10	1E-30	1E-10	1E10	1E-30	1E-10	1E10	1E-30	1E-10	1E10	1E-30	1E-10	1E10	1E-30	1E-10	1E10	1E-30	1E-10
25	9.80875328295698E-08	1E10	5E8	1E-30	1.83348919877001E-10	1E10	1E-30	1E10	3.79257259004677E-02	1.25457320861655E-05	1E10	317.149573254873	2.00161828841535E-05	1E10	28.9243848505545	1.42652065191899E-05	1E10	5.90560140756017	1.28033009370768E-05	1E10	0.74347116839049	1.01558232923749E-05	1E10	0.117996995497919	8.93157695607084E-06	1E10	0.024509397059694	1.76401997777168E-06	1E10	8.87802921902019E-03	1E-30	2.42552459295093E-10	9.73911452601989E-02	1E-30	2.12955859556709E-11	0.087522613767186	8.35341007883314E-07	1.62381414431082E-11	2.24499739779431E-02	3.50049025989828E-07	1.95291544050762E-11	2.67348680803442E-02	3.81115863636682E-12	9.27691475001713E-11	12.4914606375762	1E10	1E-30	1E-10	1E10	1E-30	1E-10	1E10	1E-30	1E-10
26	9.80875328295698E-08	1E10	5E8	1E-30	1.83348919877001E-10	1E10	1E-30	1E10	3.79257259004677E-02	1.25457320861655E-05	1E10	317.149573254873	2.00161828841535E-05	1E10	28.9243848505545	1.42652065191899E-05	1E10	5.90560140756017	1.28033009370768E-05	1E10	0.74347116839049	1.01558232923749E-05	1E10	0.117996995497919	8.93157695607084E-06	1E10	0.024509397059694	1.76401997777168E-06	1E10	8.87802921902019E-03	1E-30	2.42552459295093E-10	9.73911452601989E-02	1E-30	2.12955859556709E-11	0.087522613767186	8.35341007883314E-07	1.62381414431082E-11	2.24499739779431E-02	3.50049025989828E-07	1.95291544050762E-11	2.67348680803442E-02	3.81115863636682E-12	9.27691475001713E-11	12.4914606375762	1E10	1E-30	1E-10	1E10	1E-30	1E-10	1E10	1E-30	1E-10
27	9.70753390144041E-08	1E10	5E8	1E-30	2.03439848534795E-10	1E10	1E-30	1E10	2.55607252120065E-02	6.5618418566116E-06	1E10	0.319738086942851	9.30844226581402E-06	1E10	2.22361318527024E-02	8.31222871418153E-06	1E10	1.75163424930951E-03	1E-30	1.39349402140029E-11	8.94747769725429E-02	1E-30	1.17611865569062E-10	8.02749831409089E-02	5.96296851118148E-07	2.14505676450946E-11	1.97527806471474E-02	1.35137125097198E-07	2.86303134040579E-11	2.09584711378952E-02	4.42342556143948E-12	9.41029672250083E-11	13.4475707407258	1E10	1E-30	1E-10	1E10	1E-30	1E-10	1E10	1E-30	1E-10	1E10	1E-30	1E-10	1E10	1E-30	1E-10	1E10	1E-30	1E-10	1E10	1E-30	1E-10
28	9.70753390144041E-08	1E10	5E8	1E-30	2.03439848534795E-10	1E10	1E-30	1E10	2.55607252120065E-02	6.5618418566116E-06	1E10	0.319738086942851	9.30844226581402E-06	1E10	2.22361318527024E-02	8.31222871418153E-06	1E10	1.75163424930951E-03	1E-30	1.39349402140029E-11	8.94747769725429E-02	1E-30	1.17611865569062E-10	8.02749831409089E-02	5.96296851118148E-07	2.14505676450946E-11	1.97527806471474E-02	1.35137125097198E-07	2.86303134040579E-11	2.09584711378952E-02	4.42342556143948E-12	9.41029672250083E-11	13.4475707407258	1E10	1E-30	1E-10	1E10	1E-30	1E-10	1E10	1E-30	1E-10	1E10	1E-30	1E-10	1E10	1E-30	1E-10	1E10	1E-30	1E-10	1E10	1E-30	1E-10
29	2.0883606769546E-07	1E10	227272727.272727	1E-30	2.14141682297547E-10	1E10	1E-30	1E10	2.06577847897195E-02	1.13681002585729E-05	1E10	0.232344414459303	1.62223413645184E-05	1E10	1.60628540789369E-02	1E-30	1.98819073972433E-11	9.36495454846962E-02	1E-30	1.43268107366817E-10	6.17518134016902E-02	9.45492549053438E-07	2.66481015897079E-11	1.35720103364691E-02	3.49780663711434E-07	3.55341074508469E-11	0.020467504476181	3.19530676780522E-12	1.18931888374903E-10	15.8494772770312	1E10	1E-30	1E-10	1E10	1E-30	1E-10	1E10	1E-30	1E-10	1E10	1E-30	1E-10	1E10	1E-30	1E-10	1E10	1E-30	1E-10	1E10	1E-30	1E-10	1E10	1E-30	1E-10
30	2.0883606769546E-07	1E10	227272727.272727	1E-30	2.14141682297547E-10	1E10	1E-30	1E10	2.06577847897195E-02	1.13681002585729E-05	1E10	0.232344414459303	1.62223413645184E-05	1E10	1.60628540789369E-02	1E-30	1.98819073972433E-11	9.36495454846962E-02	1E-30	1.43268107366817E-10	6.17518134016902E-02	9.45492549053438E-07	2.66481015897079E-11	1.35720103364691E-02	3.49780663711434E-07	3.55341074508469E-11	0.020467504476181	3.19530676780522E-12	1.18931888374903E-10	15.8494772770312	1E10	1E-30	1E-10	1E10	1E-30	1E-10	1E10	1E-30	1E-10	1E10	1E-30	1E-10	1E10	1E-30	1E-10	1E10	1E-30	1E-10	1E10	1E-30	1E-10	1E10	1E-30	1E-10
31	2.26178128088298E-07	1E10	227272727	1E-30	2.12582758717669E-10	1E10	1E-30	1E10	2.24257045088673E-02	1.92612711036353E-05	1E10	0.164867551307317	2.92830743385252E-05	1E10	8.09024979645343E-03	1E-30	1.83503199057474E-11	7.72320507107676E-02	1E-30	1.63748550850181E-10	5.98324969514394E-02	1.11471517485829E-06	2.52424230718905E-11	1.06599425705425E-02	5.43690474501959E-07	2.77057904381737E-11	0.021441220157964	5.71856809613339E-12	9.27404997159494E-11	11.7129558083211	1.47507089643412E-11	2.28032385935955E-11	15.4799141922787	1E10	1E-30	1E-10	1E10	1E-30	1E-10	1E10	1E-30	1E-10	1E10	1E-30	1E-10	1E10	1E-30	1E-10	1E10	1E-30	1E-10	1E10	1E-30	1E-10
32	2.26178128088298E-07	1E10	227272727	1E-30	2.12582758717669E-10	1E10	1E-30	1E10	2.24257045088673E-02	1.92612711036353E-05	1E10	0.164867551307317	2.92830743385252E-05	1E10	8.09024979645343E-03	1E-30	1.83503199057474E-11	7.72320507107676E-02	1E-30	1.63748550850181E-10	5.98324969514394E-02	1.11471517485829E-06	2.52424230718905E-11	1.06599425705425E-02	5.43690474501959E-07	2.77057904381737E-11	0.021441220157964	5.71856809613339E-12	9.27404997159494E-11	11.7129558083211	1.47507089643412E-11	2.28032385935955E-11	15.4799141922787	1E10	1E-30	1E-10	1E10	1E-30	1E-10	1E10	1E-30	1E-10	1E10	1E-30	1E-10	1E10	1E-30	1E-10	1E10	1E-30	1E-10	1E10	1E-30	1E-10
33	4.12797530957013E-07	1E10	106382978.723404	1E-30	1.45128433747941E-10	1E10	1E-30	1E10	3.44460975465116E-02	2.24405777562628E-05	1E10	0.089286561356524	3.47222618938823E-05	1E10	4.30497459369467E-03	1E-30	2.29453813847421E-11	0.125728094604568	1E-30	1.40226691453127E-10	5.68563978191053E-02	8.54273940714767E-07	6.63445394227701E-11	1.00224409418509E-02	5.64448223777867E-07	4.02841867719209E-11	1.30567383850798E-02	6.02554660854346E-12	8.59311298426465E-11	13.2635784918018	2.46500775551773E-12	1.08503939284054E-10	27.0828964054927	1E10	1E-30	1E-10	1E10	1E-30	1E-10	1E10	1E-30	1E-10	1E10	1E-30	1E-10	1E10	1E-30	1E-10	1E10	1E-30	1E-10	1E10	1E-30	1E-10
34	4.12797530957013E-07	1E10	106382978.723404	1E-30	1.45128433747941E-10	1E10	1E-30	1E10	3.44460975465116E-02	2.24405777562628E-05	1E10	0.089286561356524	3.47222618938823E-05	1E10	4.30497459369467E-03	1E-30	2.29453813847421E-11	0.125728094604568	1E-30	1.40226691453127E-10	5.68563978191053E-02	8.54273940714767E-07	6.63445394227701E-11	1.00224409418509E-02	5.64448223777867E-07	4.02841867719209E-11	1.30567383850798E-02	6.02554660854346E-12	8.59311298426465E-11	13.2635784918018	2.46500775551773E-12	1.08503939284054E-10	27.0828964054927	1E10	1E-30	1E-10	1E10	1E-30	1E-10	1E10	1E-30	1E-10	1E10	1E-30	1E-10	1E10	1E-30	1E-10	1E10	1E-30	1E-10	1E10	1E-30	1E-10
35	7.52421861846962E-07	1E10	5E7	1E-30	2.1166072739913E-10	1E10	1E-30	1E10	1.53782037757886E-02	8.11310536052774E-06	1E10	716.987791784003	4.11417713221527E-05	1E10	17.5392758009979	2.33177459626075E-05	1E10	5.06128582624163	2.04099767815473E-05	1E10	0.564096982173941	1.42477257942574E-05	1E10	9.33313616539306E-02	1.17220919687551E-05	1E10	1.10751608608191E-02	1E-30	3.50139481815502E-11	0.117056359025738	1E-30	2.15802052812811E-10	4.55577896264685E-02	4.4531288047138E-06	2.29713192731862E-11	7.82386748756504E-03	1.52520231891596E-06	3.3789085333827E-11	1.36164663755879E-02	6.50234533695504E-12	7.5635584580537E-11	11.0922952976643	1E10	1E-30	1E-10	1E10	1E-30	1E-10	1E10	1E-30	1E-10	1E10	1E-30	1E-10
36	7.52421861846962E-07	1E10	5E7	1E-30	2.1166072739913E-10	1E10	1E-30	1E10	1.53782037757886E-02	8.11310536052774E-06	1E10	716.987791784003	4.11417713221527E-05	1E10	17.5392758009979	2.33177459626075E-05	1E10	5.06128582624163	2.04099767815473E-05	1E10	0.564096982173941	1.42477257942574E-05	1E10	9.33313616539306E-02	1.17220919687551E-05	1E10	1.10751608608191E-02	1E-30	3.50139481815502E-11	0.117056359025738	1E-30	2.15802052812811E-10	4.55577896264685E-02	4.4531288047138E-06	2.29713192731862E-11	7.82386748756504E-03	1.52520231891596E-06	3.3789085333827E-11	1.36164663755879E-02	6.50234533695504E-12	7.5635584580537E-11	11.0922952976643	1E10	1E-30	1E-10	1E10	1E-30	1E-10	1E10	1E-30	1E-10	1E10	1E-30	1E-10
37	8.98373965210395E-07	1E10	5E7	1E-30	1.96522089660868E-10	1E10	1E-30	1E10	1.06755351384439E-02	2.22042400007109E-06	1E10	4991.86652035143	2.73837415218226E-05	1E10	16.1333054139698	2.56036213431598E-05	1E10	3.00402526442068	1.93839003128964E-05	1E10	0.459954968944579	1.5093731428271E-05	1E10	7.41597970393398E-02	1.20209923441175E-05	1E10	1.57760385567447E-02	1E-30	3.18853678915584E-11	7.88204771263728E-02	1E-30	2.14033575743172E-10	3.98009634604838E-02	5.53707518994523E-06	1.69004011610198E-11	6.12407279912208E-03	1.50419584987252E-06	3.13335325931302E-11	1.12874840981383E-02	1.8814028201813E-11	2.96546682896347E-11	5.70977740387583	3.99227403753394E-12	6.77585277489262E-11	6.86138340730912	1E10	1E-30	1E-10	1E10	1E-30	1E-10	1E10	1E-30	1E-10
38	7.52421861846962E-07	1E10	5E7	1E-30	2.1166072739913E-10	1E10	1E-30	1E10	1.53782037757886E-02	8.11310536052774E-06	1E10	716.987791784003	4.11417713221527E-05	1E10	17.5392758009979	2.33177459626075E-05	1E10	5.06128582624163	2.04099767815473E-05	1E10	0.564096982173941	1.42477257942574E-05	1E10	9.33313616539306E-02	1.17220919687551E-05	1E10	1.10751608608191E-02	1E-30	3.50139481815502E-11	0.117056359025738	1E-30	2.15802052812811E-10	4.55577896264685E-02	4.4531288047138E-06	2.29713192731862E-11	7.82386748756504E-03	1.52520231891596E-06	3.3789085333827E-11	1.36164663755879E-02	6.50234533695504E-12	7.5635584580537E-11	11.0922952976643	1E10	1E-30	1E-10	1E10	1E-30	1E-10	1E10	1E-30	1E-10	1E10	1E-30	1E-10
39	7.52421861846962E-07	1E10	5E7	1E-30	2.1166072739913E-10	1E10	1E-30	1E10	1.53782037757886E-02	8.11310536052774E-06	1E10	716.987791784003	4.11417713221527E-05	1E10	17.5392758009979	2.33177459626075E-05	1E10	5.06128582624163	2.04099767815473E-05	1E10	0.564096982173941	1.42477257942574E-05	1E10	9.33313616539306E-02	1.17220919687551E-05	1E10	1.10751608608191E-02	1E-30	3.50139481815502E-11	0.117056359025738	1E-30	2.15802052812811E-10	4.55577896264685E-02	4.4531288047138E-06	2.29713192731862E-11	7.82386748756504E-03	1.52520231891596E-06	3.3789085333827E-11	1.36164663755879E-02	6.50234533695504E-12	7.5635584580537E-11	11.0922952976643	1E10	1E-30	1E-10	1E10	1E-30	1E-10	1E10	1E-30	1E-10	1E10	1E-30	1E-10
40	1.59899741405386E-06	1E10	22727272.7272727	1E-30	2.00173461616062E-10	1E10	1E-30	1E10	1.40779361468646E-02	3.16594639823218E-05	1E10	167.569633291711	5.64658028006205E-05	1E10	9.52348136452877	5.33304525903543E-05	1E10	1.42979474043097	4.56101011678616E-05	1E10	0.221815208557604	4.05164002187609E-05	1E10	3.50200962925475E-02	3.62451600237346E-05	1E10	1.02047858487103E-02	1E-30	4.1375603459674E-11	0.113158381521405	1E-30	2.48622186612625E-10	3.62183712396371E-02	1.89773229871731E-05	1.26462550483833E-11	3.91623254593748E-03	2.79440594904134E-06	4.95483086200581E-11	9.64682429587989E-03	6.35227413823027E-12	7.06101227768284E-11	10.8433186774796	1E10	1E-30	1E-10	1E10	1E-30	1E-10	1E10	1E-30	1E-10	1E10	1E-30	1E-10
41	1.59899741405386E-06	1E10	22727272.7272727	1E-30	2.00173461616062E-10	1E10	1E-30	1E10	1.40779361468646E-02	3.16594639823218E-05	1E10	167.569633291711	5.64658028006205E-05	1E10	9.52348136452877	5.33304525903543E-05	1E10	1.42979474043097	4.56101011678616E-05	1E10	0.221815208557604	4.05164002187609E-05	1E10	3.50200962925475E-02	3.62451600237346E-05	1E10	1.02047858487103E-02	1E-30	4.1375603459674E-11	0.113158381521405	1E-30	2.48622186612625E-10	3.62183712396371E-02	1.89773229871731E-05	1.26462550483833E-11	3.91623254593748E-03	2.79440594904134E-06	4.95483086200581E-11	9.64682429587989E-03	6.35227413823027E-12	7.06101227768284E-11	10.8433186774796	1E10	1E-30	1E-10	1E10	1E-30	1E-10	1E10	1E-30	1E-10	1E10	1E-30	1E-10
42	3.48104005315011E-06	1E10	10638298	1E-30	2.04489333096288E-10	1E10	1E-30	1E10	7.60326222318875E-03	1.56848800872099E-04	1E10	24.4772514699616	1.99818921040567E-04	1E10	2.09514074173561	1.98583796774524E-04	1E10	0.323926719718195	2.13427230479354E-04	1E10	5.15984845928851E-02	1.65156629741512E-04	1E10	1.26069753082012E-02	8.55771943115912E-05	1E10	3.96989647567878E-03	1E-30	2.50394841414767E-11	0.121960976270604	1E-30	4.31839391868083E-11	2.67321559403733E-02	1E-30	2.85117188065813E-10	2.12594436569454E-02	1.43730843499653E-05	4.69524612137826E-11	4.73556663065019E-03	7.92751374640576E-06	4.13823821308125E-11	5.50302429266969E-03	9.66301788776198E-12	4.08119141522364E-11	6.18999867432159	1E10	1E-30	1E-10	1E10	1E-30	1E-10	1E10	1E-30	1E-10
43	3.48104005315011E-06	1E10	10638298	1E-30	2.04489333096288E-10	1E10	1E-30	1E10	7.60326222318875E-03	1.56848800872099E-04	1E10	24.4772514699616	1.99818921040567E-04	1E10	2.09514074173561	1.98583796774524E-04	1E10	0.323926719718195	2.13427230479354E-04	1E10	5.15984845928851E-02	1.65156629741512E-04	1E10	1.26069753082012E-02	8.55771943115912E-05	1E10	3.96989647567878E-03	1E-30	2.50394841414767E-11	0.121960976270604	1E-30	4.31839391868083E-11	2.67321559403733E-02	1E-30	2.85117188065813E-10	2.12594436569454E-02	1.43730843499653E-05	4.69524612137826E-11	4.73556663065019E-03	7.92751374640576E-06	4.13823821308125E-11	5.50302429266969E-03	9.66301788776198E-12	4.08119141522364E-11	6.18999867432159	1E10	1E-30	1E-10	1E10	1E-30	1E-10	1E10	1E-30	1E-10
44	3.66569936510828E-06	1E10	10638297.8723404	1E-30	1.69552377534195E-10	1E10	1E-30	1E10	1.02074968083325E-02	2.97821028207089E-04	1E10	17.8132645692194	2.38442927701009E-04	1E10	3.09933575788083	2.69298153339219E-04	1E10	0.317698810790736	2.31378593630771E-04	1E10	3.47319508988264E-02	1.54276237281048E-04	1E10	5.37130293249899E-03	1E-30	2.42976007653163E-11	0.114448740886701	1E-30	2.55431297266122E-10	2.25272220730156E-02	1E-30	3.8149430011011E-11	2.17429905859376E-02	1.22255196221182E-05	5.1797380459117E-11	3.30934471324431E-03	5.47332343330837E-06	5.02205916568117E-11	4.25164380358432E-03	5.31173143274313E-12	6.44037067238378E-11	16.8818895074042	1E10	1E-30	1E-10	1E10	1E-30	1E-10	1E10	1E-30	1E-10	1E10	1E-30	1E-10
45	3.66569936510828E-06	1E10	10638297.8723404	1E-30	1.69552377534195E-10	1E10	1E-30	1E10	1.02074968083325E-02	2.97821028207089E-04	1E10	17.8132645692194	2.38442927701009E-04	1E10	3.09933575788083	2.69298153339219E-04	1E10	0.317698810790736	2.31378593630771E-04	1E10	3.47319508988264E-02	1.54276237281048E-04	1E10	5.37130293249899E-03	1E-30	2.42976007653163E-11	0.114448740886701	1E-30	2.55431297266122E-10	2.25272220730156E-02	1E-30	3.8149430011011E-11	2.17429905859376E-02	1.22255196221182E-05	5.1797380459117E-11	3.30934471324431E-03	5.47332343330837E-06	5.02205916568117E-11	4.25164380358432E-03	5.31173143274313E-12	6.44037067238378E-11	16.8818895074042	1E10	1E-30	1E-10	1E10	1E-30	1E-10	1E10	1E-30	1E-10	1E10	1E-30	1E-10
46	3.66569936510828E-06	1E10	10638297.8723404	1E-30	1.69552377534195E-10	1E10	1E-30	1E10	1.02074968083325E-02	2.97821028207089E-04	1E10	17.8132645692194	2.38442927701009E-04	1E10	3.09933575788083	2.69298153339219E-04	1E10	0.317698810790736	2.31378593630771E-04	1E10	3.47319508988264E-02	1.54276237281048E-04	1E10	5.37130293249899E-03	1E-30	2.42976007653163E-11	0.114448740886701	1E-30	2.55431297266122E-10	2.25272220730156E-02	1E-30	3.8149430011011E-11	2.17429905859376E-02	1.22255196221182E-05	5.1797380459117E-11	3.30934471324431E-03	5.47332343330837E-06	5.02205916568117E-11	4.25164380358432E-03	5.31173143274313E-12	6.44037067238378E-11	16.8818895074042	1E10	1E-30	1E-10	1E10	1E-30	1E-10	1E10	1E-30	1E-10	1E10	1E-30	1E-10
47	3.66569936510828E-06	1E10	10638297.8723404	1E-30	1.69552377534195E-10	1E10	1E-30	1E10	1.02074968083325E-02	2.97821028207089E-04	1E10	17.8132645692194	2.38442927701009E-04	1E10	3.09933575788083	2.69298153339219E-04	1E10	0.317698810790736	2.31378593630771E-04	1E10	3.47319508988264E-02	1.54276237281048E-04	1E10	5.37130293249899E-03	1E-30	2.42976007653163E-11	0.114448740886701	1E-30	2.55431297266122E-10	2.25272220730156E-02	1E-30	3.8149430011011E-11	2.17429905859376E-02	1.22255196221182E-05	5.1797380459117E-11	3.30934471324431E-03	5.47332343330837E-06	5.02205916568117E-11	4.25164380358432E-03	5.31173143274313E-12	6.44037067238378E-11	16.8818895074042	1E10	1E-30	1E-10	1E10	1E-30	1E-10	1E10	1E-30	1E-10	1E10	1E-30	1E-10
48	7.30034898919207E-06	1E10	5E6	1E-30	1.99925212652307E-10	1E10	1E-30	1E10	7.42864116313356E-03	3.2181829399573E-04	1E10	16.1097258080432	4.10322420445103E-04	1E10	1.22207409841502	5.95207286622534E-04	1E10	0.100707820222381	6.64187615917058E-04	1E10	1.64993358820139E-02	2.90843050706917E-04	1E10	4.02654550744569E-03	1E-30	2.04395805073862E-11	9.19431980176745E-02	1E-30	5.80948091662011E-11	2.82683963525338E-02	1E-30	2.90451661383323E-10	1.53905600788095E-02	1.90476625711314E-05	6.39720413832576E-11	2.53250862255523E-03	3.71178086969568E-05	1.91452793960849E-11	1.61544056147974E-03	8.50283402715372E-12	3.79325414332823E-11	4.20186888228602	1E10	1E-30	1E-10	1E10	1E-30	1E-10	1E10	1E-30	1E-10	1E10	1E-30	1E-10
49	7.30034898919207E-06	1E10	5E6	1E-30	1.99925212652307E-10	1E10	1E-30	1E10	7.42864116313356E-03	3.2181829399573E-04	1E10	16.1097258080432	4.10322420445103E-04	1E10	1.22207409841502	5.95207286622534E-04	1E10	0.100707820222381	6.64187615917058E-04	1E10	1.64993358820139E-02	2.90843050706917E-04	1E10	4.02654550744569E-03	1E-30	2.04395805073862E-11	9.19431980176745E-02	1E-30	5.80948091662011E-11	2.82683963525338E-02	1E-30	2.90451661383323E-10	1.53905600788095E-02	1.90476625711314E-05	6.39720413832576E-11	2.53250862255523E-03	3.71178086969568E-05	1.91452793960849E-11	1.61544056147974E-03	8.50283402715372E-12	3.79325414332823E-11	4.20186888228602	1E10	1E-30	1E-10	1E10	1E-30	1E-10	1E10	1E-30	1E-10	1E10	1E-30	1E-10
END DSCRDATA
