BEGIN DSCRDATA
% INDEX	K01	L01	M01	K02	L02	M02	K03	L03	M03	K04	L04	M04	K05	L05	M05	K06	L06	M06	K07	L07	M07	K08	L08	M08	K09	L09	M09	K10	L10	M10	K11	L11	M11	K12	L12	M12	K13	L13	M13	K14	L14	M14	K15	L15	M15	K16	L16	M16	K17	L17	M17	K18	L18	M18	T01	T02	T03
0	0	0	0	0	0	0	0	0	0	0	0	0	0	0	0	0	0	0	0	0	0	0	0	0	0	0	0	0	0	0	0	0	0	0	0	0	0	0	0	0	0	0	0	0	0	0	0	0	0	0	0	0	0	0	0	0	0
1	1E-11	1E10	1E10	1E-30	8.26693580619828E-11	1E10	1E-30	1E10	0.344446284722052	1.88439593252444E-09	1.34994742484713E-12	6.55613629492297E-02	1.05896083733309E-10	8.74256981896751E-12	3.60956801993757	8.85347417548222E-13	4.87908642997676E-10	256.550591713195	4.54060501876962E-12	7.55681014785838E-11	76.6842910402884	1E10	1E-30	1E-10	1E10	1E-30	1E-10	1E10	1E-30	1E-10	1E10	1E-30	1E-10	1E10	1E-30	1E-10	1E10	1E-30	1E-10	1E10	1E-30	1E-10	1E10	1E-30	1E-10	1E10	1E-30	1E-10	1E10	1E-30	1E-10	1E10	1E-30	1E-10	2	-1	1
2	1E-11	1E10	1E10	1E-30	8.26693580619828E-11	1E10	1E-30	1E10	0.344446284722052	1.88439593252444E-09	1.34994742484713E-12	6.55613629492297E-02	1.05896083733309E-10	8.74256981896751E-12	3.60956801993757	8.85347417548222E-13	4.87908642997676E-10	256.550591713195	4.54060501876962E-12	7.55681014785838E-11	76.6842910402884	1E10	1E-30	1E-10	1E10	1E-30	1E-10	1E10	1E-30	1E-10	1E10	1E-30	1E-10	1E10	1E-30	1E-10	1E10	1E-30	1E-10	1E10	1E-30	1E-10	1E10	1E-30	1E-10	1E10	1E-30	1E-10	1E10	1E-30	1E-10	1E10	1E-30	1E-10	2	-2	2
3	1E-11	1E10	1E10	1E-30	8.26693580619828E-11	1E10	1E-30	1E10	0.344446284722052	1.88439593252444E-09	1.34994742484713E-12	6.55613629492297E-02	1.05896083733309E-10	8.74256981896751E-12	3.60956801993757	8.85347417548222E-13	4.87908642997676E-10	256.550591713195	4.54060501876962E-12	7.55681014785838E-11	76.6842910402884	1E10	1E-30	1E-10	1E10	1E-30	1E-10	1E10	1E-30	1E-10	1E10	1E-30	1E-10	1E10	1E-30	1E-10	1E10	1E-30	1E-10	1E10	1E-30	1E-10	1E10	1E-30	1E-10	1E10	1E-30	1E-10	1E10	1E-30	1E-10	1E10	1E-30	1E-10	2	-5	5
4	1E-11	1E10	1E10	1E-30	6.46401149372555E-11	1E10	1E-30	1E10	0.234100138810514	6.65534382500493E-11	1E10	2807.09684340181	1E-30	3.12354332868111E-11	0.304461290623304	6.87917445871723E-13	5.2528315243422E-10	265.36277258308	1E10	1E-30	1E-10	1E10	1E-30	1E-10	1E10	1E-30	1E-10	1E10	1E-30	1E-10	1E10	1E-30	1E-10	1E10	1E-30	1E-10	1E10	1E-30	1E-10	1E10	1E-30	1E-10	1E10	1E-30	1E-10	1E10	1E-30	1E-10	1E10	1E-30	1E-10	1E10	1E-30	1E-10	2	-1	1
5	1E-11	1E10	1E10	1E-30	6.46401149372555E-11	1E10	1E-30	1E10	0.234100138810514	6.65534382500493E-11	1E10	2807.09684340181	1E-30	3.12354332868111E-11	0.304461290623304	6.87917445871723E-13	5.2528315243422E-10	265.36277258308	1E10	1E-30	1E-10	1E10	1E-30	1E-10	1E10	1E-30	1E-10	1E10	1E-30	1E-10	1E10	1E-30	1E-10	1E10	1E-30	1E-10	1E10	1E-30	1E-10	1E10	1E-30	1E-10	1E10	1E-30	1E-10	1E10	1E-30	1E-10	1E10	1E-30	1E-10	1E10	1E-30	1E-10	2	-2	2
6	1E-11	1E10	1E10	1E-30	6.46401149372555E-11	1E10	1E-30	1E10	0.234100138810514	6.65534382500493E-11	1E10	2807.09684340181	1E-30	3.12354332868111E-11	0.304461290623304	6.87917445871723E-13	5.2528315243422E-10	265.36277258308	1E10	1E-30	1E-10	1E10	1E-30	1E-10	1E10	1E-30	1E-10	1E10	1E-30	1E-10	1E10	1E-30	1E-10	1E10	1E-30	1E-10	1E10	1E-30	1E-10	1E10	1E-30	1E-10	1E10	1E-30	1E-10	1E10	1E-30	1E-10	1E10	1E-30	1E-10	1E10	1E-30	1E-10	2	-5	5
7	1.2E-11	1E10	1E10	1E-30	9.21935653359652E-12	1E10	1E-30	1E10	0.21740938810451	1.6574627119156E-09	1.67886297097866E-12	8.75742375339014E-02	9.30602119081343E-11	1.36096272462766E-11	4.82010051169198	1.33853569843035E-12	4.50568695547364E-10	298.669017590652	2.82980110639857E-12	1.45442823748372E-10	106.129018816499	1E10	1E-30	1E-10	1E10	1E-30	1E-10	1E10	1E-30	1E-10	1E10	1E-30	1E-10	1E10	1E-30	1E-10	1E10	1E-30	1E-10	1E10	1E-30	1E-10	1E10	1E-30	1E-10	1E10	1E-30	1E-10	1E10	1E-30	1E-10	1E10	1E-30	1E-10	2	-1	1
8	1.2E-11	1E10	1E10	1E-30	9.21935653359652E-12	1E10	1E-30	1E10	0.21740938810451	1.6574627119156E-09	1.67886297097866E-12	8.75742375339014E-02	9.30602119081343E-11	1.36096272462766E-11	4.82010051169198	1.33853569843035E-12	4.50568695547364E-10	298.669017590652	2.82980110639857E-12	1.45442823748372E-10	106.129018816499	1E10	1E-30	1E-10	1E10	1E-30	1E-10	1E10	1E-30	1E-10	1E10	1E-30	1E-10	1E10	1E-30	1E-10	1E10	1E-30	1E-10	1E10	1E-30	1E-10	1E10	1E-30	1E-10	1E10	1E-30	1E-10	1E10	1E-30	1E-10	1E10	1E-30	1E-10	2	-2	2
9	1.2E-11	1E10	1E10	1E-30	9.21935653359652E-12	1E10	1E-30	1E10	0.21740938810451	1.6574627119156E-09	1.67886297097866E-12	8.75742375339014E-02	9.30602119081343E-11	1.36096272462766E-11	4.82010051169198	1.33853569843035E-12	4.50568695547364E-10	298.669017590652	2.82980110639857E-12	1.45442823748372E-10	106.129018816499	1E10	1E-30	1E-10	1E10	1E-30	1E-10	1E10	1E-30	1E-10	1E10	1E-30	1E-10	1E10	1E-30	1E-10	1E10	1E-30	1E-10	1E10	1E-30	1E-10	1E10	1E-30	1E-10	1E10	1E-30	1E-10	1E10	1E-30	1E-10	1E10	1E-30	1E-10	2	-5	5
10	1.2E-11	1E10	1E10	1E-30	6.86476016946641E-11	1E10	1E-30	1E10	0.294529257967688	5.21849974247103E-09	1E10	14.9238964204322	1E-30	1.59833897094195E-11	0.726444051289561	1.14464500018212E-11	5.04275209024137E-11	14.8719356450623	8.42250732068449E-13	4.54028375475466E-10	206.003657520242	1E10	1E-30	1E-10	1E10	1E-30	1E-10	1E10	1E-30	1E-10	1E10	1E-30	1E-10	1E10	1E-30	1E-10	1E10	1E-30	1E-10	1E10	1E-30	1E-10	1E10	1E-30	1E-10	1E10	1E-30	1E-10	1E10	1E-30	1E-10	1E10	1E-30	1E-10	2	-1	1
11	1.2E-11	1E10	1E10	1E-30	6.86476016946641E-11	1E10	1E-30	1E10	0.294529257967688	5.21849974247103E-09	1E10	14.9238964204322	1E-30	1.59833897094195E-11	0.726444051289561	1.14464500018212E-11	5.04275209024137E-11	14.8719356450623	8.42250732068449E-13	4.54028375475466E-10	206.003657520242	1E10	1E-30	1E-10	1E10	1E-30	1E-10	1E10	1E-30	1E-10	1E10	1E-30	1E-10	1E10	1E-30	1E-10	1E10	1E-30	1E-10	1E10	1E-30	1E-10	1E10	1E-30	1E-10	1E10	1E-30	1E-10	1E10	1E-30	1E-10	1E10	1E-30	1E-10	2	-2	2
12	1.2E-11	1E10	1E10	1E-30	6.86476016946641E-11	1E10	1E-30	1E10	0.294529257967688	5.21849974247103E-09	1E10	14.9238964204322	1E-30	1.59833897094195E-11	0.726444051289561	1.14464500018212E-11	5.04275209024137E-11	14.8719356450623	8.42250732068449E-13	4.54028375475466E-10	206.003657520242	1E10	1E-30	1E-10	1E10	1E-30	1E-10	1E10	1E-30	1E-10	1E10	1E-30	1E-10	1E10	1E-30	1E-10	1E10	1E-30	1E-10	1E10	1E-30	1E-10	1E10	1E-30	1E-10	1E10	1E-30	1E-10	1E10	1E-30	1E-10	1E10	1E-30	1E-10	2	-5	5
13	1.5E-11	1E10	1E10	1E-30	4.53019545190004E-12	1E10	1E-30	1E10	0.202879738522258	2.45156700027039E-09	1.10921376502816E-12	0.112817472242916	1.40852330515414E-10	1.18534898043811E-11	3.65642015755623	4.68079375829388E-12	1.57561665353705E-10	59.5923035447406	1.0040513214182E-12	4.09913571927318E-10	463.269969735164	1E10	1E-30	1E-10	1E10	1E-30	1E-10	1E10	1E-30	1E-10	1E10	1E-30	1E-10	1E10	1E-30	1E-10	1E10	1E-30	1E-10	1E10	1E-30	1E-10	1E10	1E-30	1E-10	1E10	1E-30	1E-10	1E10	1E-30	1E-10	1E10	1E-30	1E-10	2	-1	1
14	1.5E-11	1E10	1E10	1E-30	4.53019545190004E-12	1E10	1E-30	1E10	0.202879738522258	2.45156700027039E-09	1.10921376502816E-12	0.112817472242916	1.40852330515414E-10	1.18534898043811E-11	3.65642015755623	4.68079375829388E-12	1.57561665353705E-10	59.5923035447406	1.0040513214182E-12	4.09913571927318E-10	463.269969735164	1E10	1E-30	1E-10	1E10	1E-30	1E-10	1E10	1E-30	1E-10	1E10	1E-30	1E-10	1E10	1E-30	1E-10	1E10	1E-30	1E-10	1E10	1E-30	1E-10	1E10	1E-30	1E-10	1E10	1E-30	1E-10	1E10	1E-30	1E-10	1E10	1E-30	1E-10	2	-2	2
15	1.5E-11	1E10	1E10	1E-30	4.53019545190004E-12	1E10	1E-30	1E10	0.202879738522258	2.45156700027039E-09	1.10921376502816E-12	0.112817472242916	1.40852330515414E-10	1.18534898043811E-11	3.65642015755623	4.68079375829388E-12	1.57561665353705E-10	59.5923035447406	1.0040513214182E-12	4.09913571927318E-10	463.269969735164	1E10	1E-30	1E-10	1E10	1E-30	1E-10	1E10	1E-30	1E-10	1E10	1E-30	1E-10	1E10	1E-30	1E-10	1E10	1E-30	1E-10	1E10	1E-30	1E-10	1E10	1E-30	1E-10	1E10	1E-30	1E-10	1E10	1E-30	1E-10	1E10	1E-30	1E-10	2	-5	5
16	1.5E-11	1E10	1E10	1E-30	1.32605521563121E-10	1E10	1E-30	1E10	0.250190209961242	3.57455402294841E-10	1E10	38.7441401916598	3.12279749719782E-11	3.2945607153189E-11	8.92028126819858	8.86180153365782E-12	8.77445031769148E-11	15.052330231995	2.89107882221247E-12	2.14153960219407E-10	74.3914481850905	4.23695975147178E-12	9.567124092465E-11	37.5145252143275	1E10	1E-30	1E-10	1E10	1E-30	1E-10	1E10	1E-30	1E-10	1E10	1E-30	1E-10	1E10	1E-30	1E-10	1E10	1E-30	1E-10	1E10	1E-30	1E-10	1E10	1E-30	1E-10	1E10	1E-30	1E-10	1E10	1E-30	1E-10	2	-1	1
17	1.5E-11	1E10	1E10	1E-30	1.32605521563121E-10	1E10	1E-30	1E10	0.250190209961242	3.57455402294841E-10	1E10	38.7441401916598	3.12279749719782E-11	3.2945607153189E-11	8.92028126819858	8.86180153365782E-12	8.77445031769148E-11	15.052330231995	2.89107882221247E-12	2.14153960219407E-10	74.3914481850905	4.23695975147178E-12	9.567124092465E-11	37.5145252143275	1E10	1E-30	1E-10	1E10	1E-30	1E-10	1E10	1E-30	1E-10	1E10	1E-30	1E-10	1E10	1E-30	1E-10	1E10	1E-30	1E-10	1E10	1E-30	1E-10	1E10	1E-30	1E-10	1E10	1E-30	1E-10	1E10	1E-30	1E-10	2	-2	2
18	1.5E-11	1E10	1E10	1E-30	1.32605521563121E-10	1E10	1E-30	1E10	0.250190209961242	3.57455402294841E-10	1E10	38.7441401916598	3.12279749719782E-11	3.2945607153189E-11	8.92028126819858	8.86180153365782E-12	8.77445031769148E-11	15.052330231995	2.89107882221247E-12	2.14153960219407E-10	74.3914481850905	4.23695975147178E-12	9.567124092465E-11	37.5145252143275	1E10	1E-30	1E-10	1E10	1E-30	1E-10	1E10	1E-30	1E-10	1E10	1E-30	1E-10	1E10	1E-30	1E-10	1E10	1E-30	1E-10	1E10	1E-30	1E-10	1E10	1E-30	1E-10	1E10	1E-30	1E-10	1E10	1E-30	1E-10	2	-5	5
19	1.8E-11	1E10	1E10	1E-30	3.11497443836202E-11	1E10	1E-30	1E10	0.214103130252407	1.54683420430587E-09	1.7579853451773E-12	0.178803643748469	2.26649405366926E-10	7.59340873155903E-12	1.8325511037446	4.47012333586606E-12	1.50470222253979E-10	47.3358492778473	8.74492143402543E-13	4.70643752109073E-10	422.507233946554	1E10	1E-30	1E-10	1E10	1E-30	1E-10	1E10	1E-30	1E-10	1E10	1E-30	1E-10	1E10	1E-30	1E-10	1E10	1E-30	1E-10	1E10	1E-30	1E-10	1E10	1E-30	1E-10	1E10	1E-30	1E-10	1E10	1E-30	1E-10	1E10	1E-30	1E-10	2	-1	1
20	1.8E-11	1E10	1E10	1E-30	3.11497443836202E-11	1E10	1E-30	1E10	0.214103130252407	1.54683420430587E-09	1.7579853451773E-12	0.178803643748469	2.26649405366926E-10	7.59340873155903E-12	1.8325511037446	4.47012333586606E-12	1.50470222253979E-10	47.3358492778473	8.74492143402543E-13	4.70643752109073E-10	422.507233946554	1E10	1E-30	1E-10	1E10	1E-30	1E-10	1E10	1E-30	1E-10	1E10	1E-30	1E-10	1E10	1E-30	1E-10	1E10	1E-30	1E-10	1E10	1E-30	1E-10	1E10	1E-30	1E-10	1E10	1E-30	1E-10	1E10	1E-30	1E-10	1E10	1E-30	1E-10	2	-2	2
21	1.8E-11	1E10	1E10	1E-30	3.11497443836202E-11	1E10	1E-30	1E10	0.214103130252407	1.54683420430587E-09	1.7579853451773E-12	0.178803643748469	2.26649405366926E-10	7.59340873155903E-12	1.8325511037446	4.47012333586606E-12	1.50470222253979E-10	47.3358492778473	8.74492143402543E-13	4.70643752109073E-10	422.507233946554	1E10	1E-30	1E-10	1E10	1E-30	1E-10	1E10	1E-30	1E-10	1E10	1E-30	1E-10	1E10	1E-30	1E-10	1E10	1E-30	1E-10	1E10	1E-30	1E-10	1E10	1E-30	1E-10	1E10	1E-30	1E-10	1E10	1E-30	1E-10	1E10	1E-30	1E-10	2	-5	5
22	1.8E-11	1E10	1E10	1E-30	1.01870701341279E-10	1E10	1E-30	1E10	0.24227144050757	2.77990671156372E-06	1E10	106.511786840321	2.08142079474975E-10	5.6198675098152E-12	2.42075113835625	4.09064719038601E-12	1.27851403403369E-10	55.804720700836	9.28254279073471E-13	3.30605152361358E-10	96.1293474911971	1E10	1E-30	1E-10	1E10	1E-30	1E-10	1E10	1E-30	1E-10	1E10	1E-30	1E-10	1E10	1E-30	1E-10	1E10	1E-30	1E-10	1E10	1E-30	1E-10	1E10	1E-30	1E-10	1E10	1E-30	1E-10	1E10	1E-30	1E-10	1E10	1E-30	1E-10	2	-1	1
23	1.8E-11	1E10	1E10	1E-30	1.01870701341279E-10	1E10	1E-30	1E10	0.24227144050757	2.77990671156372E-06	1E10	106.511786840321	2.08142079474975E-10	5.6198675098152E-12	2.42075113835625	4.09064719038601E-12	1.27851403403369E-10	55.804720700836	9.28254279073471E-13	3.30605152361358E-10	96.1293474911971	1E10	1E-30	1E-10	1E10	1E-30	1E-10	1E10	1E-30	1E-10	1E10	1E-30	1E-10	1E10	1E-30	1E-10	1E10	1E-30	1E-10	1E10	1E-30	1E-10	1E10	1E-30	1E-10	1E10	1E-30	1E-10	1E10	1E-30	1E-10	1E10	1E-30	1E-10	2	-2	2
24	1.8E-11	1E10	1E10	1E-30	1.01870701341279E-10	1E10	1E-30	1E10	0.24227144050757	2.77990671156372E-06	1E10	106.511786840321	2.08142079474975E-10	5.6198675098152E-12	2.42075113835625	4.09064719038601E-12	1.27851403403369E-10	55.804720700836	9.28254279073471E-13	3.30605152361358E-10	96.1293474911971	1E10	1E-30	1E-10	1E10	1E-30	1E-10	1E10	1E-30	1E-10	1E10	1E-30	1E-10	1E10	1E-30	1E-10	1E10	1E-30	1E-10	1E10	1E-30	1E-10	1E10	1E-30	1E-10	1E10	1E-30	1E-10	1E10	1E-30	1E-10	1E10	1E-30	1E-10	2	-5	5
25	2.19999999999999E-11	1E10	1E10	1E-30	1.07305647872238E-11	1E10	1E-30	1E10	0.211093242456472	2.16448501751582E-10	1.04818219277422E-11	1.39013217239563	1.09728516067621E-11	8.46156241839891E-11	17.9965879612658	8.16123553843602E-13	5.04303866274334E-10	320.504512959464	1E10	1E-30	1E-10	1E10	1E-30	1E-10	1E10	1E-30	1E-10	1E10	1E-30	1E-10	1E10	1E-30	1E-10	1E10	1E-30	1E-10	1E10	1E-30	1E-10	1E10	1E-30	1E-10	1E10	1E-30	1E-10	1E10	1E-30	1E-10	1E10	1E-30	1E-10	1E10	1E-30	1E-10	2	-1	1
26	2.19999999999999E-11	1E10	1E10	1E-30	1.07305647872238E-11	1E10	1E-30	1E10	0.211093242456472	2.16448501751582E-10	1.04818219277422E-11	1.39013217239563	1.09728516067621E-11	8.46156241839891E-11	17.9965879612658	8.16123553843602E-13	5.04303866274334E-10	320.504512959464	1E10	1E-30	1E-10	1E10	1E-30	1E-10	1E10	1E-30	1E-10	1E10	1E-30	1E-10	1E10	1E-30	1E-10	1E10	1E-30	1E-10	1E10	1E-30	1E-10	1E10	1E-30	1E-10	1E10	1E-30	1E-10	1E10	1E-30	1E-10	1E10	1E-30	1E-10	1E10	1E-30	1E-10	2	-2	2
27	2.19999999999999E-11	1E10	1E10	1E-30	1.07305647872238E-11	1E10	1E-30	1E10	0.211093242456472	2.16448501751582E-10	1.04818219277422E-11	1.39013217239563	1.09728516067621E-11	8.46156241839891E-11	17.9965879612658	8.16123553843602E-13	5.04303866274334E-10	320.504512959464	1E10	1E-30	1E-10	1E10	1E-30	1E-10	1E10	1E-30	1E-10	1E10	1E-30	1E-10	1E10	1E-30	1E-10	1E10	1E-30	1E-10	1E10	1E-30	1E-10	1E10	1E-30	1E-10	1E10	1E-30	1E-10	1E10	1E-30	1E-10	1E10	1E-30	1E-10	1E10	1E-30	1E-10	2	-5	5
28	2.2E-11	1E10	1E10	1E-30	1.62270444568459E-15	1E10	1E-30	1E10	0.217706013520473	3.06333431162362E-09	1E10	4.84432751436285	1.42221252196292E-10	1.1218731941319E-11	2.65040774242651	7.69002090938089E-12	8.58447918933534E-11	26.8308032455426	5.7637356910938E-12	8.15305969427829E-11	10.5219271839725	8.09854992445649E-13	3.77046703443157E-10	471.00009437804	1E10	1E-30	1E-10	1E10	1E-30	1E-10	1E10	1E-30	1E-10	1E10	1E-30	1E-10	1E10	1E-30	1E-10	1E10	1E-30	1E-10	1E10	1E-30	1E-10	1E10	1E-30	1E-10	1E10	1E-30	1E-10	1E10	1E-30	1E-10	2	-1	1
29	2.2E-11	1E10	1E10	1E-30	1.62270444568459E-15	1E10	1E-30	1E10	0.217706013520473	3.06333431162362E-09	1E10	4.84432751436285	1.42221252196292E-10	1.1218731941319E-11	2.65040774242651	7.69002090938089E-12	8.58447918933534E-11	26.8308032455426	5.7637356910938E-12	8.15305969427829E-11	10.5219271839725	8.09854992445649E-13	3.77046703443157E-10	471.00009437804	1E10	1E-30	1E-10	1E10	1E-30	1E-10	1E10	1E-30	1E-10	1E10	1E-30	1E-10	1E10	1E-30	1E-10	1E10	1E-30	1E-10	1E10	1E-30	1E-10	1E10	1E-30	1E-10	1E10	1E-30	1E-10	1E10	1E-30	1E-10	2	-2	2
30	2.2E-11	1E10	1E10	1E-30	1.62270444568459E-15	1E10	1E-30	1E10	0.217706013520473	3.06333431162362E-09	1E10	4.84432751436285	1.42221252196292E-10	1.1218731941319E-11	2.65040774242651	7.69002090938089E-12	8.58447918933534E-11	26.8308032455426	5.7637356910938E-12	8.15305969427829E-11	10.5219271839725	8.09854992445649E-13	3.77046703443157E-10	471.00009437804	1E10	1E-30	1E-10	1E10	1E-30	1E-10	1E10	1E-30	1E-10	1E10	1E-30	1E-10	1E10	1E-30	1E-10	1E10	1E-30	1E-10	1E10	1E-30	1E-10	1E10	1E-30	1E-10	1E10	1E-30	1E-10	1E10	1E-30	1E-10	2	-5	5
31	2.7E-11	1E10	1E10	1E-30	1.0767013398265E-10	1E10	1E-30	1E10	0.191430709383198	2.72492519199841E-10	1.14930891996249E-11	1.91891657649316	2.04324058294622E-11	6.27264287816607E-11	11.096606187477	9.58861567939408E-13	4.2923220339861E-10	172.121114339394	1E10	1E-30	1E-10	1E10	1E-30	1E-10	1E10	1E-30	1E-10	1E10	1E-30	1E-10	1E10	1E-30	1E-10	1E10	1E-30	1E-10	1E10	1E-30	1E-10	1E10	1E-30	1E-10	1E10	1E-30	1E-10	1E10	1E-30	1E-10	1E10	1E-30	1E-10	1E10	1E-30	1E-10	2	-1	1
32	2.7E-11	1E10	1E10	1E-30	1.0767013398265E-10	1E10	1E-30	1E10	0.191430709383198	2.72492519199841E-10	1.14930891996249E-11	1.91891657649316	2.04324058294622E-11	6.27264287816607E-11	11.096606187477	9.58861567939408E-13	4.2923220339861E-10	172.121114339394	1E10	1E-30	1E-10	1E10	1E-30	1E-10	1E10	1E-30	1E-10	1E10	1E-30	1E-10	1E10	1E-30	1E-10	1E10	1E-30	1E-10	1E10	1E-30	1E-10	1E10	1E-30	1E-10	1E10	1E-30	1E-10	1E10	1E-30	1E-10	1E10	1E-30	1E-10	1E10	1E-30	1E-10	2	-2	2
33	2.7E-11	1E10	1E10	1E-30	1.0767013398265E-10	1E10	1E-30	1E10	0.191430709383198	2.72492519199841E-10	1.14930891996249E-11	1.91891657649316	2.04324058294622E-11	6.27264287816607E-11	11.096606187477	9.58861567939408E-13	4.2923220339861E-10	172.121114339394	1E10	1E-30	1E-10	1E10	1E-30	1E-10	1E10	1E-30	1E-10	1E10	1E-30	1E-10	1E10	1E-30	1E-10	1E10	1E-30	1E-10	1E10	1E-30	1E-10	1E10	1E-30	1E-10	1E10	1E-30	1E-10	1E10	1E-30	1E-10	1E10	1E-30	1E-10	1E10	1E-30	1E-10	2	-5	5
34	2.7E-11	1E10	1E10	1E-30	1.21124016583446E-12	1E10	1E-30	1E10	0.201303842307236	5.67451821553825E-09	1E10	2.61516381264845	6.47997999223488E-13	6.34043421102149E-10	131.174021930183	1E10	1E-30	1E-10	1E10	1E-30	1E-10	1E10	1E-30	1E-10	1E10	1E-30	1E-10	1E10	1E-30	1E-10	1E10	1E-30	1E-10	1E10	1E-30	1E-10	1E10	1E-30	1E-10	1E10	1E-30	1E-10	1E10	1E-30	1E-10	1E10	1E-30	1E-10	1E10	1E-30	1E-10	1E10	1E-30	1E-10	2	-1	1
35	2.7E-11	1E10	1E10	1E-30	1.21124016583446E-12	1E10	1E-30	1E10	0.201303842307236	5.67451821553825E-09	1E10	2.61516381264845	6.47997999223488E-13	6.34043421102149E-10	131.174021930183	1E10	1E-30	1E-10	1E10	1E-30	1E-10	1E10	1E-30	1E-10	1E10	1E-30	1E-10	1E10	1E-30	1E-10	1E10	1E-30	1E-10	1E10	1E-30	1E-10	1E10	1E-30	1E-10	1E10	1E-30	1E-10	1E10	1E-30	1E-10	1E10	1E-30	1E-10	1E10	1E-30	1E-10	1E10	1E-30	1E-10	2	-2	2
36	2.7E-11	1E10	1E10	1E-30	1.21124016583446E-12	1E10	1E-30	1E10	0.201303842307236	5.67451821553825E-09	1E10	2.61516381264845	6.47997999223488E-13	6.34043421102149E-10	131.174021930183	1E10	1E-30	1E-10	1E10	1E-30	1E-10	1E10	1E-30	1E-10	1E10	1E-30	1E-10	1E10	1E-30	1E-10	1E10	1E-30	1E-10	1E10	1E-30	1E-10	1E10	1E-30	1E-10	1E10	1E-30	1E-10	1E10	1E-30	1E-10	1E10	1E-30	1E-10	1E10	1E-30	1E-10	1E10	1E-30	1E-10	2	-5	5
37	3.3E-11	1E10	1E10	1E-30	6.35315732728342E-11	1E10	1E-30	1E10	0.171275441140187	3.12863272750106E-10	1.3195831986736E-11	1.91891657649316	3.31374820875573E-11	5.59049884974346E-11	8.22602781045986	8.74492143402543E-13	4.49461293921475E-10	184.43109685367	1E10	1E-30	1E-10	1E10	1E-30	1E-10	1E10	1E-30	1E-10	1E10	1E-30	1E-10	1E10	1E-30	1E-10	1E10	1E-30	1E-10	1E10	1E-30	1E-10	1E10	1E-30	1E-10	1E10	1E-30	1E-10	1E10	1E-30	1E-10	1E10	1E-30	1E-10	1E10	1E-30	1E-10	2	-1	1
38	3.3E-11	1E10	1E10	1E-30	6.35315732728342E-11	1E10	1E-30	1E10	0.171275441140187	3.12863272750106E-10	1.3195831986736E-11	1.91891657649316	3.31374820875573E-11	5.59049884974346E-11	8.22602781045986	8.74492143402543E-13	4.49461293921475E-10	184.43109685367	1E10	1E-30	1E-10	1E10	1E-30	1E-10	1E10	1E-30	1E-10	1E10	1E-30	1E-10	1E10	1E-30	1E-10	1E10	1E-30	1E-10	1E10	1E-30	1E-10	1E10	1E-30	1E-10	1E10	1E-30	1E-10	1E10	1E-30	1E-10	1E10	1E-30	1E-10	1E10	1E-30	1E-10	2	-2	2
39	3.3E-11	1E10	1E10	1E-30	6.35315732728342E-11	1E10	1E-30	1E10	0.171275441140187	3.12863272750106E-10	1.3195831986736E-11	1.91891657649316	3.31374820875573E-11	5.59049884974346E-11	8.22602781045986	8.74492143402543E-13	4.49461293921475E-10	184.43109685367	1E10	1E-30	1E-10	1E10	1E-30	1E-10	1E10	1E-30	1E-10	1E10	1E-30	1E-10	1E10	1E-30	1E-10	1E10	1E-30	1E-10	1E10	1E-30	1E-10	1E10	1E-30	1E-10	1E10	1E-30	1E-10	1E10	1E-30	1E-10	1E10	1E-30	1E-10	1E10	1E-30	1E-10	2	-5	5
40	3.3E-11	1E10	1E10	1E-30	1.67501637875724E-10	1E10	1E-30	1E10	0.213606526424978	1.92863947506036E-08	1E10	4.13589095721668	1E-30	2.88293775834573E-11	1.4217413489623	2.16006244664218E-12	1.99325580304002E-10	48.1446867401995	1.16085816273462E-12	2.8734213888607E-10	114.256237389709	1E10	1E-30	1E-10	1E10	1E-30	1E-10	1E10	1E-30	1E-10	1E10	1E-30	1E-10	1E10	1E-30	1E-10	1E10	1E-30	1E-10	1E10	1E-30	1E-10	1E10	1E-30	1E-10	1E10	1E-30	1E-10	1E10	1E-30	1E-10	1E10	1E-30	1E-10	2	-1	1
41	3.3E-11	1E10	1E10	1E-30	1.67501637875724E-10	1E10	1E-30	1E10	0.213606526424978	1.92863947506036E-08	1E10	4.13589095721668	1E-30	2.88293775834573E-11	1.4217413489623	2.16006244664218E-12	1.99325580304002E-10	48.1446867401995	1.16085816273462E-12	2.8734213888607E-10	114.256237389709	1E10	1E-30	1E-10	1E10	1E-30	1E-10	1E10	1E-30	1E-10	1E10	1E-30	1E-10	1E10	1E-30	1E-10	1E10	1E-30	1E-10	1E10	1E-30	1E-10	1E10	1E-30	1E-10	1E10	1E-30	1E-10	1E10	1E-30	1E-10	1E10	1E-30	1E-10	2	-2	2
42	3.3E-11	1E10	1E10	1E-30	1.67501637875724E-10	1E10	1E-30	1E10	0.213606526424978	1.92863947506036E-08	1E10	4.13589095721668	1E-30	2.88293775834573E-11	1.4217413489623	2.16006244664218E-12	1.99325580304002E-10	48.1446867401995	1.16085816273462E-12	2.8734213888607E-10	114.256237389709	1E10	1E-30	1E-10	1E10	1E-30	1E-10	1E10	1E-30	1E-10	1E10	1E-30	1E-10	1E10	1E-30	1E-10	1E10	1E-30	1E-10	1E10	1E-30	1E-10	1E10	1E-30	1E-10	1E10	1E-30	1E-10	1E10	1E-30	1E-10	1E10	1E-30	1E-10	2	-5	5
43	3.89999999999999E-11	1E10	1E10	1E-30	7.47112370875121E-11	1E10	1E-30	1E10	0.173091717506077	5.69317566050899E-10	6.61358252884251E-12	0.79993757017371	3.23831809047175E-11	4.33960861262938E-11	7.33145500318663	6.94633800549195E-13	5.65838244535633E-10	232.184994554157	1E10	1E-30	1E-10	1E10	1E-30	1E-10	1E10	1E-30	1E-10	1E10	1E-30	1E-10	1E10	1E-30	1E-10	1E10	1E-30	1E-10	1E10	1E-30	1E-10	1E10	1E-30	1E-10	1E10	1E-30	1E-10	1E10	1E-30	1E-10	1E10	1E-30	1E-10	1E10	1E-30	1E-10	2	-1	1
44	3.89999999999999E-11	1E10	1E10	1E-30	7.47112370875121E-11	1E10	1E-30	1E10	0.173091717506077	5.69317566050899E-10	6.61358252884251E-12	0.79993757017371	3.23831809047175E-11	4.33960861262938E-11	7.33145500318663	6.94633800549195E-13	5.65838244535633E-10	232.184994554157	1E10	1E-30	1E-10	1E10	1E-30	1E-10	1E10	1E-30	1E-10	1E10	1E-30	1E-10	1E10	1E-30	1E-10	1E10	1E-30	1E-10	1E10	1E-30	1E-10	1E10	1E-30	1E-10	1E10	1E-30	1E-10	1E10	1E-30	1E-10	1E10	1E-30	1E-10	1E10	1E-30	1E-10	2	-2	2
45	3.89999999999999E-11	1E10	1E10	1E-30	7.47112370875121E-11	1E10	1E-30	1E10	0.173091717506077	5.69317566050899E-10	6.61358252884251E-12	0.79993757017371	3.23831809047175E-11	4.33960861262938E-11	7.33145500318663	6.94633800549195E-13	5.65838244535633E-10	232.184994554157	1E10	1E-30	1E-10	1E10	1E-30	1E-10	1E10	1E-30	1E-10	1E10	1E-30	1E-10	1E10	1E-30	1E-10	1E10	1E-30	1E-10	1E10	1E-30	1E-10	1E10	1E-30	1E-10	1E10	1E-30	1E-10	1E10	1E-30	1E-10	1E10	1E-30	1E-10	1E10	1E-30	1E-10	2	-5	5
46	3.9E-11	1E10	1E10	1E-30	1.53443981463072E-10	1E10	1E-30	1E10	0.207951869393162	1.17862728213644E-08	1E10	1.2590744263607	1E-30	8.25614053423433E-12	0.11134029784971	2.62197909248779E-11	2.2004087567427E-11	7.4025804129739	7.74163480658722E-13	4.35745613525057E-10	158.024204583315	1E10	1E-30	1E-10	1E10	1E-30	1E-10	1E10	1E-30	1E-10	1E10	1E-30	1E-10	1E10	1E-30	1E-10	1E10	1E-30	1E-10	1E10	1E-30	1E-10	1E10	1E-30	1E-10	1E10	1E-30	1E-10	1E10	1E-30	1E-10	1E10	1E-30	1E-10	2	-1	1
47	3.9E-11	1E10	1E10	1E-30	1.53443981463072E-10	1E10	1E-30	1E10	0.207951869393162	1.17862728213644E-08	1E10	1.2590744263607	1E-30	8.25614053423433E-12	0.11134029784971	2.62197909248779E-11	2.2004087567427E-11	7.4025804129739	7.74163480658722E-13	4.35745613525057E-10	158.024204583315	1E10	1E-30	1E-10	1E10	1E-30	1E-10	1E10	1E-30	1E-10	1E10	1E-30	1E-10	1E10	1E-30	1E-10	1E10	1E-30	1E-10	1E10	1E-30	1E-10	1E10	1E-30	1E-10	1E10	1E-30	1E-10	1E10	1E-30	1E-10	1E10	1E-30	1E-10	2	-2	2
48	3.9E-11	1E10	1E10	1E-30	1.53443981463072E-10	1E10	1E-30	1E10	0.207951869393162	1.17862728213644E-08	1E10	1.2590744263607	1E-30	8.25614053423433E-12	0.11134029784971	2.62197909248779E-11	2.2004087567427E-11	7.4025804129739	7.74163480658722E-13	4.35745613525057E-10	158.024204583315	1E10	1E-30	1E-10	1E10	1E-30	1E-10	1E10	1E-30	1E-10	1E10	1E-30	1E-10	1E10	1E-30	1E-10	1E10	1E-30	1E-10	1E10	1E-30	1E-10	1E10	1E-30	1E-10	1E10	1E-30	1E-10	1E10	1E-30	1E-10	1E10	1E-30	1E-10	2	-5	5
49	4.7E-11	1E10	1E10	1E-30	3.86344793593448E-10	1E10	1E-30	1E10	0.184554875199199	7.00413622187336E-10	7.0865813564369E-12	0.74654517773371	4.68079375829388E-11	4.14429405129583E-11	4.02893418909903	1.29346866469389E-12	2.64662431253574E-10	58.3222337420712	1E10	1E-30	1E-10	1E10	1E-30	1E-10	1E10	1E-30	1E-10	1E10	1E-30	1E-10	1E10	1E-30	1E-10	1E10	1E-30	1E-10	1E10	1E-30	1E-10	1E10	1E-30	1E-10	1E10	1E-30	1E-10	1E10	1E-30	1E-10	1E10	1E-30	1E-10	1E10	1E-30	1E-10	2	-1	1
50	4.7E-11	1E10	1E10	1E-30	3.86344793593448E-10	1E10	1E-30	1E10	0.184554875199199	7.00413622187336E-10	7.0865813564369E-12	0.74654517773371	4.68079375829388E-11	4.14429405129583E-11	4.02893418909903	1.29346866469389E-12	2.64662431253574E-10	58.3222337420712	1E10	1E-30	1E-10	1E10	1E-30	1E-10	1E10	1E-30	1E-10	1E10	1E-30	1E-10	1E10	1E-30	1E-10	1E10	1E-30	1E-10	1E10	1E-30	1E-10	1E10	1E-30	1E-10	1E10	1E-30	1E-10	1E10	1E-30	1E-10	1E10	1E-30	1E-10	1E10	1E-30	1E-10	2	-2	2
51	4.7E-11	1E10	1E10	1E-30	3.86344793593448E-10	1E10	1E-30	1E10	0.184554875199199	7.00413622187336E-10	7.0865813564369E-12	0.74654517773371	4.68079375829388E-11	4.14429405129583E-11	4.02893418909903	1.29346866469389E-12	2.64662431253574E-10	58.3222337420712	1E10	1E-30	1E-10	1E10	1E-30	1E-10	1E10	1E-30	1E-10	1E10	1E-30	1E-10	1E10	1E-30	1E-10	1E10	1E-30	1E-10	1E10	1E-30	1E-10	1E10	1E-30	1E-10	1E10	1E-30	1E-10	1E10	1E-30	1E-10	1E10	1E-30	1E-10	1E10	1E-30	1E-10	2	-5	5
52	4.7E-11	1E10	1E10	1E-30	3.30675963514048E-11	1E10	1E-30	1E10	0.185179081684613	2.35997141215107E-08	1E10	0.628812476925891	6.01953266204661E-10	4.16927087396246E-12	0.488341415116899	2.16145832966123E-11	4.02963678653688E-11	8.23146109566342	7.25791917166041E-13	5.42071627309986E-10	202.648860616512	1E10	1E-30	1E-10	1E10	1E-30	1E-10	1E10	1E-30	1E-10	1E10	1E-30	1E-10	1E10	1E-30	1E-10	1E10	1E-30	1E-10	1E10	1E-30	1E-10	1E10	1E-30	1E-10	1E10	1E-30	1E-10	1E10	1E-30	1E-10	1E10	1E-30	1E-10	2	-1	1
53	4.7E-11	1E10	1E10	1E-30	3.30675963514048E-11	1E10	1E-30	1E10	0.185179081684613	2.35997141215107E-08	1E10	0.628812476925891	6.01953266204661E-10	4.16927087396246E-12	0.488341415116899	2.16145832966123E-11	4.02963678653688E-11	8.23146109566342	7.25791917166041E-13	5.42071627309986E-10	202.648860616512	1E10	1E-30	1E-10	1E10	1E-30	1E-10	1E10	1E-30	1E-10	1E10	1E-30	1E-10	1E10	1E-30	1E-10	1E10	1E-30	1E-10	1E10	1E-30	1E-10	1E10	1E-30	1E-10	1E10	1E-30	1E-10	1E10	1E-30	1E-10	1E10	1E-30	1E-10	2	-2	2
54	4.7E-11	1E10	1E10	1E-30	3.30675963514048E-11	1E10	1E-30	1E10	0.185179081684613	2.35997141215107E-08	1E10	0.628812476925891	6.01953266204661E-10	4.16927087396246E-12	0.488341415116899	2.16145832966123E-11	4.02963678653688E-11	8.23146109566342	7.25791917166041E-13	5.42071627309986E-10	202.648860616512	1E10	1E-30	1E-10	1E10	1E-30	1E-10	1E10	1E-30	1E-10	1E10	1E-30	1E-10	1E10	1E-30	1E-10	1E10	1E-30	1E-10	1E10	1E-30	1E-10	1E10	1E-30	1E-10	1E10	1E-30	1E-10	1E10	1E-30	1E-10	1E10	1E-30	1E-10	2	-5	5
55	5.59999999999999E-11	1E10	1E10	1E-30	1.02864254874851E-10	1E10	1E-30	1E10	0.183075469856206	1.39750890524124E-09	3.4708574501141E-12	0.374158912406138	3.89331466815236E-11	4.14429405129583E-11	4.52053851133723	7.10813900303339E-13	5.92505379432267E-10	232.184994554157	1E10	1E-30	1E-10	1E10	1E-30	1E-10	1E10	1E-30	1E-10	1E10	1E-30	1E-10	1E10	1E-30	1E-10	1E10	1E-30	1E-10	1E10	1E-30	1E-10	1E10	1E-30	1E-10	1E10	1E-30	1E-10	1E10	1E-30	1E-10	1E10	1E-30	1E-10	1E10	1E-30	1E-10	2	-1	1
56	5.59999999999999E-11	1E10	1E10	1E-30	1.02864254874851E-10	1E10	1E-30	1E10	0.183075469856206	1.39750890524124E-09	3.4708574501141E-12	0.374158912406138	3.89331466815236E-11	4.14429405129583E-11	4.52053851133723	7.10813900303339E-13	5.92505379432267E-10	232.184994554157	1E10	1E-30	1E-10	1E10	1E-30	1E-10	1E10	1E-30	1E-10	1E10	1E-30	1E-10	1E10	1E-30	1E-10	1E10	1E-30	1E-10	1E10	1E-30	1E-10	1E10	1E-30	1E-10	1E10	1E-30	1E-10	1E10	1E-30	1E-10	1E10	1E-30	1E-10	1E10	1E-30	1E-10	2	-2	2
57	5.59999999999999E-11	1E10	1E10	1E-30	1.02864254874851E-10	1E10	1E-30	1E10	0.183075469856206	1.39750890524124E-09	3.4708574501141E-12	0.374158912406138	3.89331466815236E-11	4.14429405129583E-11	4.52053851133723	7.10813900303339E-13	5.92505379432267E-10	232.184994554157	1E10	1E-30	1E-10	1E10	1E-30	1E-10	1E10	1E-30	1E-10	1E10	1E-30	1E-10	1E10	1E-30	1E-10	1E10	1E-30	1E-10	1E10	1E-30	1E-10	1E10	1E-30	1E-10	1E10	1E-30	1E-10	1E10	1E-30	1E-10	1E10	1E-30	1E-10	1E10	1E-30	1E-10	2	-5	5
58	5.6E-11	1E10	1E10	1E-30	7.28026155644636E-15	1E10	1E-30	1E10	2.71976855209624E-02	1.14086451934257E-08	1E10	1.18629805581598	1E-30	3.93039136949567E-11	2.65989921941701	1E-30	2.5917818041361E-10	0.142713747228238	5.22586329677945E-10	6.70750809607798E-12	0.553197575715661	3.02073616003989E-11	3.84093197885053E-11	5.41983897358455	8.46788241131794E-13	5.18315586428819E-10	395.831399644943	1E10	1E-30	1E-10	1E10	1E-30	1E-10	1E10	1E-30	1E-10	1E10	1E-30	1E-10	1E10	1E-30	1E-10	1E10	1E-30	1E-10	1E10	1E-30	1E-10	1E10	1E-30	1E-10	1E10	1E-30	1E-10	2	-1	1
59	5.6E-11	1E10	1E10	1E-30	7.28026155644636E-15	1E10	1E-30	1E10	2.71976855209624E-02	1.14086451934257E-08	1E10	1.18629805581598	1E-30	3.93039136949567E-11	2.65989921941701	1E-30	2.5917818041361E-10	0.142713747228238	5.22586329677945E-10	6.70750809607798E-12	0.553197575715661	3.02073616003989E-11	3.84093197885053E-11	5.41983897358455	8.46788241131794E-13	5.18315586428819E-10	395.831399644943	1E10	1E-30	1E-10	1E10	1E-30	1E-10	1E10	1E-30	1E-10	1E10	1E-30	1E-10	1E10	1E-30	1E-10	1E10	1E-30	1E-10	1E10	1E-30	1E-10	1E10	1E-30	1E-10	1E10	1E-30	1E-10	2	-2	2
60	5.6E-11	1E10	1E10	1E-30	7.28026155644636E-15	1E10	1E-30	1E10	2.71976855209624E-02	1.14086451934257E-08	1E10	1.18629805581598	1E-30	3.93039136949567E-11	2.65989921941701	1E-30	2.5917818041361E-10	0.142713747228238	5.22586329677945E-10	6.70750809607798E-12	0.553197575715661	3.02073616003989E-11	3.84093197885053E-11	5.41983897358455	8.46788241131794E-13	5.18315586428819E-10	395.831399644943	1E10	1E-30	1E-10	1E10	1E-30	1E-10	1E10	1E-30	1E-10	1E10	1E-30	1E-10	1E10	1E-30	1E-10	1E10	1E-30	1E-10	1E10	1E-30	1E-10	1E10	1E-30	1E-10	1E10	1E-30	1E-10	2	-5	5
61	6.8E-11	1E10	1E10	1E-30	6.55019034206477E-11	1E10	1E-30	1E10	0.191125854079206	2.02001495160729E-09	3.16545961636328E-12	0.297204988397925	7.76818403767998E-11	3.14376853163986E-11	2.78734145181288	7.27370882996157E-13	6.06306602661689E-10	221.734948384647	1E10	1E-30	1E-10	1E10	1E-30	1E-10	1E10	1E-30	1E-10	1E10	1E-30	1E-10	1E10	1E-30	1E-10	1E10	1E-30	1E-10	1E10	1E-30	1E-10	1E10	1E-30	1E-10	1E10	1E-30	1E-10	1E10	1E-30	1E-10	1E10	1E-30	1E-10	1E10	1E-30	1E-10	2	-1	1
62	6.8E-11	1E10	1E10	1E-30	6.55019034206477E-11	1E10	1E-30	1E10	0.191125854079206	2.02001495160729E-09	3.16545961636328E-12	0.297204988397925	7.76818403767998E-11	3.14376853163986E-11	2.78734145181288	7.27370882996157E-13	6.06306602661689E-10	221.734948384647	1E10	1E-30	1E-10	1E10	1E-30	1E-10	1E10	1E-30	1E-10	1E10	1E-30	1E-10	1E10	1E-30	1E-10	1E10	1E-30	1E-10	1E10	1E-30	1E-10	1E10	1E-30	1E-10	1E10	1E-30	1E-10	1E10	1E-30	1E-10	1E10	1E-30	1E-10	1E10	1E-30	1E-10	2	-2	2
63	6.8E-11	1E10	1E10	1E-30	6.55019034206477E-11	1E10	1E-30	1E10	0.191125854079206	2.02001495160729E-09	3.16545961636328E-12	0.297204988397925	7.76818403767998E-11	3.14376853163986E-11	2.78734145181288	7.27370882996157E-13	6.06306602661689E-10	221.734948384647	1E10	1E-30	1E-10	1E10	1E-30	1E-10	1E10	1E-30	1E-10	1E10	1E-30	1E-10	1E10	1E-30	1E-10	1E10	1E-30	1E-10	1E10	1E-30	1E-10	1E10	1E-30	1E-10	1E10	1E-30	1E-10	1E10	1E-30	1E-10	1E10	1E-30	1E-10	1E10	1E-30	1E-10	2	-5	5
64	6.8E-11	1E10	1E10	1E-30	3.77434902213323E-10	1E10	1E-30	1E10	0.130797378717885	1E-30	1.74346367957846E-11	0.42330167282165	6.48425703360291E-10	7.55451912370767E-12	0.806496972071029	5.45286718487214E-11	3.01530075029101E-11	3.69002897218508	2.02194482834895E-12	1.74160360703736E-10	32.2963222679202	1E10	1E-30	1E-10	1E10	1E-30	1E-10	1E10	1E-30	1E-10	1E10	1E-30	1E-10	1E10	1E-30	1E-10	1E10	1E-30	1E-10	1E10	1E-30	1E-10	1E10	1E-30	1E-10	1E10	1E-30	1E-10	1E10	1E-30	1E-10	1E10	1E-30	1E-10	2	-1	1
65	6.8E-11	1E10	1E10	1E-30	3.77434902213323E-10	1E10	1E-30	1E10	0.130797378717885	1E-30	1.74346367957846E-11	0.42330167282165	6.48425703360291E-10	7.55451912370767E-12	0.806496972071029	5.45286718487214E-11	3.01530075029101E-11	3.69002897218508	2.02194482834895E-12	1.74160360703736E-10	32.2963222679202	1E10	1E-30	1E-10	1E10	1E-30	1E-10	1E10	1E-30	1E-10	1E10	1E-30	1E-10	1E10	1E-30	1E-10	1E10	1E-30	1E-10	1E10	1E-30	1E-10	1E10	1E-30	1E-10	1E10	1E-30	1E-10	1E10	1E-30	1E-10	1E10	1E-30	1E-10	2	-2	2
66	6.8E-11	1E10	1E10	1E-30	3.77434902213323E-10	1E10	1E-30	1E10	0.130797378717885	1E-30	1.74346367957846E-11	0.42330167282165	6.48425703360291E-10	7.55451912370767E-12	0.806496972071029	5.45286718487214E-11	3.01530075029101E-11	3.69002897218508	2.02194482834895E-12	1.74160360703736E-10	32.2963222679202	1E10	1E-30	1E-10	1E10	1E-30	1E-10	1E10	1E-30	1E-10	1E10	1E-30	1E-10	1E10	1E-30	1E-10	1E10	1E-30	1E-10	1E10	1E-30	1E-10	1E10	1E-30	1E-10	1E10	1E-30	1E-10	1E10	1E-30	1E-10	1E10	1E-30	1E-10	2	-5	5
67	8.2E-11	1E10	1E10	1E-30	2.2143133131934E-10	1E10	1E-30	1E10	0.16327190654696	1.18947298797738E-09	7.42056164641034E-12	0.620949232330304	7.59135858085567E-11	4.44069108254485E-11	3.35112149464949	1.15280516085503E-12	3.82553603956226E-10	139.905294211229	1E10	1E-30	1E-10	1E10	1E-30	1E-10	1E10	1E-30	1E-10	1E10	1E-30	1E-10	1E10	1E-30	1E-10	1E10	1E-30	1E-10	1E10	1E-30	1E-10	1E10	1E-30	1E-10	1E10	1E-30	1E-10	1E10	1E-30	1E-10	1E10	1E-30	1E-10	1E10	1E-30	1E-10	2	-1	1
68	8.2E-11	1E10	1E10	1E-30	2.2143133131934E-10	1E10	1E-30	1E10	0.16327190654696	1.18947298797738E-09	7.42056164641034E-12	0.620949232330304	7.59135858085567E-11	4.44069108254485E-11	3.35112149464949	1.15280516085503E-12	3.82553603956226E-10	139.905294211229	1E10	1E-30	1E-10	1E10	1E-30	1E-10	1E10	1E-30	1E-10	1E10	1E-30	1E-10	1E10	1E-30	1E-10	1E10	1E-30	1E-10	1E10	1E-30	1E-10	1E10	1E-30	1E-10	1E10	1E-30	1E-10	1E10	1E-30	1E-10	1E10	1E-30	1E-10	1E10	1E-30	1E-10	2	-2	2
69	8.2E-11	1E10	1E10	1E-30	2.2143133131934E-10	1E10	1E-30	1E10	0.16327190654696	1.18947298797738E-09	7.42056164641034E-12	0.620949232330304	7.59135858085567E-11	4.44069108254485E-11	3.35112149464949	1.15280516085503E-12	3.82553603956226E-10	139.905294211229	1E10	1E-30	1E-10	1E10	1E-30	1E-10	1E10	1E-30	1E-10	1E10	1E-30	1E-10	1E10	1E-30	1E-10	1E10	1E-30	1E-10	1E10	1E-30	1E-10	1E10	1E-30	1E-10	1E10	1E-30	1E-10	1E10	1E-30	1E-10	1E10	1E-30	1E-10	1E10	1E-30	1E-10	2	-5	5
70	8.2E-11	1E10	1E10	1E-30	3.34097361446838E-10	1E10	1E-30	1E10	0.123380916107027	5.15158446864208E-08	1E10	0.288062726755634	4.26745561620981E-06	1E10	1.74686090276581E-03	5.70356233184914E-10	1.20072650625342E-11	0.727154179829603	7.17423529932859E-11	3.38409798765953E-11	2.67842246710432	1.49924137213268E-12	2.33846488937018E-10	75.3756350656363	1E10	1E-30	1E-10	1E10	1E-30	1E-10	1E10	1E-30	1E-10	1E10	1E-30	1E-10	1E10	1E-30	1E-10	1E10	1E-30	1E-10	1E10	1E-30	1E-10	1E10	1E-30	1E-10	1E10	1E-30	1E-10	1E10	1E-30	1E-10	2	-1	1
71	8.2E-11	1E10	1E10	1E-30	3.34097361446838E-10	1E10	1E-30	1E10	0.123380916107027	5.15158446864208E-08	1E10	0.288062726755634	4.26745561620981E-06	1E10	1.74686090276581E-03	5.70356233184914E-10	1.20072650625342E-11	0.727154179829603	7.17423529932859E-11	3.38409798765953E-11	2.67842246710432	1.49924137213268E-12	2.33846488937018E-10	75.3756350656363	1E10	1E-30	1E-10	1E10	1E-30	1E-10	1E10	1E-30	1E-10	1E10	1E-30	1E-10	1E10	1E-30	1E-10	1E10	1E-30	1E-10	1E10	1E-30	1E-10	1E10	1E-30	1E-10	1E10	1E-30	1E-10	1E10	1E-30	1E-10	2	-2	2
72	8.2E-11	1E10	1E10	1E-30	3.34097361446838E-10	1E10	1E-30	1E10	0.123380916107027	5.15158446864208E-08	1E10	0.288062726755634	4.26745561620981E-06	1E10	1.74686090276581E-03	5.70356233184914E-10	1.20072650625342E-11	0.727154179829603	7.17423529932859E-11	3.38409798765953E-11	2.67842246710432	1.49924137213268E-12	2.33846488937018E-10	75.3756350656363	1E10	1E-30	1E-10	1E10	1E-30	1E-10	1E10	1E-30	1E-10	1E10	1E-30	1E-10	1E10	1E-30	1E-10	1E10	1E-30	1E-10	1E10	1E-30	1E-10	1E10	1E-30	1E-10	1E10	1E-30	1E-10	1E10	1E-30	1E-10	2	-5	5
73	1E-10	1E10	1E10	1E-30	7.37985460808022E-11	1E10	1E-30	1E10	0.11	1E-30	1.43628944499972E-11	0.314358164486091	5.90847824990453E-10	9.54572790146811E-12	0.715128908801836	7.23690954377048E-11	2.36984008681194E-11	1.7100527879331	2.64541569427554E-12	7.16627566048376E-11	9.04922356426035	6.38853853400516E-13	2.96232929038841E-10	1E5	1E10	1E-30	1E-10	1E10	1E-30	1E-10	1E10	1E-30	1E-10	1E10	1E-30	1E-10	1E10	1E-30	1E-10	1E10	1E-30	1E-10	1E10	1E-30	1E-10	1E10	1E-30	1E-10	1E10	1E-30	1E-10	1E10	1E-30	1E-10	2	-5	5
74	1E-10	1E10	1E10	1E-30	7.37985460808022E-11	1E10	1E-30	1E10	0.11	1E-30	1.43628944499972E-11	0.314358164486091	5.90847824990453E-10	9.54572790146811E-12	0.715128908801836	7.23690954377048E-11	2.36984008681194E-11	1.7100527879331	2.64541569427554E-12	7.16627566048376E-11	9.04922356426035	6.38853853400516E-13	2.96232929038841E-10	1E5	1E10	1E-30	1E-10	1E10	1E-30	1E-10	1E10	1E-30	1E-10	1E10	1E-30	1E-10	1E10	1E-30	1E-10	1E10	1E-30	1E-10	1E10	1E-30	1E-10	1E10	1E-30	1E-10	1E10	1E-30	1E-10	1E10	1E-30	1E-10	2	-5	5
75	9.99999999999999E-11	1E10	1E10	1E-30	2.59583488416686E-11	1E10	1E-30	1E10	0.142667043706675	1.49745777120746E-09	8.13648404842532E-12	0.460316025254397	1.20314925363294E-10	4.04995840151203E-11	2.54208561703938	7.10813900303339E-13	5.92505379432267E-10	221.734948384647	1E10	1E-30	1E-10	1E10	1E-30	1E-10	1E10	1E-30	1E-10	1E10	1E-30	1E-10	1E10	1E-30	1E-10	1E10	1E-30	1E-10	1E10	1E-30	1E-10	1E10	1E-30	1E-10	1E10	1E-30	1E-10	1E10	1E-30	1E-10	1E10	1E-30	1E-10	1E10	1E-30	1E-10	2	-1	1
76	9.99999999999999E-11	1E10	1E10	1E-30	2.59583488416686E-11	1E10	1E-30	1E10	0.142667043706675	1.49745777120746E-09	8.13648404842532E-12	0.460316025254397	1.20314925363294E-10	4.04995840151203E-11	2.54208561703938	7.10813900303339E-13	5.92505379432267E-10	221.734948384647	1E10	1E-30	1E-10	1E10	1E-30	1E-10	1E10	1E-30	1E-10	1E10	1E-30	1E-10	1E10	1E-30	1E-10	1E10	1E-30	1E-10	1E10	1E-30	1E-10	1E10	1E-30	1E-10	1E10	1E-30	1E-10	1E10	1E-30	1E-10	1E10	1E-30	1E-10	1E10	1E-30	1E-10	2	-2	2
77	9.99999999999999E-11	1E10	1E10	1E-30	2.59583488416686E-11	1E10	1E-30	1E10	0.142667043706675	1.49745777120746E-09	8.13648404842532E-12	0.460316025254397	1.20314925363294E-10	4.04995840151203E-11	2.54208561703938	7.10813900303339E-13	5.92505379432267E-10	221.734948384647	1E10	1E-30	1E-10	1E10	1E-30	1E-10	1E10	1E-30	1E-10	1E10	1E-30	1E-10	1E10	1E-30	1E-10	1E10	1E-30	1E-10	1E10	1E-30	1E-10	1E10	1E-30	1E-10	1E10	1E-30	1E-10	1E10	1E-30	1E-10	1E10	1E-30	1E-10	1E10	1E-30	1E-10	2	-5	5
78	1E-10	1E10	1E10	1E-30	1.99852773902182E-10	1E10	1E-30	1E10	0.118429679832233	7.86571017702979E-08	1E10	0.149861457588224	6.4641198187924E-10	1.37964410519386E-11	0.947331297363694	8.48603149642127E-11	3.94145773367772E-11	2.68724781688903	4.51207872133925E-11	2.04599946517832E-11	1.88216559306649	1.19448121897666E-12	2.7594416285115E-10	143.073481403279	1E10	1E-30	1E-10	1E10	1E-30	1E-10	1E10	1E-30	1E-10	1E10	1E-30	1E-10	1E10	1E-30	1E-10	1E10	1E-30	1E-10	1E10	1E-30	1E-10	1E10	1E-30	1E-10	1E10	1E-30	1E-10	1E10	1E-30	1E-10	2	-1	1
79	1E-10	1E10	1E10	1E-30	1.99852773902182E-10	1E10	1E-30	1E10	0.118429679832233	7.86571017702979E-08	1E10	0.149861457588224	6.4641198187924E-10	1.37964410519386E-11	0.947331297363694	8.48603149642127E-11	3.94145773367772E-11	2.68724781688903	4.51207872133925E-11	2.04599946517832E-11	1.88216559306649	1.19448121897666E-12	2.7594416285115E-10	143.073481403279	1E10	1E-30	1E-10	1E10	1E-30	1E-10	1E10	1E-30	1E-10	1E10	1E-30	1E-10	1E10	1E-30	1E-10	1E10	1E-30	1E-10	1E10	1E-30	1E-10	1E10	1E-30	1E-10	1E10	1E-30	1E-10	1E10	1E-30	1E-10	2	-2	2
80	1E-10	1E10	1E10	1E-30	1.99852773902182E-10	1E10	1E-30	1E10	0.118429679832233	7.86571017702979E-08	1E10	0.149861457588224	6.4641198187924E-10	1.37964410519386E-11	0.947331297363694	8.48603149642127E-11	3.94145773367772E-11	2.68724781688903	4.51207872133925E-11	2.04599946517832E-11	1.88216559306649	1.19448121897666E-12	2.7594416285115E-10	143.073481403279	1E10	1E-30	1E-10	1E10	1E-30	1E-10	1E10	1E-30	1E-10	1E10	1E-30	1E-10	1E10	1E-30	1E-10	1E10	1E-30	1E-10	1E10	1E-30	1E-10	1E10	1E-30	1E-10	1E10	1E-30	1E-10	1E10	1E-30	1E-10	2	-5	5
81	1E-10	1E10	1E10	1E-30	1.37616429982371E-11	1E10	1E-30	1E10	0.155875583727851	2.10053154430906E-09	5.90610852872728E-12	0.342224195572998	1.19103194713732E-10	4.11853629340588E-11	2.04332006386625	4.50568097970002E-11	2.89488933756641E-11	1.49330889332267	7.96150387975218E-13	6.07369666883548E-10	365.466565762987	1E10	1E-30	1E-10	1E10	1E-30	1E-10	1E10	1E-30	1E-10	1E10	1E-30	1E-10	1E10	1E-30	1E-10	1E10	1E-30	1E-10	1E10	1E-30	1E-10	1E10	1E-30	1E-10	1E10	1E-30	1E-10	1E10	1E-30	1E-10	1E10	1E-30	1E-10	2	-5	5
82	1.2E-10	1E10	1E10	1E-30	9.75567144403672E-11	1E10	1E-30	1E10	9.81139760041137E-02	1E-30	1.08935662184315E-11	7.42951952602955E-02	4.43972495019239E-10	1.54657136157856E-11	1.04374954991405	9.73726149225499E-11	2.15906322869385E-11	1.94861917942123	1.52565094333142E-12	2.92720041365399E-10	241.853011451236	1E10	1E-30	1E-10	1E10	1E-30	1E-10	1E10	1E-30	1E-10	1E10	1E-30	1E-10	1E10	1E-30	1E-10	1E10	1E-30	1E-10	1E10	1E-30	1E-10	1E10	1E-30	1E-10	1E10	1E-30	1E-10	1E10	1E-30	1E-10	1E10	1E-30	1E-10	2	-5	5
83	1.2E-10	1E10	1E10	1E-30	9.75567144403672E-11	1E10	1E-30	1E10	9.81139760041137E-02	1E-30	1.08935662184315E-11	7.42951952602955E-02	4.43972495019239E-10	1.54657136157856E-11	1.04374954991405	9.73726149225499E-11	2.15906322869385E-11	1.94861917942123	1.52565094333142E-12	2.92720041365399E-10	241.853011451236	1E10	1E-30	1E-10	1E10	1E-30	1E-10	1E10	1E-30	1E-10	1E10	1E-30	1E-10	1E10	1E-30	1E-10	1E10	1E-30	1E-10	1E10	1E-30	1E-10	1E10	1E-30	1E-10	1E10	1E-30	1E-10	1E10	1E-30	1E-10	1E10	1E-30	1E-10	2	-5	5
84	1.19999999999999E-10	1E10	1E10	1E-30	3.45484246156567E-11	1E10	1E-30	1E10	9.57291138425953E-02	8.52820464227488E-10	7.27365427175658E-12	0.603896508278377	8.24343242686693E-11	2.36746131152754E-11	2.28789947328593	6.33513555483858E-13	4.81606453393935E-10	260.515848701764	1E10	1E-30	1E-10	1E10	1E-30	1E-10	1E10	1E-30	1E-10	1E10	1E-30	1E-10	1E10	1E-30	1E-10	1E10	1E-30	1E-10	1E10	1E-30	1E-10	1E10	1E-30	1E-10	1E10	1E-30	1E-10	1E10	1E-30	1E-10	1E10	1E-30	1E-10	1E10	1E-30	1E-10	2	-1	1
85	1.19999999999999E-10	1E10	1E10	1E-30	3.45484246156567E-11	1E10	1E-30	1E10	9.57291138425953E-02	8.52820464227488E-10	7.27365427175658E-12	0.603896508278377	8.24343242686693E-11	2.36746131152754E-11	2.28789947328593	6.33513555483858E-13	4.81606453393935E-10	260.515848701764	1E10	1E-30	1E-10	1E10	1E-30	1E-10	1E10	1E-30	1E-10	1E10	1E-30	1E-10	1E10	1E-30	1E-10	1E10	1E-30	1E-10	1E10	1E-30	1E-10	1E10	1E-30	1E-10	1E10	1E-30	1E-10	1E10	1E-30	1E-10	1E10	1E-30	1E-10	1E10	1E-30	1E-10	2	-2	2
86	1.19999999999999E-10	1E10	1E10	1E-30	3.45484246156567E-11	1E10	1E-30	1E10	9.57291138425953E-02	8.52820464227488E-10	7.27365427175658E-12	0.603896508278377	8.24343242686693E-11	2.36746131152754E-11	2.28789947328593	6.33513555483858E-13	4.81606453393935E-10	260.515848701764	1E10	1E-30	1E-10	1E10	1E-30	1E-10	1E10	1E-30	1E-10	1E10	1E-30	1E-10	1E10	1E-30	1E-10	1E10	1E-30	1E-10	1E10	1E-30	1E-10	1E10	1E-30	1E-10	1E10	1E-30	1E-10	1E10	1E-30	1E-10	1E10	1E-30	1E-10	1E10	1E-30	1E-10	2	-5	5
87	1.2E-10	1E10	1E10	1E-30	5.95344182183327E-14	1E10	1E-30	1E10	0.122104621864681	2.49873174418457E-04	1E10	0.149179194680245	6.60520172844876E-10	1.00118905383484E-11	0.45121563585827	8.32900957263084E-11	2.37200272518612E-11	2.00404205352484	6.34039081281381E-13	5.6991982868266E-10	266.342373493008	1E10	1E-30	1E-10	1E10	1E-30	1E-10	1E10	1E-30	1E-10	1E10	1E-30	1E-10	1E10	1E-30	1E-10	1E10	1E-30	1E-10	1E10	1E-30	1E-10	1E10	1E-30	1E-10	1E10	1E-30	1E-10	1E10	1E-30	1E-10	1E10	1E-30	1E-10	2	-1	1
88	1.2E-10	1E10	1E10	1E-30	5.95344182183327E-14	1E10	1E-30	1E10	0.122104621864681	2.49873174418457E-04	1E10	0.149179194680245	6.60520172844876E-10	1.00118905383484E-11	0.45121563585827	8.32900957263084E-11	2.37200272518612E-11	2.00404205352484	6.34039081281381E-13	5.6991982868266E-10	266.342373493008	1E10	1E-30	1E-10	1E10	1E-30	1E-10	1E10	1E-30	1E-10	1E10	1E-30	1E-10	1E10	1E-30	1E-10	1E10	1E-30	1E-10	1E10	1E-30	1E-10	1E10	1E-30	1E-10	1E10	1E-30	1E-10	1E10	1E-30	1E-10	1E10	1E-30	1E-10	2	-2	2
89	1.2E-10	1E10	1E10	1E-30	5.95344182183327E-14	1E10	1E-30	1E10	0.122104621864681	2.49873174418457E-04	1E10	0.149179194680245	6.60520172844876E-10	1.00118905383484E-11	0.45121563585827	8.32900957263084E-11	2.37200272518612E-11	2.00404205352484	6.34039081281381E-13	5.6991982868266E-10	266.342373493008	1E10	1E-30	1E-10	1E10	1E-30	1E-10	1E10	1E-30	1E-10	1E10	1E-30	1E-10	1E10	1E-30	1E-10	1E10	1E-30	1E-10	1E10	1E-30	1E-10	1E10	1E-30	1E-10	1E10	1E-30	1E-10	1E10	1E-30	1E-10	1E10	1E-30	1E-10	2	-5	5
90	1.2E-10	1E10	1E10	1E-30	1.22216453600135E-11	1E10	1E-30	1E10	0.13591529938281	1E-30	1.34205329658206E-10	5.28699822803773	2.52855846408232E-09	6.18595551235113E-12	0.365823581575026	2.10254126079984E-10	3.0215734112017E-11	1.54559262552301	8.23112572541381E-13	4.79035255042621E-10	825.217846046833	1E10	1E-30	1E-10	1E10	1E-30	1E-10	1E10	1E-30	1E-10	1E10	1E-30	1E-10	1E10	1E-30	1E-10	1E10	1E-30	1E-10	1E10	1E-30	1E-10	1E10	1E-30	1E-10	1E10	1E-30	1E-10	1E10	1E-30	1E-10	1E10	1E-30	1E-10	2	-5	5
91	1.49999999999999E-10	1E10	1E10	1E-30	1.86852694716302E-10	1E10	1E-30	1E10	9.34491871181832E-02	4.52207108015139E-10	1.98508900490193E-11	0.969818495206862	1.13352707873212E-10	2.46345493584085E-11	1.74591465563436	1.2175927039889E-11	3.85251613583901E-11	2.18371943767987	1.09315430336573E-12	2.07185149339168E-10	1E5	1E10	1E-30	1E-10	1E10	1E-30	1E-10	1E10	1E-30	1E-10	1E10	1E-30	1E-10	1E10	1E-30	1E-10	1E10	1E-30	1E-10	1E10	1E-30	1E-10	1E10	1E-30	1E-10	1E10	1E-30	1E-10	1E10	1E-30	1E-10	1E10	1E-30	1E-10	2	-5	5
92	1.49999999999999E-10	1E10	1E10	1E-30	1.86852694716302E-10	1E10	1E-30	1E10	9.34491871181832E-02	4.52207108015139E-10	1.98508900490193E-11	0.969818495206862	1.13352707873212E-10	2.46345493584085E-11	1.74591465563436	1.2175927039889E-11	3.85251613583901E-11	2.18371943767987	1.09315430336573E-12	2.07185149339168E-10	1E5	1E10	1E-30	1E-10	1E10	1E-30	1E-10	1E10	1E-30	1E-10	1E10	1E-30	1E-10	1E10	1E-30	1E-10	1E10	1E-30	1E-10	1E10	1E-30	1E-10	1E10	1E-30	1E-10	1E10	1E-30	1E-10	1E10	1E-30	1E-10	1E10	1E-30	1E-10	2	-5	5
93	1.5E-10	1E10	1E10	1E-30	6.50560744715411E-11	1E10	1E-30	1E10	9.17668199337888E-02	9.38754133505375E-10	9.77378822890508E-12	0.676934178288423	1.35972327837416E-10	2.23624778818826E-11	2.41071519277037	7.47511045267323E-13	4.49936787888896E-10	168.444751447229	1E10	1E-30	1E-10	1E10	1E-30	1E-10	1E10	1E-30	1E-10	1E10	1E-30	1E-10	1E10	1E-30	1E-10	1E10	1E-30	1E-10	1E10	1E-30	1E-10	1E10	1E-30	1E-10	1E10	1E-30	1E-10	1E10	1E-30	1E-10	1E10	1E-30	1E-10	1E10	1E-30	1E-10	2	-1	1
94	1.5E-10	1E10	1E10	1E-30	6.50560744715411E-11	1E10	1E-30	1E10	9.17668199337888E-02	9.38754133505375E-10	9.77378822890508E-12	0.676934178288423	1.35972327837416E-10	2.23624778818826E-11	2.41071519277037	7.47511045267323E-13	4.49936787888896E-10	168.444751447229	1E10	1E-30	1E-10	1E10	1E-30	1E-10	1E10	1E-30	1E-10	1E10	1E-30	1E-10	1E10	1E-30	1E-10	1E10	1E-30	1E-10	1E10	1E-30	1E-10	1E10	1E-30	1E-10	1E10	1E-30	1E-10	1E10	1E-30	1E-10	1E10	1E-30	1E-10	1E10	1E-30	1E-10	2	-2	2
95	1.5E-10	1E10	1E10	1E-30	6.50560744715411E-11	1E10	1E-30	1E10	9.17668199337888E-02	9.38754133505375E-10	9.77378822890508E-12	0.676934178288423	1.35972327837416E-10	2.23624778818826E-11	2.41071519277037	7.47511045267323E-13	4.49936787888896E-10	168.444751447229	1E10	1E-30	1E-10	1E10	1E-30	1E-10	1E10	1E-30	1E-10	1E10	1E-30	1E-10	1E10	1E-30	1E-10	1E10	1E-30	1E-10	1E10	1E-30	1E-10	1E10	1E-30	1E-10	1E10	1E-30	1E-10	1E10	1E-30	1E-10	1E10	1E-30	1E-10	1E10	1E-30	1E-10	2	-5	5
96	1.5E-10	1E10	1E10	1E-30	2.07571104226164E-10	1E10	1E-30	1E10	0.104218356312124	9.33278239160026E-09	1E10	33.2213099273628	9.7017054567068E-10	1.04163872683658E-11	0.457259985339779	8.98521963442552E-11	3.52991533736751E-11	1.94885712156994	3.71535425895829E-11	1.8960079412392E-11	1.58483263059008	1.07246940953051E-12	3.21821921747933E-10	161.736815569206	1E10	1E-30	1E-10	1E10	1E-30	1E-10	1E10	1E-30	1E-10	1E10	1E-30	1E-10	1E10	1E-30	1E-10	1E10	1E-30	1E-10	1E10	1E-30	1E-10	1E10	1E-30	1E-10	1E10	1E-30	1E-10	1E10	1E-30	1E-10	2	-1	1
97	1.5E-10	1E10	1E10	1E-30	2.07571104226164E-10	1E10	1E-30	1E10	0.104218356312124	9.33278239160026E-09	1E10	33.2213099273628	9.7017054567068E-10	1.04163872683658E-11	0.457259985339779	8.98521963442552E-11	3.52991533736751E-11	1.94885712156994	3.71535425895829E-11	1.8960079412392E-11	1.58483263059008	1.07246940953051E-12	3.21821921747933E-10	161.736815569206	1E10	1E-30	1E-10	1E10	1E-30	1E-10	1E10	1E-30	1E-10	1E10	1E-30	1E-10	1E10	1E-30	1E-10	1E10	1E-30	1E-10	1E10	1E-30	1E-10	1E10	1E-30	1E-10	1E10	1E-30	1E-10	1E10	1E-30	1E-10	2	-2	2
98	1.5E-10	1E10	1E10	1E-30	2.07571104226164E-10	1E10	1E-30	1E10	0.104218356312124	9.33278239160026E-09	1E10	33.2213099273628	9.7017054567068E-10	1.04163872683658E-11	0.457259985339779	8.98521963442552E-11	3.52991533736751E-11	1.94885712156994	3.71535425895829E-11	1.8960079412392E-11	1.58483263059008	1.07246940953051E-12	3.21821921747933E-10	161.736815569206	1E10	1E-30	1E-10	1E10	1E-30	1E-10	1E10	1E-30	1E-10	1E10	1E-30	1E-10	1E10	1E-30	1E-10	1E10	1E-30	1E-10	1E10	1E-30	1E-10	1E10	1E-30	1E-10	1E10	1E-30	1E-10	1E10	1E-30	1E-10	2	-5	5
99	1.5E-10	1E10	1E10	1E-30	1.23034440915677E-11	1E10	1E-30	1E10	0.107204082706783	1E-30	1.2089434524802E-10	4.76261405365865	1.75346784994436E-09	1.20332235376342E-11	0.558640771199351	2.60270219658327E-10	3.66680061765452E-11	1.74855429559969	8.80004074811218E-13	4.58502838964041E-10	444.163803647337	1E10	1E-30	1E-10	1E10	1E-30	1E-10	1E10	1E-30	1E-10	1E10	1E-30	1E-10	1E10	1E-30	1E-10	1E10	1E-30	1E-10	1E10	1E-30	1E-10	1E10	1E-30	1E-10	1E10	1E-30	1E-10	1E10	1E-30	1E-10	1E10	1E-30	1E-10	2	-5	5
100	1.79999999999999E-10	1E10	1E10	1E-30	8.44782380593109E-11	1E10	1E-30	1E10	9.24977500878482E-02	1E-30	9.24717697319139E-11	13.3842737203817	7.21482731410793E-10	1.41758299287707E-11	0.674655918345357	1.49213178628437E-10	2.11822007312669E-11	1.31330700309181	1.70952457668939E-12	2.75392286672978E-10	315.486132150303	1E10	1E-30	1E-10	1E10	1E-30	1E-10	1E10	1E-30	1E-10	1E10	1E-30	1E-10	1E10	1E-30	1E-10	1E10	1E-30	1E-10	1E10	1E-30	1E-10	1E10	1E-30	1E-10	1E10	1E-30	1E-10	1E10	1E-30	1E-10	1E10	1E-30	1E-10	2	-5	5
101	1.79999999999999E-10	1E10	1E10	1E-30	8.44782380593109E-11	1E10	1E-30	1E10	9.24977500878482E-02	1E-30	9.24717697319139E-11	13.3842737203817	7.21482731410793E-10	1.41758299287707E-11	0.674655918345357	1.49213178628437E-10	2.11822007312669E-11	1.31330700309181	1.70952457668939E-12	2.75392286672978E-10	315.486132150303	1E10	1E-30	1E-10	1E10	1E-30	1E-10	1E10	1E-30	1E-10	1E10	1E-30	1E-10	1E10	1E-30	1E-10	1E10	1E-30	1E-10	1E10	1E-30	1E-10	1E10	1E-30	1E-10	1E10	1E-30	1E-10	1E10	1E-30	1E-10	1E10	1E-30	1E-10	2	-5	5
102	1.79999999999999E-10	1E10	1E10	1E-30	2.61821938991572E-11	1E10	1E-30	1E10	8.78140827570686E-02	1.02907258389717E-09	1.22033578056262E-11	0.865815383647251	1.53714699932609E-10	2.76016741319866E-11	2.09017956903838	7.44992455667976E-13	4.52547506461088E-10	209.812215257786	1E10	1E-30	1E-10	1E10	1E-30	1E-10	1E10	1E-30	1E-10	1E10	1E-30	1E-10	1E10	1E-30	1E-10	1E10	1E-30	1E-10	1E10	1E-30	1E-10	1E10	1E-30	1E-10	1E10	1E-30	1E-10	1E10	1E-30	1E-10	1E10	1E-30	1E-10	1E10	1E-30	1E-10	2	-1	1
103	1.79999999999999E-10	1E10	1E10	1E-30	2.61821938991572E-11	1E10	1E-30	1E10	8.78140827570686E-02	1.02907258389717E-09	1.22033578056262E-11	0.865815383647251	1.53714699932609E-10	2.76016741319866E-11	2.09017956903838	7.44992455667976E-13	4.52547506461088E-10	209.812215257786	1E10	1E-30	1E-10	1E10	1E-30	1E-10	1E10	1E-30	1E-10	1E10	1E-30	1E-10	1E10	1E-30	1E-10	1E10	1E-30	1E-10	1E10	1E-30	1E-10	1E10	1E-30	1E-10	1E10	1E-30	1E-10	1E10	1E-30	1E-10	1E10	1E-30	1E-10	1E10	1E-30	1E-10	2	-2	2
104	1.79999999999999E-10	1E10	1E10	1E-30	2.61821938991572E-11	1E10	1E-30	1E10	8.78140827570686E-02	1.02907258389717E-09	1.22033578056262E-11	0.865815383647251	1.53714699932609E-10	2.76016741319866E-11	2.09017956903838	7.44992455667976E-13	4.52547506461088E-10	209.812215257786	1E10	1E-30	1E-10	1E10	1E-30	1E-10	1E10	1E-30	1E-10	1E10	1E-30	1E-10	1E10	1E-30	1E-10	1E10	1E-30	1E-10	1E10	1E-30	1E-10	1E10	1E-30	1E-10	1E10	1E-30	1E-10	1E10	1E-30	1E-10	1E10	1E-30	1E-10	1E10	1E-30	1E-10	2	-5	5
105	1.8E-10	1E10	1E10	1E-30	1.56833961111642E-10	1E10	1E-30	1E10	9.34693931198776E-02	2.1822369665042E-07	1E10	6.80026730335455E-02	1.27753443037975E-09	1.0718553662147E-11	0.483087331632362	1.36587381831563E-10	3.39365024920352E-11	1.71393545524434	8.86030381954839E-11	1.30926013818019E-11	0.858795655890296	2.46041827697452E-12	1.38240235153027E-10	37.3330608349711	1.24694403888206E-12	2.24936654542248E-10	315.708772322902	1E10	1E-30	1E-10	1E10	1E-30	1E-10	1E10	1E-30	1E-10	1E10	1E-30	1E-10	1E10	1E-30	1E-10	1E10	1E-30	1E-10	1E10	1E-30	1E-10	1E10	1E-30	1E-10	1E10	1E-30	1E-10	2	-1	1
106	1.8E-10	1E10	1E10	1E-30	1.56833961111642E-10	1E10	1E-30	1E10	9.34693931198776E-02	2.1822369665042E-07	1E10	6.80026730335455E-02	1.27753443037975E-09	1.0718553662147E-11	0.483087331632362	1.36587381831563E-10	3.39365024920352E-11	1.71393545524434	8.86030381954839E-11	1.30926013818019E-11	0.858795655890296	2.46041827697452E-12	1.38240235153027E-10	37.3330608349711	1.24694403888206E-12	2.24936654542248E-10	315.708772322902	1E10	1E-30	1E-10	1E10	1E-30	1E-10	1E10	1E-30	1E-10	1E10	1E-30	1E-10	1E10	1E-30	1E-10	1E10	1E-30	1E-10	1E10	1E-30	1E-10	1E10	1E-30	1E-10	1E10	1E-30	1E-10	2	-2	2
107	1.8E-10	1E10	1E10	1E-30	1.56833961111642E-10	1E10	1E-30	1E10	9.34693931198776E-02	2.1822369665042E-07	1E10	6.80026730335455E-02	1.27753443037975E-09	1.0718553662147E-11	0.483087331632362	1.36587381831563E-10	3.39365024920352E-11	1.71393545524434	8.86030381954839E-11	1.30926013818019E-11	0.858795655890296	2.46041827697452E-12	1.38240235153027E-10	37.3330608349711	1.24694403888206E-12	2.24936654542248E-10	315.708772322902	1E10	1E-30	1E-10	1E10	1E-30	1E-10	1E10	1E-30	1E-10	1E10	1E-30	1E-10	1E10	1E-30	1E-10	1E10	1E-30	1E-10	1E10	1E-30	1E-10	1E10	1E-30	1E-10	1E10	1E-30	1E-10	2	-5	5
108	1.8E-10	1E10	1E10	1E-30	9.74293380886808E-12	1E10	1E-30	1E10	0.117904858308554	1E-30	1.49743369677447E-10	4.79498224617585	4.34256787756781E-09	5.19720122159479E-12	0.218299198557999	3.2596266293652E-10	2.73239773931147E-11	1.08165077539349	9.72345593988203E-13	5.10512125327824E-10	879.441986803947	1E10	1E-30	1E-10	1E10	1E-30	1E-10	1E10	1E-30	1E-10	1E10	1E-30	1E-10	1E10	1E-30	1E-10	1E10	1E-30	1E-10	1E10	1E-30	1E-10	1E10	1E-30	1E-10	1E10	1E-30	1E-10	1E10	1E-30	1E-10	1E10	1E-30	1E-10	2	-5	5
109	2.2E-10	1E10	1E10	1E-30	2.78873838257643E-11	1E10	1E-30	1E10	7.72007080886242E-02	5.84391163454925E-10	2.44632086402586E-11	0.898757822994773	1.70553889658879E-10	2.79099124715131E-11	1.5868821934522	3.45271532116175E-10	5.94569592739465E-12	0.37677075171384	7.61635615741296E-11	1.40252424249403E-11	1.09729980596019	2.81057835569273E-11	1.64238276452954E-11	2.01578650540988	5.26422843122819E-13	3.46111117753053E-10	1E5	1E10	1E-30	1E-10	1E10	1E-30	1E-10	1E10	1E-30	1E-10	1E10	1E-30	1E-10	1E10	1E-30	1E-10	1E10	1E-30	1E-10	1E10	1E-30	1E-10	1E10	1E-30	1E-10	1E10	1E-30	1E-10	2	-5	5
110	2.2E-10	1E10	1E10	1E-30	2.78873838257643E-11	1E10	1E-30	1E10	7.72007080886242E-02	5.84391163454925E-10	2.44632086402586E-11	0.898757822994773	1.70553889658879E-10	2.79099124715131E-11	1.5868821934522	3.45271532116175E-10	5.94569592739465E-12	0.37677075171384	7.61635615741296E-11	1.40252424249403E-11	1.09729980596019	2.81057835569273E-11	1.64238276452954E-11	2.01578650540988	5.26422843122819E-13	3.46111117753053E-10	1E5	1E10	1E-30	1E-10	1E10	1E-30	1E-10	1E10	1E-30	1E-10	1E10	1E-30	1E-10	1E10	1E-30	1E-10	1E10	1E-30	1E-10	1E10	1E-30	1E-10	1E10	1E-30	1E-10	1E10	1E-30	1E-10	2	-5	5
111	2.19999999999999E-10	1E10	1E10	1E-30	1.38245690238486E-10	1E10	1E-30	1E10	0.079484681301207	1.05867162520997E-09	1.65052747056076E-11	0.93687027653326	2.18002290775552E-10	2.88239250250985E-11	1.99635517578124	1.04555248972241E-09	2.9108963619275E-12	0.270820793476083	4.85036443757065E-10	3.45185992605925E-12	0.425073061112055	1.01238340023552E-12	3.14850933092045E-10	83.2081323015543	1E10	1E-30	1E-10	1E10	1E-30	1E-10	1E10	1E-30	1E-10	1E10	1E-30	1E-10	1E10	1E-30	1E-10	1E10	1E-30	1E-10	1E10	1E-30	1E-10	1E10	1E-30	1E-10	1E10	1E-30	1E-10	1E10	1E-30	1E-10	2	-1	1
112	2.19999999999999E-10	1E10	1E10	1E-30	1.38245690238486E-10	1E10	1E-30	1E10	0.079484681301207	1.05867162520997E-09	1.65052747056076E-11	0.93687027653326	2.18002290775552E-10	2.88239250250985E-11	1.99635517578124	1.04555248972241E-09	2.9108963619275E-12	0.270820793476083	4.85036443757065E-10	3.45185992605925E-12	0.425073061112055	1.01238340023552E-12	3.14850933092045E-10	83.2081323015543	1E10	1E-30	1E-10	1E10	1E-30	1E-10	1E10	1E-30	1E-10	1E10	1E-30	1E-10	1E10	1E-30	1E-10	1E10	1E-30	1E-10	1E10	1E-30	1E-10	1E10	1E-30	1E-10	1E10	1E-30	1E-10	1E10	1E-30	1E-10	2	-2	2
113	2.19999999999999E-10	1E10	1E10	1E-30	1.38245690238486E-10	1E10	1E-30	1E10	0.079484681301207	1.05867162520997E-09	1.65052747056076E-11	0.93687027653326	2.18002290775552E-10	2.88239250250985E-11	1.99635517578124	1.04555248972241E-09	2.9108963619275E-12	0.270820793476083	4.85036443757065E-10	3.45185992605925E-12	0.425073061112055	1.01238340023552E-12	3.14850933092045E-10	83.2081323015543	1E10	1E-30	1E-10	1E10	1E-30	1E-10	1E10	1E-30	1E-10	1E10	1E-30	1E-10	1E10	1E-30	1E-10	1E10	1E-30	1E-10	1E10	1E-30	1E-10	1E10	1E-30	1E-10	1E10	1E-30	1E-10	1E10	1E-30	1E-10	2	-5	5
114	2.2E-10	1E10	1E10	1E-30	1.60603613182327E-10	1E10	1E-30	1E10	1.20993773457412E-02	9.95696037744679E-09	1E10	9403.75083984703	1E-30	1.01751331147826E-10	0.076850097814107	2.88419265932821E-07	1.71121427966732E-11	1.11776570456331E-02	1.54741843034446E-09	1.24297283366732E-11	0.52203606828942	1.96431786141477E-10	3.48167413111359E-11	1.4624282471536	9.39642092196327E-11	1.894988724271E-11	0.811965784238719	8.87554850362869E-13	3.30063664249149E-10	144.249087182342	1E10	1E-30	1E-10	1E10	1E-30	1E-10	1E10	1E-30	1E-10	1E10	1E-30	1E-10	1E10	1E-30	1E-10	1E10	1E-30	1E-10	1E10	1E-30	1E-10	1E10	1E-30	1E-10	2	-1	1
115	2.2E-10	1E10	1E10	1E-30	1.60603613182327E-10	1E10	1E-30	1E10	1.20993773457412E-02	9.95696037744679E-09	1E10	9403.75083984703	1E-30	1.01751331147826E-10	0.076850097814107	2.88419265932821E-07	1.71121427966732E-11	1.11776570456331E-02	1.54741843034446E-09	1.24297283366732E-11	0.52203606828942	1.96431786141477E-10	3.48167413111359E-11	1.4624282471536	9.39642092196327E-11	1.894988724271E-11	0.811965784238719	8.87554850362869E-13	3.30063664249149E-10	144.249087182342	1E10	1E-30	1E-10	1E10	1E-30	1E-10	1E10	1E-30	1E-10	1E10	1E-30	1E-10	1E10	1E-30	1E-10	1E10	1E-30	1E-10	1E10	1E-30	1E-10	1E10	1E-30	1E-10	2	-2	2
116	2.2E-10	1E10	1E10	1E-30	1.60603613182327E-10	1E10	1E-30	1E10	1.20993773457412E-02	9.95696037744679E-09	1E10	9403.75083984703	1E-30	1.01751331147826E-10	0.076850097814107	2.88419265932821E-07	1.71121427966732E-11	1.11776570456331E-02	1.54741843034446E-09	1.24297283366732E-11	0.52203606828942	1.96431786141477E-10	3.48167413111359E-11	1.4624282471536	9.39642092196327E-11	1.894988724271E-11	0.811965784238719	8.87554850362869E-13	3.30063664249149E-10	144.249087182342	1E10	1E-30	1E-10	1E10	1E-30	1E-10	1E10	1E-30	1E-10	1E10	1E-30	1E-10	1E10	1E-30	1E-10	1E10	1E-30	1E-10	1E10	1E-30	1E-10	1E10	1E-30	1E-10	2	-5	5
117	2.2E-10	1E10	1E10	1E-30	5.19568329278078E-12	1E10	1E-30	1E10	0.104580342221488	1E-30	9.5473293617697E-11	1.81653932773193	3.97467517167622E-09	7.56617150143565E-12	0.224390367331026	3.62393995084423E-10	3.59034605447001E-11	1.15660672115205	8.44415131968178E-13	5.26789755299893E-10	326.424236952275	1E10	1E-30	1E-10	1E10	1E-30	1E-10	1E10	1E-30	1E-10	1E10	1E-30	1E-10	1E10	1E-30	1E-10	1E10	1E-30	1E-10	1E10	1E-30	1E-10	1E10	1E-30	1E-10	1E10	1E-30	1E-10	1E10	1E-30	1E-10	1E10	1E-30	1E-10	2	-5	5
118	2.69999999999999E-10	1E10	1E10	1E-30	5.08048722235517E-11	1E10	1E-30	1E10	6.89611199784805E-02	1E-30	5.68931921785674E-11	1.90223433916435	1.03940686985217E-09	1.97886891085124E-11	0.993914497864506	3.04154304512814E-10	2.35422825564891E-11	1.30647118148859	1.29228558107386E-12	3.01572955403384E-10	339.376990291474	1E10	1E-30	1E-10	1E10	1E-30	1E-10	1E10	1E-30	1E-10	1E10	1E-30	1E-10	1E10	1E-30	1E-10	1E10	1E-30	1E-10	1E10	1E-30	1E-10	1E10	1E-30	1E-10	1E10	1E-30	1E-10	1E10	1E-30	1E-10	1E10	1E-30	1E-10	2	-5	5
119	2.69999999999999E-10	1E10	1E10	1E-30	5.08048722235517E-11	1E10	1E-30	1E10	6.89611199784805E-02	1E-30	5.68931921785674E-11	1.90223433916435	1.03940686985217E-09	1.97886891085124E-11	0.993914497864506	3.04154304512814E-10	2.35422825564891E-11	1.30647118148859	1.29228558107386E-12	3.01572955403384E-10	339.376990291474	1E10	1E-30	1E-10	1E10	1E-30	1E-10	1E10	1E-30	1E-10	1E10	1E-30	1E-10	1E10	1E-30	1E-10	1E10	1E-30	1E-10	1E10	1E-30	1E-10	1E10	1E-30	1E-10	1E10	1E-30	1E-10	1E10	1E-30	1E-10	1E10	1E-30	1E-10	2	-5	5
120	2.7E-10	1E10	1E10	1E-30	1.34970484087082E-10	1E10	1E-30	1E10	6.56753578377096E-02	1.01586789956532E-09	2.38226755363578E-11	1.24370022452268	2.65850676607906E-10	3.43536719766905E-11	2.08288384420455	1.22727450062825E-09	3.44804490314674E-12	0.28096130063102	2.53635762748772E-10	1.01051629472098E-11	0.883770215435866	1.20980979925592E-12	2.575628894554E-10	59.871272395716	1E10	1E-30	1E-10	1E10	1E-30	1E-10	1E10	1E-30	1E-10	1E10	1E-30	1E-10	1E10	1E-30	1E-10	1E10	1E-30	1E-10	1E10	1E-30	1E-10	1E10	1E-30	1E-10	1E10	1E-30	1E-10	1E10	1E-30	1E-10	2	-1	1
121	2.7E-10	1E10	1E10	1E-30	1.34970484087082E-10	1E10	1E-30	1E10	6.56753578377096E-02	1.01586789956532E-09	2.38226755363578E-11	1.24370022452268	2.65850676607906E-10	3.43536719766905E-11	2.08288384420455	1.22727450062825E-09	3.44804490314674E-12	0.28096130063102	2.53635762748772E-10	1.01051629472098E-11	0.883770215435866	1.20980979925592E-12	2.575628894554E-10	59.871272395716	1E10	1E-30	1E-10	1E10	1E-30	1E-10	1E10	1E-30	1E-10	1E10	1E-30	1E-10	1E10	1E-30	1E-10	1E10	1E-30	1E-10	1E10	1E-30	1E-10	1E10	1E-30	1E-10	1E10	1E-30	1E-10	1E10	1E-30	1E-10	2	-2	2
122	2.7E-10	1E10	1E10	1E-30	1.34970484087082E-10	1E10	1E-30	1E10	6.56753578377096E-02	1.01586789956532E-09	2.38226755363578E-11	1.24370022452268	2.65850676607906E-10	3.43536719766905E-11	2.08288384420455	1.22727450062825E-09	3.44804490314674E-12	0.28096130063102	2.53635762748772E-10	1.01051629472098E-11	0.883770215435866	1.20980979925592E-12	2.575628894554E-10	59.871272395716	1E10	1E-30	1E-10	1E10	1E-30	1E-10	1E10	1E-30	1E-10	1E10	1E-30	1E-10	1E10	1E-30	1E-10	1E10	1E-30	1E-10	1E10	1E-30	1E-10	1E10	1E-30	1E-10	1E10	1E-30	1E-10	1E10	1E-30	1E-10	2	-5	5
123	2.7E-10	1E10	1E10	1E-30	4.81702317504909E-11	1E10	1E-30	1E10	5.28151196517016E-03	6.00581796702821E-09	1E10	592.728387921018	1E-30	5.93215223128146E-11	7.02562015576233E-02	9.96583382772038E-08	3.47628843144517E-11	1.73724634321917E-02	1.44241733550103E-09	1.75483853219197E-11	0.88350556426446	2.62793341393604E-10	3.62360817600109E-11	1.91171855810938	1.04718387582358E-10	2.42900961819455E-11	0.740582939912314	8.40764021947224E-13	4.00223382850845E-10	213.980038769856	1E10	1E-30	1E-10	1E10	1E-30	1E-10	1E10	1E-30	1E-10	1E10	1E-30	1E-10	1E10	1E-30	1E-10	1E10	1E-30	1E-10	1E10	1E-30	1E-10	1E10	1E-30	1E-10	2	-1	1
124	2.7E-10	1E10	1E10	1E-30	4.81702317504909E-11	1E10	1E-30	1E10	5.28151196517016E-03	6.00581796702821E-09	1E10	592.728387921018	1E-30	5.93215223128146E-11	7.02562015576233E-02	9.96583382772038E-08	3.47628843144517E-11	1.73724634321917E-02	1.44241733550103E-09	1.75483853219197E-11	0.88350556426446	2.62793341393604E-10	3.62360817600109E-11	1.91171855810938	1.04718387582358E-10	2.42900961819455E-11	0.740582939912314	8.40764021947224E-13	4.00223382850845E-10	213.980038769856	1E10	1E-30	1E-10	1E10	1E-30	1E-10	1E10	1E-30	1E-10	1E10	1E-30	1E-10	1E10	1E-30	1E-10	1E10	1E-30	1E-10	1E10	1E-30	1E-10	1E10	1E-30	1E-10	2	-2	2
125	2.7E-10	1E10	1E10	1E-30	4.81702317504909E-11	1E10	1E-30	1E10	5.28151196517016E-03	6.00581796702821E-09	1E10	592.728387921018	1E-30	5.93215223128146E-11	7.02562015576233E-02	9.96583382772038E-08	3.47628843144517E-11	1.73724634321917E-02	1.44241733550103E-09	1.75483853219197E-11	0.88350556426446	2.62793341393604E-10	3.62360817600109E-11	1.91171855810938	1.04718387582358E-10	2.42900961819455E-11	0.740582939912314	8.40764021947224E-13	4.00223382850845E-10	213.980038769856	1E10	1E-30	1E-10	1E10	1E-30	1E-10	1E10	1E-30	1E-10	1E10	1E-30	1E-10	1E10	1E-30	1E-10	1E10	1E-30	1E-10	1E10	1E-30	1E-10	1E10	1E-30	1E-10	2	-5	5
126	2.7E-10	1E10	1E10	1E-30	1.17605098590287E-12	1E10	1E-30	1E10	9.79657033140651E-02	1E-30	1.20417865892908E-10	4.60688525346411	2.59963203539962E-09	1.50162220131725E-11	0.390119284048622	4.02806774962818E-10	4.23146238289868E-11	1.25603573250294	1.00301412201741E-12	4.64294384785687E-10	719.474558899315	1E10	1E-30	1E-10	1E10	1E-30	1E-10	1E10	1E-30	1E-10	1E10	1E-30	1E-10	1E10	1E-30	1E-10	1E10	1E-30	1E-10	1E10	1E-30	1E-10	1E10	1E-30	1E-10	1E10	1E-30	1E-10	1E10	1E-30	1E-10	1E10	1E-30	1E-10	2	-5	5
127	3.29999999999999E-10	1E10	1E10	1E-30	1.31240410809706E-10	1E10	1E-30	1E10	7.44303636445688E-02	1E-30	9.16484765125296E-12	2.81498204793688E-02	7.76751997445672E-10	1.54467090682854E-11	0.265681865437648	1.0169041856409E-10	2.86474963256216E-11	0.881109733706511	3.27173933833824E-10	3.00887441277991E-12	0.567473874518233	7.37505663851184E-12	4.30073438308046E-11	8.97479993336414	8.08402556387835E-13	3.21222743864156E-10	1E5	1E10	1E-30	1E-10	1E10	1E-30	1E-10	1E10	1E-30	1E-10	1E10	1E-30	1E-10	1E10	1E-30	1E-10	1E10	1E-30	1E-10	1E10	1E-30	1E-10	1E10	1E-30	1E-10	1E10	1E-30	1E-10	2	-5	5
128	3.29999999999999E-10	1E10	1E10	1E-30	1.31240410809706E-10	1E10	1E-30	1E10	7.44303636445688E-02	1E-30	9.16484765125296E-12	2.81498204793688E-02	7.76751997445672E-10	1.54467090682854E-11	0.265681865437648	1.0169041856409E-10	2.86474963256216E-11	0.881109733706511	3.27173933833824E-10	3.00887441277991E-12	0.567473874518233	7.37505663851184E-12	4.30073438308046E-11	8.97479993336414	8.08402556387835E-13	3.21222743864156E-10	1E5	1E10	1E-30	1E-10	1E10	1E-30	1E-10	1E10	1E-30	1E-10	1E10	1E-30	1E-10	1E10	1E-30	1E-10	1E10	1E-30	1E-10	1E10	1E-30	1E-10	1E10	1E-30	1E-10	1E10	1E-30	1E-10	2	-5	5
129	3.29999999999999E-10	1E10	1E10	1E-30	1.31240410809706E-10	1E10	1E-30	1E10	7.44303636445688E-02	1E-30	9.16484765125296E-12	2.81498204793688E-02	7.76751997445672E-10	1.54467090682854E-11	0.265681865437648	1.0169041856409E-10	2.86474963256216E-11	0.881109733706511	3.27173933833824E-10	3.00887441277991E-12	0.567473874518233	7.37505663851184E-12	4.30073438308046E-11	8.97479993336414	8.08402556387835E-13	3.21222743864156E-10	1E5	1E10	1E-30	1E-10	1E10	1E-30	1E-10	1E10	1E-30	1E-10	1E10	1E-30	1E-10	1E10	1E-30	1E-10	1E10	1E-30	1E-10	1E10	1E-30	1E-10	1E10	1E-30	1E-10	1E10	1E-30	1E-10	2	-5	5
130	3.3E-10	1E10	1E10	1E-30	1.47588470676074E-10	1E10	1E-30	1E10	6.35090927731784E-02	1.20152291376209E-09	2.59911574062637E-11	1.541315687229	3.37076039014755E-10	3.77379567631184E-11	2.10305429902534	1.2766516743466E-09	4.72019828151081E-12	0.399558868671264	2.43114290339858E-10	1.44937330258353E-11	1.02920027791638	1.35189466667973E-12	2.14412931075153E-10	54.6112543602504	1E10	1E-30	1E-10	1E10	1E-30	1E-10	1E10	1E-30	1E-10	1E10	1E-30	1E-10	1E10	1E-30	1E-10	1E10	1E-30	1E-10	1E10	1E-30	1E-10	1E10	1E-30	1E-10	1E10	1E-30	1E-10	1E10	1E-30	1E-10	2	-1	1
131	3.3E-10	1E10	1E10	1E-30	1.47588470676074E-10	1E10	1E-30	1E10	6.35090927731784E-02	1.20152291376209E-09	2.59911574062637E-11	1.541315687229	3.37076039014755E-10	3.77379567631184E-11	2.10305429902534	1.2766516743466E-09	4.72019828151081E-12	0.399558868671264	2.43114290339858E-10	1.44937330258353E-11	1.02920027791638	1.35189466667973E-12	2.14412931075153E-10	54.6112543602504	1E10	1E-30	1E-10	1E10	1E-30	1E-10	1E10	1E-30	1E-10	1E10	1E-30	1E-10	1E10	1E-30	1E-10	1E10	1E-30	1E-10	1E10	1E-30	1E-10	1E10	1E-30	1E-10	1E10	1E-30	1E-10	1E10	1E-30	1E-10	2	-2	2
132	3.3E-10	1E10	1E10	1E-30	1.47588470676074E-10	1E10	1E-30	1E10	6.35090927731784E-02	1.20152291376209E-09	2.59911574062637E-11	1.541315687229	3.37076039014755E-10	3.77379567631184E-11	2.10305429902534	1.2766516743466E-09	4.72019828151081E-12	0.399558868671264	2.43114290339858E-10	1.44937330258353E-11	1.02920027791638	1.35189466667973E-12	2.14412931075153E-10	54.6112543602504	1E10	1E-30	1E-10	1E10	1E-30	1E-10	1E10	1E-30	1E-10	1E10	1E-30	1E-10	1E10	1E-30	1E-10	1E10	1E-30	1E-10	1E10	1E-30	1E-10	1E10	1E-30	1E-10	1E10	1E-30	1E-10	1E10	1E-30	1E-10	2	-5	5
133	3.3E-10	1E10	1E10	1E-30	1.41498348383127E-10	1E10	1E-30	1E10	5.2341862276787E-03	3.697355321149E-08	1E10	10.3166026467556	1E-30	6.68803928761175E-11	6.65806572820039E-02	1.31126718166992E-07	3.85567267844058E-11	1.76094227264849E-02	2.90846414309753E-09	8.91815660042851E-12	0.30399230051139	3.19478006830124E-10	2.75581486880132E-11	0.915877338331322	2.63159100615139E-11	3.74809810899068E-11	0.766033765735904	7.75735509836197E-13	3.77641093411764E-10	504.690114972469	1E10	1E-30	1E-10	1E10	1E-30	1E-10	1E10	1E-30	1E-10	1E10	1E-30	1E-10	1E10	1E-30	1E-10	1E10	1E-30	1E-10	1E10	1E-30	1E-10	1E10	1E-30	1E-10	2	-1	1
134	3.3E-10	1E10	1E10	1E-30	1.41498348383127E-10	1E10	1E-30	1E10	5.2341862276787E-03	3.697355321149E-08	1E10	10.3166026467556	1E-30	6.68803928761175E-11	6.65806572820039E-02	1.31126718166992E-07	3.85567267844058E-11	1.76094227264849E-02	2.90846414309753E-09	8.91815660042851E-12	0.30399230051139	3.19478006830124E-10	2.75581486880132E-11	0.915877338331322	2.63159100615139E-11	3.74809810899068E-11	0.766033765735904	7.75735509836197E-13	3.77641093411764E-10	504.690114972469	1E10	1E-30	1E-10	1E10	1E-30	1E-10	1E10	1E-30	1E-10	1E10	1E-30	1E-10	1E10	1E-30	1E-10	1E10	1E-30	1E-10	1E10	1E-30	1E-10	1E10	1E-30	1E-10	2	-2	2
135	3.3E-10	1E10	1E10	1E-30	1.41498348383127E-10	1E10	1E-30	1E10	5.2341862276787E-03	3.697355321149E-08	1E10	10.3166026467556	1E-30	6.68803928761175E-11	6.65806572820039E-02	1.31126718166992E-07	3.85567267844058E-11	1.76094227264849E-02	2.90846414309753E-09	8.91815660042851E-12	0.30399230051139	3.19478006830124E-10	2.75581486880132E-11	0.915877338331322	2.63159100615139E-11	3.74809810899068E-11	0.766033765735904	7.75735509836197E-13	3.77641093411764E-10	504.690114972469	1E10	1E-30	1E-10	1E10	1E-30	1E-10	1E10	1E-30	1E-10	1E10	1E-30	1E-10	1E10	1E-30	1E-10	1E10	1E-30	1E-10	1E10	1E-30	1E-10	1E10	1E-30	1E-10	2	-5	5
136	3.3E-10	1E10	1E10	1E-30	6.17195289197865E-12	1E10	1E-30	1E10	8.73523943863711E-02	1E-30	1.07778729103564E-10	1.37617069255722	1.28217043662533E-08	3.47742832414147E-12	0.111690244312893	7.09022623964499E-10	2.52691096293132E-11	0.713635990804743	7.31052605490708E-13	6.09178809942846E-10	858.373237198524	1E10	1E-30	1E-10	1E10	1E-30	1E-10	1E10	1E-30	1E-10	1E10	1E-30	1E-10	1E10	1E-30	1E-10	1E10	1E-30	1E-10	1E10	1E-30	1E-10	1E10	1E-30	1E-10	1E10	1E-30	1E-10	1E10	1E-30	1E-10	1E10	1E-30	1E-10	2	-5	5
137	3.89999999999999E-10	1E10	1E10	1E-30	1.23026877081238E-10	1E10	1E-30	1E10	5.29380645294922E-02	1E-30	3.18733901313528E-11	0.768157863650289	1E-30	2.05123193624349E-11	3.64459268607231E-02	1.60851298615905E-09	1.07460715649246E-11	0.216580351554558	3.52504145027289E-10	1.37992867789326E-11	0.528774874406989	1.46168497756122E-12	3.22771719547464E-10	346.736850452531	1E10	1E-30	1E-10	1E10	1E-30	1E-10	1E10	1E-30	1E-10	1E10	1E-30	1E-10	1E10	1E-30	1E-10	1E10	1E-30	1E-10	1E10	1E-30	1E-10	1E10	1E-30	1E-10	1E10	1E-30	1E-10	1E10	1E-30	1E-10	2	-5	5
138	3.89999999999999E-10	1E10	1E10	1E-30	1.23026877081238E-10	1E10	1E-30	1E10	5.29380645294922E-02	1E-30	3.18733901313528E-11	0.768157863650289	1E-30	2.05123193624349E-11	3.64459268607231E-02	1.60851298615905E-09	1.07460715649246E-11	0.216580351554558	3.52504145027289E-10	1.37992867789326E-11	0.528774874406989	1.46168497756122E-12	3.22771719547464E-10	346.736850452531	1E10	1E-30	1E-10	1E10	1E-30	1E-10	1E10	1E-30	1E-10	1E10	1E-30	1E-10	1E10	1E-30	1E-10	1E10	1E-30	1E-10	1E10	1E-30	1E-10	1E10	1E-30	1E-10	1E10	1E-30	1E-10	1E10	1E-30	1E-10	2	-5	5
139	3.9E-10	1E10	1E10	1E-30	1.18073979265486E-10	1E10	1E-30	1E10	4.49169178915894E-03	1.28624743170932E-08	1E10	91.6438597299838	1E-30	6.37914064805682E-11	7.52529205620165E-02	7.99241059495721E-08	5.21136698966727E-11	2.02160945794115E-02	2.84430838523761E-09	1.11778952191891E-11	0.378487172407711	3.4047449733677E-10	3.29746296404836E-11	1.07692544716634	2.07339382704174E-10	1.28672760485876E-11	0.380585299315519	8.68936814101508E-13	4.04483320145276E-10	123.895470283306	1E10	1E-30	1E-10	1E10	1E-30	1E-10	1E10	1E-30	1E-10	1E10	1E-30	1E-10	1E10	1E-30	1E-10	1E10	1E-30	1E-10	1E10	1E-30	1E-10	1E10	1E-30	1E-10	2	-1	1
140	3.9E-10	1E10	1E10	1E-30	1.18073979265486E-10	1E10	1E-30	1E10	4.49169178915894E-03	1.28624743170932E-08	1E10	91.6438597299838	1E-30	6.37914064805682E-11	7.52529205620165E-02	7.99241059495721E-08	5.21136698966727E-11	2.02160945794115E-02	2.84430838523761E-09	1.11778952191891E-11	0.378487172407711	3.4047449733677E-10	3.29746296404836E-11	1.07692544716634	2.07339382704174E-10	1.28672760485876E-11	0.380585299315519	8.68936814101508E-13	4.04483320145276E-10	123.895470283306	1E10	1E-30	1E-10	1E10	1E-30	1E-10	1E10	1E-30	1E-10	1E10	1E-30	1E-10	1E10	1E-30	1E-10	1E10	1E-30	1E-10	1E10	1E-30	1E-10	1E10	1E-30	1E-10	2	-2	2
141	3.9E-10	1E10	1E10	1E-30	1.18073979265486E-10	1E10	1E-30	1E10	4.49169178915894E-03	1.28624743170932E-08	1E10	91.6438597299838	1E-30	6.37914064805682E-11	7.52529205620165E-02	7.99241059495721E-08	5.21136698966727E-11	2.02160945794115E-02	2.84430838523761E-09	1.11778952191891E-11	0.378487172407711	3.4047449733677E-10	3.29746296404836E-11	1.07692544716634	2.07339382704174E-10	1.28672760485876E-11	0.380585299315519	8.68936814101508E-13	4.04483320145276E-10	123.895470283306	1E10	1E-30	1E-10	1E10	1E-30	1E-10	1E10	1E-30	1E-10	1E10	1E-30	1E-10	1E10	1E-30	1E-10	1E10	1E-30	1E-10	1E10	1E-30	1E-10	1E10	1E-30	1E-10	2	-5	5
142	3.9E-10	1E10	1E10	1E-30	1.18073979265486E-10	1E10	1E-30	1E10	4.49169178915894E-03	1.28624743170932E-08	1E10	91.6438597299838	1E-30	6.37914064805682E-11	7.52529205620165E-02	7.99241059495721E-08	5.21136698966727E-11	2.02160945794115E-02	2.84430838523761E-09	1.11778952191891E-11	0.378487172407711	3.4047449733677E-10	3.29746296404836E-11	1.07692544716634	2.07339382704174E-10	1.28672760485876E-11	0.380585299315519	8.68936814101508E-13	4.04483320145276E-10	123.895470283306	1E10	1E-30	1E-10	1E10	1E-30	1E-10	1E10	1E-30	1E-10	1E10	1E-30	1E-10	1E10	1E-30	1E-10	1E10	1E-30	1E-10	1E10	1E-30	1E-10	1E10	1E-30	1E-10	2	-1	1
143	3.9E-10	1E10	1E10	1E-30	1.18073979265486E-10	1E10	1E-30	1E10	4.49169178915894E-03	1.28624743170932E-08	1E10	91.6438597299838	1E-30	6.37914064805682E-11	7.52529205620165E-02	7.99241059495721E-08	5.21136698966727E-11	2.02160945794115E-02	2.84430838523761E-09	1.11778952191891E-11	0.378487172407711	3.4047449733677E-10	3.29746296404836E-11	1.07692544716634	2.07339382704174E-10	1.28672760485876E-11	0.380585299315519	8.68936814101508E-13	4.04483320145276E-10	123.895470283306	1E10	1E-30	1E-10	1E10	1E-30	1E-10	1E10	1E-30	1E-10	1E10	1E-30	1E-10	1E10	1E-30	1E-10	1E10	1E-30	1E-10	1E10	1E-30	1E-10	1E10	1E-30	1E-10	2	-2	2
144	3.9E-10	1E10	1E10	1E-30	1.18073979265486E-10	1E10	1E-30	1E10	4.49169178915894E-03	1.28624743170932E-08	1E10	91.6438597299838	1E-30	6.37914064805682E-11	7.52529205620165E-02	7.99241059495721E-08	5.21136698966727E-11	2.02160945794115E-02	2.84430838523761E-09	1.11778952191891E-11	0.378487172407711	3.4047449733677E-10	3.29746296404836E-11	1.07692544716634	2.07339382704174E-10	1.28672760485876E-11	0.380585299315519	8.68936814101508E-13	4.04483320145276E-10	123.895470283306	1E10	1E-30	1E-10	1E10	1E-30	1E-10	1E10	1E-30	1E-10	1E10	1E-30	1E-10	1E10	1E-30	1E-10	1E10	1E-30	1E-10	1E10	1E-30	1E-10	1E10	1E-30	1E-10	2	-5	5
145	3.89999999999999E-10	1E10	1E10	1E-30	5.40412413465345E-12	1E10	1E-30	1E10	8.08542766495869E-02	1E-30	1.03676014565295E-10	1.59886452322317	6.59250608338258E-09	8.24877848913332E-12	0.147847899234966	6.00953168260961E-10	3.95889122293631E-11	0.781555687625915	9.20833983988722E-13	5.4348300467855E-10	951.748076346284	1E10	1E-30	1E-10	1E10	1E-30	1E-10	1E10	1E-30	1E-10	1E10	1E-30	1E-10	1E10	1E-30	1E-10	1E10	1E-30	1E-10	1E10	1E-30	1E-10	1E10	1E-30	1E-10	1E10	1E-30	1E-10	1E10	1E-30	1E-10	1E10	1E-30	1E-10	2	-5	5
146	4.7E-10	1E10	1E10	1E-30	1.81588422927853E-11	1E10	1E-30	1E10	0.06	1E-30	4.80561353280543E-11	1.43785144851026	1.37112646785996E-09	1.74472592019893E-11	0.285756492847376	2.63024934105195E-10	2.63514573046815E-11	0.611055216702792	2.12194178755088E-11	2.1047372641132E-11	2.58961015770058	5.31336202179962E-13	3.93800041542993E-10	1E5	1E10	1E-30	1E-10	1E10	1E-30	1E-10	1E10	1E-30	1E-10	1E10	1E-30	1E-10	1E10	1E-30	1E-10	1E10	1E-30	1E-10	1E10	1E-30	1E-10	1E10	1E-30	1E-10	1E10	1E-30	1E-10	1E10	1E-30	1E-10	2	-5	5
147	4.7E-10	1E10	1E10	1E-30	1.81588422927853E-11	1E10	1E-30	1E10	0.06	1E-30	4.80561353280543E-11	1.43785144851026	1.37112646785996E-09	1.74472592019893E-11	0.285756492847376	2.63024934105195E-10	2.63514573046815E-11	0.611055216702792	2.12194178755088E-11	2.1047372641132E-11	2.58961015770058	5.31336202179962E-13	3.93800041542993E-10	1E5	1E10	1E-30	1E-10	1E10	1E-30	1E-10	1E10	1E-30	1E-10	1E10	1E-30	1E-10	1E10	1E-30	1E-10	1E10	1E-30	1E-10	1E10	1E-30	1E-10	1E10	1E-30	1E-10	1E10	1E-30	1E-10	1E10	1E-30	1E-10	2	-5	5
148	4.7E-10	1E10	1E10	1E-30	1.81588422927853E-11	1E10	1E-30	1E10	0.06	1E-30	4.80561353280543E-11	1.43785144851026	1.37112646785996E-09	1.74472592019893E-11	0.285756492847376	2.63024934105195E-10	2.63514573046815E-11	0.611055216702792	2.12194178755088E-11	2.1047372641132E-11	2.58961015770058	5.31336202179962E-13	3.93800041542993E-10	1E5	1E10	1E-30	1E-10	1E10	1E-30	1E-10	1E10	1E-30	1E-10	1E10	1E-30	1E-10	1E10	1E-30	1E-10	1E10	1E-30	1E-10	1E10	1E-30	1E-10	1E10	1E-30	1E-10	1E10	1E-30	1E-10	1E10	1E-30	1E-10	2	-5	5
149	4.7E-10	1E10	1E10	1E-30	9.45138132947845E-11	1E10	1E-30	1E10	3.98677108213027E-03	1.49029021123095E-07	1E10	0.950948600591531	1E-30	5.6100310650092E-11	6.72440370741635E-02	8.10011215994003E-08	5.19158916514752E-11	1.88341176292697E-02	3.01486492103029E-09	1.45014652868217E-11	0.434536957853189	4.88670438575823E-10	3.37361194801069E-11	1.14048670740857	2.38566871262903E-10	1.9280993992353E-11	0.522404706468905	2.94852730276585E-10	5.18713050083896E-12	0.252868678131853	7.58330852515959E-13	3.84541916416546E-10	297.960476231367	1E10	1E-30	1E-10	1E10	1E-30	1E-10	1E10	1E-30	1E-10	1E10	1E-30	1E-10	1E10	1E-30	1E-10	1E10	1E-30	1E-10	1E10	1E-30	1E-10	2	-1	1
150	4.7E-10	1E10	1E10	1E-30	9.45138132947845E-11	1E10	1E-30	1E10	3.98677108213027E-03	1.49029021123095E-07	1E10	0.950948600591531	1E-30	5.6100310650092E-11	6.72440370741635E-02	8.10011215994003E-08	5.19158916514752E-11	1.88341176292697E-02	3.01486492103029E-09	1.45014652868217E-11	0.434536957853189	4.88670438575823E-10	3.37361194801069E-11	1.14048670740857	2.38566871262903E-10	1.9280993992353E-11	0.522404706468905	2.94852730276585E-10	5.18713050083896E-12	0.252868678131853	7.58330852515959E-13	3.84541916416546E-10	297.960476231367	1E10	1E-30	1E-10	1E10	1E-30	1E-10	1E10	1E-30	1E-10	1E10	1E-30	1E-10	1E10	1E-30	1E-10	1E10	1E-30	1E-10	1E10	1E-30	1E-10	2	-2	2
151	4.7E-10	1E10	1E10	1E-30	9.45138132947845E-11	1E10	1E-30	1E10	3.98677108213027E-03	1.49029021123095E-07	1E10	0.950948600591531	1E-30	5.6100310650092E-11	6.72440370741635E-02	8.10011215994003E-08	5.19158916514752E-11	1.88341176292697E-02	3.01486492103029E-09	1.45014652868217E-11	0.434536957853189	4.88670438575823E-10	3.37361194801069E-11	1.14048670740857	2.38566871262903E-10	1.9280993992353E-11	0.522404706468905	2.94852730276585E-10	5.18713050083896E-12	0.252868678131853	7.58330852515959E-13	3.84541916416546E-10	297.960476231367	1E10	1E-30	1E-10	1E10	1E-30	1E-10	1E10	1E-30	1E-10	1E10	1E-30	1E-10	1E10	1E-30	1E-10	1E10	1E-30	1E-10	1E10	1E-30	1E-10	2	-5	5
152	4.7E-10	1E10	1E10	1E-30	1.94764637109717E-10	1E10	1E-30	1E10	4.27258073862226E-04	2.92433110704051E-08	1E10	21.154431004663	1E-30	5.32306555565757E-11	1.10758050864524	1E-30	1.21638150406476E-10	5.17928664042825E-02	3.30853531965692E-09	1.38370646712296E-11	0.489280633787885	5.14946147265977E-10	3.29430667477261E-11	1.14671423314718	4.7377520049288E-10	9.51633657648782E-12	0.338325138226826	1.1424430147487E-12	2.76245204569768E-10	117.347469460025	1E10	1E-30	1E-10	1E10	1E-30	1E-10	1E10	1E-30	1E-10	1E10	1E-30	1E-10	1E10	1E-30	1E-10	1E10	1E-30	1E-10	1E10	1E-30	1E-10	1E10	1E-30	1E-10	2	-1	1
153	4.7E-10	1E10	1E10	1E-30	1.94764637109717E-10	1E10	1E-30	1E10	4.27258073862226E-04	2.92433110704051E-08	1E10	21.154431004663	1E-30	5.32306555565757E-11	1.10758050864524	1E-30	1.21638150406476E-10	5.17928664042825E-02	3.30853531965692E-09	1.38370646712296E-11	0.489280633787885	5.14946147265977E-10	3.29430667477261E-11	1.14671423314718	4.7377520049288E-10	9.51633657648782E-12	0.338325138226826	1.1424430147487E-12	2.76245204569768E-10	117.347469460025	1E10	1E-30	1E-10	1E10	1E-30	1E-10	1E10	1E-30	1E-10	1E10	1E-30	1E-10	1E10	1E-30	1E-10	1E10	1E-30	1E-10	1E10	1E-30	1E-10	1E10	1E-30	1E-10	2	-2	2
154	4.7E-10	1E10	1E10	1E-30	1.94764637109717E-10	1E10	1E-30	1E10	4.27258073862226E-04	2.92433110704051E-08	1E10	21.154431004663	1E-30	5.32306555565757E-11	1.10758050864524	1E-30	1.21638150406476E-10	5.17928664042825E-02	3.30853531965692E-09	1.38370646712296E-11	0.489280633787885	5.14946147265977E-10	3.29430667477261E-11	1.14671423314718	4.7377520049288E-10	9.51633657648782E-12	0.338325138226826	1.1424430147487E-12	2.76245204569768E-10	117.347469460025	1E10	1E-30	1E-10	1E10	1E-30	1E-10	1E10	1E-30	1E-10	1E10	1E-30	1E-10	1E10	1E-30	1E-10	1E10	1E-30	1E-10	1E10	1E-30	1E-10	1E10	1E-30	1E-10	2	-5	5
155	4.69999999999999E-10	1E10	1E10	1E-30	4.03635203424711E-11	1E10	1E-30	1E10	6.63448984885047E-02	1E-30	8.47043457987764E-11	1.30628838336755	7.45823486877451E-09	9.39299572846425E-12	0.188571541409023	7.11054996406564E-10	4.41073540425116E-11	0.831567226354241	9.51895774389391E-13	4.90656896686982E-10	1270.90751466771	1E10	1E-30	1E-10	1E10	1E-30	1E-10	1E10	1E-30	1E-10	1E10	1E-30	1E-10	1E10	1E-30	1E-10	1E10	1E-30	1E-10	1E10	1E-30	1E-10	1E10	1E-30	1E-10	1E10	1E-30	1E-10	1E10	1E-30	1E-10	1E10	1E-30	1E-10	2	-5	5
156	5.59999999999999E-10	1E10	1E10	1E-30	1.06014966094082E-10	1E10	1E-30	1E10	3.60156002661213E-02	1E-30	3.0816008975878E-11	0.534895763980856	1E-30	2.97198991452081E-11	2.77952722799597E-02	2.77262703815266E-09	1.167646375658E-11	0.263137150479271	3.93346043043897E-10	2.59989443243327E-11	0.546351608811808	1.37956218829662E-12	3.17235497432509E-10	324.692729838727	1E10	1E-30	1E-10	1E10	1E-30	1E-10	1E10	1E-30	1E-10	1E10	1E-30	1E-10	1E10	1E-30	1E-10	1E10	1E-30	1E-10	1E10	1E-30	1E-10	1E10	1E-30	1E-10	1E10	1E-30	1E-10	1E10	1E-30	1E-10	2	-5	5
157	5.59999999999999E-10	1E10	1E10	1E-30	1.06014966094082E-10	1E10	1E-30	1E10	3.60156002661213E-02	1E-30	3.0816008975878E-11	0.534895763980856	1E-30	2.97198991452081E-11	2.77952722799597E-02	2.77262703815266E-09	1.167646375658E-11	0.263137150479271	3.93346043043897E-10	2.59989443243327E-11	0.546351608811808	1.37956218829662E-12	3.17235497432509E-10	324.692729838727	1E10	1E-30	1E-10	1E10	1E-30	1E-10	1E10	1E-30	1E-10	1E10	1E-30	1E-10	1E10	1E-30	1E-10	1E10	1E-30	1E-10	1E10	1E-30	1E-10	1E10	1E-30	1E-10	1E10	1E-30	1E-10	1E10	1E-30	1E-10	2	-5	5
158	5.6E-10	1E10	1E10	1E-30	6.530828922148E-15	1E10	1E-30	1E10	6.87269739446754E-03	1.36337425154583E-06	1E10	1.08846082978788E-02	1E-30	3.69410891302987E-11	0.822324024836975	8.25936456023845E-09	7.28924938162627E-11	3.47879159171877E-02	2.86761576324579E-09	2.03496254868696E-11	0.532860649042272	6.0947752964736E-10	3.83265157719677E-11	1.04646573226652	2.90325725437865E-10	2.13322785289404E-11	0.434663120152595	6.68135711374593E-13	4.37546414478766E-10	388.286865631599	1E10	1E-30	1E-10	1E10	1E-30	1E-10	1E10	1E-30	1E-10	1E10	1E-30	1E-10	1E10	1E-30	1E-10	1E10	1E-30	1E-10	1E10	1E-30	1E-10	1E10	1E-30	1E-10	2	-1	1
159	5.6E-10	1E10	1E10	1E-30	6.530828922148E-15	1E10	1E-30	1E10	6.87269739446754E-03	1.36337425154583E-06	1E10	1.08846082978788E-02	1E-30	3.69410891302987E-11	0.822324024836975	8.25936456023845E-09	7.28924938162627E-11	3.47879159171877E-02	2.86761576324579E-09	2.03496254868696E-11	0.532860649042272	6.0947752964736E-10	3.83265157719677E-11	1.04646573226652	2.90325725437865E-10	2.13322785289404E-11	0.434663120152595	6.68135711374593E-13	4.37546414478766E-10	388.286865631599	1E10	1E-30	1E-10	1E10	1E-30	1E-10	1E10	1E-30	1E-10	1E10	1E-30	1E-10	1E10	1E-30	1E-10	1E10	1E-30	1E-10	1E10	1E-30	1E-10	1E10	1E-30	1E-10	2	-2	2
160	5.6E-10	1E10	1E10	1E-30	6.530828922148E-15	1E10	1E-30	1E10	6.87269739446754E-03	1.36337425154583E-06	1E10	1.08846082978788E-02	1E-30	3.69410891302987E-11	0.822324024836975	8.25936456023845E-09	7.28924938162627E-11	3.47879159171877E-02	2.86761576324579E-09	2.03496254868696E-11	0.532860649042272	6.0947752964736E-10	3.83265157719677E-11	1.04646573226652	2.90325725437865E-10	2.13322785289404E-11	0.434663120152595	6.68135711374593E-13	4.37546414478766E-10	388.286865631599	1E10	1E-30	1E-10	1E10	1E-30	1E-10	1E10	1E-30	1E-10	1E10	1E-30	1E-10	1E10	1E-30	1E-10	1E10	1E-30	1E-10	1E10	1E-30	1E-10	1E10	1E-30	1E-10	2	-5	5
161	5.6E-10	1E10	1E10	1E-30	1.76867587388576E-10	1E10	1E-30	1E10	1.27289518212783E-02	8.90388840777495E-07	1E10	1.66666449666326E-02	1E-30	8.56390984662322E-11	3.49025666023018E-02	3.64472582067474E-09	1.55066108884458E-11	0.48829408165563	5.93028198894686E-10	3.78299278566624E-11	1.06986990323848	3.24219323164598E-10	1.83868829546159E-11	0.451598297544676	3.66077378690119E-12	8.04035822997813E-11	4.94811135964944	1.37576738130127E-12	2.11961704622231E-10	1351.36080970262	1E10	1E-30	1E-10	1E10	1E-30	1E-10	1E10	1E-30	1E-10	1E10	1E-30	1E-10	1E10	1E-30	1E-10	1E10	1E-30	1E-10	1E10	1E-30	1E-10	1E10	1E-30	1E-10	2	-1	1
162	5.6E-10	1E10	1E10	1E-30	1.76867587388576E-10	1E10	1E-30	1E10	1.27289518212783E-02	8.90388840777495E-07	1E10	1.66666449666326E-02	1E-30	8.56390984662322E-11	3.49025666023018E-02	3.64472582067474E-09	1.55066108884458E-11	0.48829408165563	5.93028198894686E-10	3.78299278566624E-11	1.06986990323848	3.24219323164598E-10	1.83868829546159E-11	0.451598297544676	3.66077378690119E-12	8.04035822997813E-11	4.94811135964944	1.37576738130127E-12	2.11961704622231E-10	1351.36080970262	1E10	1E-30	1E-10	1E10	1E-30	1E-10	1E10	1E-30	1E-10	1E10	1E-30	1E-10	1E10	1E-30	1E-10	1E10	1E-30	1E-10	1E10	1E-30	1E-10	1E10	1E-30	1E-10	2	-2	2
163	5.6E-10	1E10	1E10	1E-30	1.76867587388576E-10	1E10	1E-30	1E10	1.27289518212783E-02	8.90388840777495E-07	1E10	1.66666449666326E-02	1E-30	8.56390984662322E-11	3.49025666023018E-02	3.64472582067474E-09	1.55066108884458E-11	0.48829408165563	5.93028198894686E-10	3.78299278566624E-11	1.06986990323848	3.24219323164598E-10	1.83868829546159E-11	0.451598297544676	3.66077378690119E-12	8.04035822997813E-11	4.94811135964944	1.37576738130127E-12	2.11961704622231E-10	1351.36080970262	1E10	1E-30	1E-10	1E10	1E-30	1E-10	1E10	1E-30	1E-10	1E10	1E-30	1E-10	1E10	1E-30	1E-10	1E10	1E-30	1E-10	1E10	1E-30	1E-10	1E10	1E-30	1E-10	2	-5	5
164	5.59999999999999E-10	1E10	1E10	1E-30	7.43120811258078E-11	1E10	1E-30	1E10	7.24666157856655E-02	1E-30	9.33496034197541E-11	0.961329139884017	1.37890402479453E-08	5.23403648570573E-12	7.15036066586345E-02	9.38677930406031E-10	3.00606330600861E-11	0.520643390629154	8.71188486192538E-13	5.38676995503975E-10	1667.81181251575	1E10	1E-30	1E-10	1E10	1E-30	1E-10	1E10	1E-30	1E-10	1E10	1E-30	1E-10	1E10	1E-30	1E-10	1E10	1E-30	1E-10	1E10	1E-30	1E-10	1E10	1E-30	1E-10	1E10	1E-30	1E-10	1E10	1E-30	1E-10	1E10	1E-30	1E-10	2	-5	5
165	6.8E-10	1E10	1E10	1E-30	3.19255791466929E-10	1E10	1E-30	1E10	0.045	1E-30	6.53221582425287E-11	1.48706718021718	2.07286307408358E-09	2.2357296566037E-11	0.416826846625584	5.36953137499323E-10	2.74742411864751E-11	0.667296244305761	3.55526177471848E-12	7.25266214269832E-11	1E5	1E10	1E-30	1E-10	1E10	1E-30	1E-10	1E10	1E-30	1E-10	1E10	1E-30	1E-10	1E10	1E-30	1E-10	1E10	1E-30	1E-10	1E10	1E-30	1E-10	1E10	1E-30	1E-10	1E10	1E-30	1E-10	1E10	1E-30	1E-10	1E10	1E-30	1E-10	2	-5	5
166	6.8E-10	1E10	1E10	1E-30	3.19255791466929E-10	1E10	1E-30	1E10	0.045	1E-30	6.53221582425287E-11	1.48706718021718	2.07286307408358E-09	2.2357296566037E-11	0.416826846625584	5.36953137499323E-10	2.74742411864751E-11	0.667296244305761	3.55526177471848E-12	7.25266214269832E-11	1E5	1E10	1E-30	1E-10	1E10	1E-30	1E-10	1E10	1E-30	1E-10	1E10	1E-30	1E-10	1E10	1E-30	1E-10	1E10	1E-30	1E-10	1E10	1E-30	1E-10	1E10	1E-30	1E-10	1E10	1E-30	1E-10	1E10	1E-30	1E-10	1E10	1E-30	1E-10	2	-5	5
167	6.8E-10	1E10	1E10	1E-30	2.52568829073138E-10	1E10	1E-30	1E10	1.10462186685116E-02	4.91875656115279E-07	1E10	3.01698091926146E-02	1E-30	1.72661564744163E-10	0.051430543018794	5.54259687719191E-09	9.29110964380062E-12	0.184280978149353	5.31703320694947E-10	3.15568759332585E-11	0.661833639000934	3.5141912590801E-10	1.28386933420922E-11	0.316076219123883	5.51956033983477E-12	6.80180078549559E-11	4.0688514478903	1.35566674049687E-12	2.16092640898975E-10	183.569035223396	1E10	1E-30	1E-10	1E10	1E-30	1E-10	1E10	1E-30	1E-10	1E10	1E-30	1E-10	1E10	1E-30	1E-10	1E10	1E-30	1E-10	1E10	1E-30	1E-10	1E10	1E-30	1E-10	2	-1	1
168	6.8E-10	1E10	1E10	1E-30	2.52568829073138E-10	1E10	1E-30	1E10	1.10462186685116E-02	4.91875656115279E-07	1E10	3.01698091926146E-02	1E-30	1.72661564744163E-10	0.051430543018794	5.54259687719191E-09	9.29110964380062E-12	0.184280978149353	5.31703320694947E-10	3.15568759332585E-11	0.661833639000934	3.5141912590801E-10	1.28386933420922E-11	0.316076219123883	5.51956033983477E-12	6.80180078549559E-11	4.0688514478903	1.35566674049687E-12	2.16092640898975E-10	183.569035223396	1E10	1E-30	1E-10	1E10	1E-30	1E-10	1E10	1E-30	1E-10	1E10	1E-30	1E-10	1E10	1E-30	1E-10	1E10	1E-30	1E-10	1E10	1E-30	1E-10	1E10	1E-30	1E-10	2	-2	2
169	6.8E-10	1E10	1E10	1E-30	2.52568829073138E-10	1E10	1E-30	1E10	1.10462186685116E-02	4.91875656115279E-07	1E10	3.01698091926146E-02	1E-30	1.72661564744163E-10	0.051430543018794	5.54259687719191E-09	9.29110964380062E-12	0.184280978149353	5.31703320694947E-10	3.15568759332585E-11	0.661833639000934	3.5141912590801E-10	1.28386933420922E-11	0.316076219123883	5.51956033983477E-12	6.80180078549559E-11	4.0688514478903	1.35566674049687E-12	2.16092640898975E-10	183.569035223396	1E10	1E-30	1E-10	1E10	1E-30	1E-10	1E10	1E-30	1E-10	1E10	1E-30	1E-10	1E10	1E-30	1E-10	1E10	1E-30	1E-10	1E10	1E-30	1E-10	1E10	1E-30	1E-10	2	-5	5
170	6.8E-10	1E10	1E10	1E-30	1.53439226497855E-10	1E10	1E-30	1E10	2.5600071855926E-03	1.58427627860181E-06	1E10	9.36692349177055E-03	5.2575695085799E-09	9.52454902339695E-11	3.95904122944533E-02	3.77192951098164E-09	2.11701075665045E-11	0.619119813484126	1.01673899943407E-09	3.05864059691971E-11	1.02081318437958	4.44376821372614E-10	1.97219634039024E-11	0.308421562064945	8.96325514726438E-12	4.50536811261237E-11	0.954132870742095	8.52764361691741E-13	3.94591326935208E-10	563.050407858538	1E10	1E-30	1E-10	1E10	1E-30	1E-10	1E10	1E-30	1E-10	1E10	1E-30	1E-10	1E10	1E-30	1E-10	1E10	1E-30	1E-10	1E10	1E-30	1E-10	1E10	1E-30	1E-10	2	-1	1
171	6.8E-10	1E10	1E10	1E-30	1.53439226497855E-10	1E10	1E-30	1E10	2.5600071855926E-03	1.58427627860181E-06	1E10	9.36692349177055E-03	5.2575695085799E-09	9.52454902339695E-11	3.95904122944533E-02	3.77192951098164E-09	2.11701075665045E-11	0.619119813484126	1.01673899943407E-09	3.05864059691971E-11	1.02081318437958	4.44376821372614E-10	1.97219634039024E-11	0.308421562064945	8.96325514726438E-12	4.50536811261237E-11	0.954132870742095	8.52764361691741E-13	3.94591326935208E-10	563.050407858538	1E10	1E-30	1E-10	1E10	1E-30	1E-10	1E10	1E-30	1E-10	1E10	1E-30	1E-10	1E10	1E-30	1E-10	1E10	1E-30	1E-10	1E10	1E-30	1E-10	1E10	1E-30	1E-10	2	-2	2
172	6.8E-10	1E10	1E10	1E-30	1.53439226497855E-10	1E10	1E-30	1E10	2.5600071855926E-03	1.58427627860181E-06	1E10	9.36692349177055E-03	5.2575695085799E-09	9.52454902339695E-11	3.95904122944533E-02	3.77192951098164E-09	2.11701075665045E-11	0.619119813484126	1.01673899943407E-09	3.05864059691971E-11	1.02081318437958	4.44376821372614E-10	1.97219634039024E-11	0.308421562064945	8.96325514726438E-12	4.50536811261237E-11	0.954132870742095	8.52764361691741E-13	3.94591326935208E-10	563.050407858538	1E10	1E-30	1E-10	1E10	1E-30	1E-10	1E10	1E-30	1E-10	1E10	1E-30	1E-10	1E10	1E-30	1E-10	1E10	1E-30	1E-10	1E10	1E-30	1E-10	1E10	1E-30	1E-10	2	-5	5
173	6.8E-10	1E10	1E10	1E-30	1.64502681860821E-11	1E10	1E-30	1E10	6.50917501835058E-02	1E-30	9.59971338190665E-11	1.05903913727075	1.27211538134975E-08	7.59054252074716E-12	0.10397287916608	1.15407394144093E-09	3.62087330868987E-11	0.579640666607895	7.35624625163913E-13	6.00942271171698E-10	718.312996722778	1E10	1E-30	1E-10	1E10	1E-30	1E-10	1E10	1E-30	1E-10	1E10	1E-30	1E-10	1E10	1E-30	1E-10	1E10	1E-30	1E-10	1E10	1E-30	1E-10	1E10	1E-30	1E-10	1E10	1E-30	1E-10	1E10	1E-30	1E-10	1E10	1E-30	1E-10	2	-5	5
174	8.19999999999999E-10	1E10	1E10	1E-30	4.72980705179786E-11	1E10	1E-30	1E10	3.39005944998463E-02	1E-30	4.55124250503187E-11	0.549964721474238	1E-30	1.25555562260064E-11	2.01243182546724E-02	3.68603387715128E-09	1.61013785120835E-11	0.431337281909399	6.49124870329314E-10	3.03180791568271E-11	0.661875589034085	1.31762881712894E-12	3.27249631292784E-10	360.832225449873	1E10	1E-30	1E-10	1E10	1E-30	1E-10	1E10	1E-30	1E-10	1E10	1E-30	1E-10	1E10	1E-30	1E-10	1E10	1E-30	1E-10	1E10	1E-30	1E-10	1E10	1E-30	1E-10	1E10	1E-30	1E-10	1E10	1E-30	1E-10	2	-5	5
175	8.19999999999999E-10	1E10	1E10	1E-30	4.72980705179786E-11	1E10	1E-30	1E10	3.39005944998463E-02	1E-30	4.55124250503187E-11	0.549964721474238	1E-30	1.25555562260064E-11	2.01243182546724E-02	3.68603387715128E-09	1.61013785120835E-11	0.431337281909399	6.49124870329314E-10	3.03180791568271E-11	0.661875589034085	1.31762881712894E-12	3.27249631292784E-10	360.832225449873	1E10	1E-30	1E-10	1E10	1E-30	1E-10	1E10	1E-30	1E-10	1E10	1E-30	1E-10	1E10	1E-30	1E-10	1E10	1E-30	1E-10	1E10	1E-30	1E-10	1E10	1E-30	1E-10	1E10	1E-30	1E-10	1E10	1E-30	1E-10	2	-5	5
176	8.2E-10	1E10	1E10	1E-30	9.19525852948001E-11	1E10	1E-30	1E10	0.028795677380433	4.8107401390678E-07	1E10	3.08472173979567E-02	1E-30	5.98105787761335E-11	0.630132309760615	1E-30	7.13700460602337E-11	2.35655368712399E-02	1.12604470474627E-08	6.06617517108651E-12	0.184849982983868	1.0401354560733E-09	2.38149079566186E-11	0.500676618871251	8.38126549866762E-13	4.01482832272158E-10	212.846602045154	1E10	1E-30	1E-10	1E10	1E-30	1E-10	1E10	1E-30	1E-10	1E10	1E-30	1E-10	1E10	1E-30	1E-10	1E10	1E-30	1E-10	1E10	1E-30	1E-10	1E10	1E-30	1E-10	1E10	1E-30	1E-10	2	-1	1
177	8.2E-10	1E10	1E10	1E-30	9.19525852948001E-11	1E10	1E-30	1E10	0.028795677380433	4.8107401390678E-07	1E10	3.08472173979567E-02	1E-30	5.98105787761335E-11	0.630132309760615	1E-30	7.13700460602337E-11	2.35655368712399E-02	1.12604470474627E-08	6.06617517108651E-12	0.184849982983868	1.0401354560733E-09	2.38149079566186E-11	0.500676618871251	8.38126549866762E-13	4.01482832272158E-10	212.846602045154	1E10	1E-30	1E-10	1E10	1E-30	1E-10	1E10	1E-30	1E-10	1E10	1E-30	1E-10	1E10	1E-30	1E-10	1E10	1E-30	1E-10	1E10	1E-30	1E-10	1E10	1E-30	1E-10	1E10	1E-30	1E-10	2	-2	2
178	8.2E-10	1E10	1E10	1E-30	9.19525852948001E-11	1E10	1E-30	1E10	0.028795677380433	4.8107401390678E-07	1E10	3.08472173979567E-02	1E-30	5.98105787761335E-11	0.630132309760615	1E-30	7.13700460602337E-11	2.35655368712399E-02	1.12604470474627E-08	6.06617517108651E-12	0.184849982983868	1.0401354560733E-09	2.38149079566186E-11	0.500676618871251	8.38126549866762E-13	4.01482832272158E-10	212.846602045154	1E10	1E-30	1E-10	1E10	1E-30	1E-10	1E10	1E-30	1E-10	1E10	1E-30	1E-10	1E10	1E-30	1E-10	1E10	1E-30	1E-10	1E10	1E-30	1E-10	1E10	1E-30	1E-10	1E10	1E-30	1E-10	2	-5	5
179	8.2E-10	1E10	1E10	1E-30	6.20891402921759E-11	1E10	1E-30	1E10	3.06578395093079E-03	2.07071537598427E-07	1E10	0.989253246469638	1E-30	5.43661498637783E-11	0.794460195309411	1E-30	1.07001246522305E-10	3.65068335069929E-02	5.11897654598885E-09	1.92684244305081E-11	0.596050651375346	1.20902389614285E-09	3.48176952635277E-11	1.07819851192851	1.09377398045935E-08	1.8077443949789E-12	8.58332106329365E-02	1.09798533058294E-09	1.13708013581636E-11	0.351140431703319	1.63426208616637E-09	3.08366538033837E-12	0.154663995931448	7.66480779034269E-13	4.41421411242953E-10	456.829137542879	1E10	1E-30	1E-10	1E10	1E-30	1E-10	1E10	1E-30	1E-10	1E10	1E-30	1E-10	1E10	1E-30	1E-10	1E10	1E-30	1E-10	2	-1	1
180	8.2E-10	1E10	1E10	1E-30	6.20891402921759E-11	1E10	1E-30	1E10	3.06578395093079E-03	2.07071537598427E-07	1E10	0.989253246469638	1E-30	5.43661498637783E-11	0.794460195309411	1E-30	1.07001246522305E-10	3.65068335069929E-02	5.11897654598885E-09	1.92684244305081E-11	0.596050651375346	1.20902389614285E-09	3.48176952635277E-11	1.07819851192851	1.09377398045935E-08	1.8077443949789E-12	8.58332106329365E-02	1.09798533058294E-09	1.13708013581636E-11	0.351140431703319	1.63426208616637E-09	3.08366538033837E-12	0.154663995931448	7.66480779034269E-13	4.41421411242953E-10	456.829137542879	1E10	1E-30	1E-10	1E10	1E-30	1E-10	1E10	1E-30	1E-10	1E10	1E-30	1E-10	1E10	1E-30	1E-10	1E10	1E-30	1E-10	2	-2	2
181	8.2E-10	1E10	1E10	1E-30	6.20891402921759E-11	1E10	1E-30	1E10	3.06578395093079E-03	2.07071537598427E-07	1E10	0.989253246469638	1E-30	5.43661498637783E-11	0.794460195309411	1E-30	1.07001246522305E-10	3.65068335069929E-02	5.11897654598885E-09	1.92684244305081E-11	0.596050651375346	1.20902389614285E-09	3.48176952635277E-11	1.07819851192851	1.09377398045935E-08	1.8077443949789E-12	8.58332106329365E-02	1.09798533058294E-09	1.13708013581636E-11	0.351140431703319	1.63426208616637E-09	3.08366538033837E-12	0.154663995931448	7.66480779034269E-13	4.41421411242953E-10	456.829137542879	1E10	1E-30	1E-10	1E10	1E-30	1E-10	1E10	1E-30	1E-10	1E10	1E-30	1E-10	1E10	1E-30	1E-10	1E10	1E-30	1E-10	2	-5	5
182	8.2E-10	1E10	1E10	1E-30	4.53608143911584E-12	1E10	1E-30	1E10	5.30722049204029E-02	1E-30	9.76611702568429E-11	0.777645801174428	1.49382440997652E-08	8.43759550567939E-12	0.12194613892435	1.48134077577604E-09	3.77206541150302E-11	0.586089210649251	9.01055412963726E-13	5.38347419175337E-10	766.005441064875	1E10	1E-30	1E-10	1E10	1E-30	1E-10	1E10	1E-30	1E-10	1E10	1E-30	1E-10	1E10	1E-30	1E-10	1E10	1E-30	1E-10	1E10	1E-30	1E-10	1E10	1E-30	1E-10	1E10	1E-30	1E-10	1E10	1E-30	1E-10	1E10	1E-30	1E-10	2	-5	5
END DSCRDATA
