BEGIN DSCRDATA
% INDEX	K01	L01	M01	K02	L02	M02	K03	L03	M03	K04	L04	M04	K05	L05	M05	K06	L06	M06	K07	L07	M07	K08	L08	M08	K09	L09	M09	K10	L10	M10	K11	L11	M11	K12	L12	M12	K13	L13	M13	K14	L14	M14	K15	L15	M15	K16	L16	M16	K17	L17	M17	K18	L18	M18	T01	T02	T03
0	0	0	0	0	0	0	0	0	0	0	0	0	0	0	0	0	0	0	0	0	0	0	0	0	0	0	0	0	0	0	0	0	0	0	0	0	0	0	0	0	0	0	0	0	0	0	0	0	0	0	0	0	0	0	0	0	0
1	9.99999999999999E-13	1E10	1E11	1E-30	1.34205949620856E-10	1E10	1E-30	1E10	0.732997307915999	1.25654573927569E-12	5.19318997804592E-11	31.1278243187015	1.19752098878993E-13	2.64646748428315E-10	1E8	1E10	1E-30	1E-10	1E10	1E-30	1E-10	1E10	1E-30	1E-10	1E10	1E-30	1E-10	1E10	1E-30	1E-10	1E10	1E-30	1E-10	1E10	1E-30	1E-10	1E10	1E-30	1E-10	1E10	1E-30	1E-10	1E10	1E-30	1E-10	1E10	1E-30	1E-10	1E10	1E-30	1E-10	1E10	1E-30	1E-10	1	-0.25	0.25
2	9.99999999999999E-13	1E10	1E11	1E-30	1.34205949620856E-10	1E10	1E-30	1E10	0.732997307915999	1.25654573927569E-12	5.19318997804592E-11	31.1278243187015	1.19752098878993E-13	2.64646748428315E-10	1E8	1E10	1E-30	1E-10	1E10	1E-30	1E-10	1E10	1E-30	1E-10	1E10	1E-30	1E-10	1E10	1E-30	1E-10	1E10	1E-30	1E-10	1E10	1E-30	1E-10	1E10	1E-30	1E-10	1E10	1E-30	1E-10	1E10	1E-30	1E-10	1E10	1E-30	1E-10	1E10	1E-30	1E-10	1E10	1E-30	1E-10	1	-0.25	0.25
3	2E-12	1E10	1E11	1E-30	3.26248107369848E-10	1E10	1E-30	1E10	0.37	4.14018744277087E-11	9.5619543464907E-12	0.676533029432284	2.06336477427178E-11	1.39766411925085E-11	1E5	1E10	1E-30	1E-10	1E10	1E-30	1E-10	1E10	1E-30	1E-10	1E10	1E-30	1E-10	1E10	1E-30	1E-10	1E10	1E-30	1E-10	1E10	1E-30	1E-10	1E10	1E-30	1E-10	1E10	1E-30	1E-10	1E10	1E-30	1E-10	1E10	1E-30	1E-10	1E10	1E-30	1E-10	1E10	1E-30	1E-10	1	-0.25	0.25
4	2E-12	1E10	1E11	1E-30	3.26248107369848E-10	1E10	1E-30	1E10	0.37	4.14018744277087E-11	9.5619543464907E-12	0.676533029432284	2.06336477427178E-11	1.39766411925085E-11	1E5	1E10	1E-30	1E-10	1E10	1E-30	1E-10	1E10	1E-30	1E-10	1E10	1E-30	1E-10	1E10	1E-30	1E-10	1E10	1E-30	1E-10	1E10	1E-30	1E-10	1E10	1E-30	1E-10	1E10	1E-30	1E-10	1E10	1E-30	1E-10	1E10	1E-30	1E-10	1E10	1E-30	1E-10	1E10	1E-30	1E-10	1	-0.25	0.25
5	3E-12	1E10	1E11	1E-30	2.32283530029867E-10	1E10	1E-30	1E10	0.28	1.04895767973676E-11	2.61363235210109E-11	3.04109161369941	3.66261788267133E-12	6.8962493844455E-11	1E5	1E10	1E-30	1E-10	1E10	1E-30	1E-10	1E10	1E-30	1E-10	1E10	1E-30	1E-10	1E10	1E-30	1E-10	1E10	1E-30	1E-10	1E10	1E-30	1E-10	1E10	1E-30	1E-10	1E10	1E-30	1E-10	1E10	1E-30	1E-10	1E10	1E-30	1E-10	1E10	1E-30	1E-10	1E10	1E-30	1E-10	1	-0.25	0.25
6	3E-12	1E10	1E11	1E-30	2.32283530029867E-10	1E10	1E-30	1E10	0.28	1.04895767973676E-11	2.61363235210109E-11	3.04109161369941	3.66261788267133E-12	6.8962493844455E-11	1E5	1E10	1E-30	1E-10	1E10	1E-30	1E-10	1E10	1E-30	1E-10	1E10	1E-30	1E-10	1E10	1E-30	1E-10	1E10	1E-30	1E-10	1E10	1E-30	1E-10	1E10	1E-30	1E-10	1E10	1E-30	1E-10	1E10	1E-30	1E-10	1E10	1E-30	1E-10	1E10	1E-30	1E-10	1E10	1E-30	1E-10	1	-0.25	0.25
7	4E-12	1E10	1E11	1E-30	1.77665137291681E-10	1E10	1E-30	1E10	0.23	1.88777271751339E-12	1.39102464104338E-10	59.9690116175092	1E10	1E-30	1E-10	1E10	1E-30	1E-10	1E10	1E-30	1E-10	1E10	1E-30	1E-10	1E10	1E-30	1E-10	1E10	1E-30	1E-10	1E10	1E-30	1E-10	1E10	1E-30	1E-10	1E10	1E-30	1E-10	1E10	1E-30	1E-10	1E10	1E-30	1E-10	1E10	1E-30	1E-10	1E10	1E-30	1E-10	1E10	1E-30	1E-10	1	-0.25	0.25
8	4E-12	1E10	1E11	1E-30	1.77665137291681E-10	1E10	1E-30	1E10	0.23	1.88777271751339E-12	1.39102464104338E-10	59.9690116175092	1E10	1E-30	1E-10	1E10	1E-30	1E-10	1E10	1E-30	1E-10	1E10	1E-30	1E-10	1E10	1E-30	1E-10	1E10	1E-30	1E-10	1E10	1E-30	1E-10	1E10	1E-30	1E-10	1E10	1E-30	1E-10	1E10	1E-30	1E-10	1E10	1E-30	1E-10	1E10	1E-30	1E-10	1E10	1E-30	1E-10	1E10	1E-30	1E-10	1	-0.25	0.25
9	5E-12	1E10	1E11	1E-30	2.95086390595397E-10	1E10	1E-30	1E10	0.209999999999999	1E-30	2.0392065739932E-11	0.560231947856481	1.54811998316578E-11	2.64656305907231E-11	9.583713814167	1E10	1E-30	1E-10	1E10	1E-30	1E-10	1E10	1E-30	1E-10	1E10	1E-30	1E-10	1E10	1E-30	1E-10	1E10	1E-30	1E-10	1E10	1E-30	1E-10	1E10	1E-30	1E-10	1E10	1E-30	1E-10	1E10	1E-30	1E-10	1E10	1E-30	1E-10	1E10	1E-30	1E-10	1E10	1E-30	1E-10	1	-0.25	0.25
10	5E-12	1E10	1E11	1E-30	2.95086390595397E-10	1E10	1E-30	1E10	0.209999999999999	1E-30	2.0392065739932E-11	0.560231947856481	1.54811998316578E-11	2.64656305907231E-11	9.583713814167	1E10	1E-30	1E-10	1E10	1E-30	1E-10	1E10	1E-30	1E-10	1E10	1E-30	1E-10	1E10	1E-30	1E-10	1E10	1E-30	1E-10	1E10	1E-30	1E-10	1E10	1E-30	1E-10	1E10	1E-30	1E-10	1E10	1E-30	1E-10	1E10	1E-30	1E-10	1E10	1E-30	1E-10	1E10	1E-30	1E-10	1	-0.25	0.25
11	6E-12	1E10	1E11	1E-30	2.18557826012455E-10	1E10	1E-30	1E10	0.21	1E-30	1.57221387636403E-11	0.340073623285689	2.18146954417122E-11	1.95698090719978E-11	3.23720491516662	3.96234482124568E-12	6.85794837938725E-11	1E5	1E10	1E-30	1E-10	1E10	1E-30	1E-10	1E10	1E-30	1E-10	1E10	1E-30	1E-10	1E10	1E-30	1E-10	1E10	1E-30	1E-10	1E10	1E-30	1E-10	1E10	1E-30	1E-10	1E10	1E-30	1E-10	1E10	1E-30	1E-10	1E10	1E-30	1E-10	1E10	1E-30	1E-10	1	-0.5	0.5
12	6E-12	1E10	1E11	1E-30	2.18557826012455E-10	1E10	1E-30	1E10	0.21	1E-30	1.57221387636403E-11	0.340073623285689	2.18146954417122E-11	1.95698090719978E-11	3.23720491516662	3.96234482124568E-12	6.85794837938725E-11	1E5	1E10	1E-30	1E-10	1E10	1E-30	1E-10	1E10	1E-30	1E-10	1E10	1E-30	1E-10	1E10	1E-30	1E-10	1E10	1E-30	1E-10	1E10	1E-30	1E-10	1E10	1E-30	1E-10	1E10	1E-30	1E-10	1E10	1E-30	1E-10	1E10	1E-30	1E-10	1E10	1E-30	1E-10	1	-0.5	0.5
13	7E-12	1E10	1E11	1E-30	2.23270492949796E-10	1E10	1E-30	1E10	0.2	1E-30	2.28527932847981E-11	0.33878705600239	1.2666239455928E-10	4.41128942258915E-12	1.11955359076678	7.0523740254086E-11	4.99583918575789E-12	1.60831606562907	3.34233770598479E-12	7.34392951097887E-11	1E5	1E10	1E-30	1E-10	1E10	1E-30	1E-10	1E10	1E-30	1E-10	1E10	1E-30	1E-10	1E10	1E-30	1E-10	1E10	1E-30	1E-10	1E10	1E-30	1E-10	1E10	1E-30	1E-10	1E10	1E-30	1E-10	1E10	1E-30	1E-10	1E10	1E-30	1E-10	1	-0.5	0.5
14	7E-12	1E10	1E11	1E-30	2.23270492949796E-10	1E10	1E-30	1E10	0.2	1E-30	2.28527932847981E-11	0.33878705600239	1.2666239455928E-10	4.41128942258915E-12	1.11955359076678	7.0523740254086E-11	4.99583918575789E-12	1.60831606562907	3.34233770598479E-12	7.34392951097887E-11	1E5	1E10	1E-30	1E-10	1E10	1E-30	1E-10	1E10	1E-30	1E-10	1E10	1E-30	1E-10	1E10	1E-30	1E-10	1E10	1E-30	1E-10	1E10	1E-30	1E-10	1E10	1E-30	1E-10	1E10	1E-30	1E-10	1E10	1E-30	1E-10	1E10	1E-30	1E-10	1	-0.5	0.5
15	8E-12	1E10	1E11	1E-30	2.60111588954089E-10	1E10	1E-30	1E10	0.196	1E-30	2.21335580345526E-11	0.341526394963604	1.93317320781113E-10	3.33464858609283E-12	0.628057576528195	3.92780617794383E-11	8.73665950776674E-12	1.60631207279404	7.98363604483222E-12	3.44967433686618E-11	1E5	1E10	1E-30	1E-10	1E10	1E-30	1E-10	1E10	1E-30	1E-10	1E10	1E-30	1E-10	1E10	1E-30	1E-10	1E10	1E-30	1E-10	1E10	1E-30	1E-10	1E10	1E-30	1E-10	1E10	1E-30	1E-10	1E10	1E-30	1E-10	1E10	1E-30	1E-10	1	-0.5	0.5
16	8E-12	1E10	1E11	1E-30	2.60111588954089E-10	1E10	1E-30	1E10	0.196	1E-30	2.21335580345526E-11	0.341526394963604	1.93317320781113E-10	3.33464858609283E-12	0.628057576528195	3.92780617794383E-11	8.73665950776674E-12	1.60631207279404	7.98363604483222E-12	3.44967433686618E-11	1E5	1E10	1E-30	1E-10	1E10	1E-30	1E-10	1E10	1E-30	1E-10	1E10	1E-30	1E-10	1E10	1E-30	1E-10	1E10	1E-30	1E-10	1E10	1E-30	1E-10	1E10	1E-30	1E-10	1E10	1E-30	1E-10	1E10	1E-30	1E-10	1E10	1E-30	1E-10	1	-0.5	0.5
17	9E-12	1E10	1E11	1E-30	1.74699419346262E-10	1E10	1E-30	1E10	0.19	1E-30	9.15600048997576E-12	0.157093614661011	1.85661817911653E-11	3.75436893027156E-11	8.66178938337006	3.35797145609078E-12	8.36085958933029E-11	43.2146972483404	1E10	1E-30	1E-10	1E10	1E-30	1E-10	1E10	1E-30	1E-10	1E10	1E-30	1E-10	1E10	1E-30	1E-10	1E10	1E-30	1E-10	1E10	1E-30	1E-10	1E10	1E-30	1E-10	1E10	1E-30	1E-10	1E10	1E-30	1E-10	1E10	1E-30	1E-10	1E10	1E-30	1E-10	1	-0.5	0.5
18	9E-12	1E10	1E11	1E-30	1.74699419346262E-10	1E10	1E-30	1E10	0.19	1E-30	9.15600048997576E-12	0.157093614661011	1.85661817911653E-11	3.75436893027156E-11	8.66178938337006	3.35797145609078E-12	8.36085958933029E-11	43.2146972483404	1E10	1E-30	1E-10	1E10	1E-30	1E-10	1E10	1E-30	1E-10	1E10	1E-30	1E-10	1E10	1E-30	1E-10	1E10	1E-30	1E-10	1E10	1E-30	1E-10	1E10	1E-30	1E-10	1E10	1E-30	1E-10	1E10	1E-30	1E-10	1E10	1E-30	1E-10	1E10	1E-30	1E-10	1	-0.5	0.5
19	1E-11	1E10	1E11	1E-30	5.80855417603146E-11	1E10	1E-30	1E10	0.14	1E-30	2.26071010818155E-11	0.235450367966954	2.75921408605025E-11	2.92008961098315E-11	7.27692680382661	1.05932024753895E-11	3.15090578942881E-11	5.68412243335994	9.27915843682595E-13	2.12584453693624E-10	1E5	1E10	1E-30	1E-10	1E10	1E-30	1E-10	1E10	1E-30	1E-10	1E10	1E-30	1E-10	1E10	1E-30	1E-10	1E10	1E-30	1E-10	1E10	1E-30	1E-10	1E10	1E-30	1E-10	1E10	1E-30	1E-10	1E10	1E-30	1E-10	1E10	1E-30	1E-10	2	-5	5
20	1E-11	1E10	1E11	1E-30	5.80855417603146E-11	1E10	1E-30	1E10	0.14	1E-30	2.26071010818155E-11	0.235450367966954	2.75921408605025E-11	2.92008961098315E-11	7.27692680382661	1.05932024753895E-11	3.15090578942881E-11	5.68412243335994	9.27915843682595E-13	2.12584453693624E-10	1E5	1E10	1E-30	1E-10	1E10	1E-30	1E-10	1E10	1E-30	1E-10	1E10	1E-30	1E-10	1E10	1E-30	1E-10	1E10	1E-30	1E-10	1E10	1E-30	1E-10	1E10	1E-30	1E-10	1E10	1E-30	1E-10	1E10	1E-30	1E-10	1E10	1E-30	1E-10	2	-5	5
21	1E-11	1E10	1E11	1E-30	5.80855417603146E-11	1E10	1E-30	1E10	0.14	1E-30	2.26071010818155E-11	0.235450367966954	2.75921408605025E-11	2.92008961098315E-11	7.27692680382661	1.05932024753895E-11	3.15090578942881E-11	5.68412243335994	9.27915843682595E-13	2.12584453693624E-10	1E5	1E10	1E-30	1E-10	1E10	1E-30	1E-10	1E10	1E-30	1E-10	1E10	1E-30	1E-10	1E10	1E-30	1E-10	1E10	1E-30	1E-10	1E10	1E-30	1E-10	1E10	1E-30	1E-10	1E10	1E-30	1E-10	1E10	1E-30	1E-10	1E10	1E-30	1E-10	2	-5	5
22	1.2E-11	1E10	1E11	1E-30	8.99638523969102E-11	1E10	1E-30	1E10	0.12	1E-30	2.39884164711268E-11	0.246633769287623	8.69064460927961E-11	1.21353823205087E-11	2.88158324975584	1.15501598988724E-11	2.90883957549496E-11	5.23880381443447	1.1001476214228E-12	1.75222199427837E-10	1E5	1E10	1E-30	1E-10	1E10	1E-30	1E-10	1E10	1E-30	1E-10	1E10	1E-30	1E-10	1E10	1E-30	1E-10	1E10	1E-30	1E-10	1E10	1E-30	1E-10	1E10	1E-30	1E-10	1E10	1E-30	1E-10	1E10	1E-30	1E-10	1E10	1E-30	1E-10	2	-5	5
23	1.2E-11	1E10	1E11	1E-30	8.99638523969102E-11	1E10	1E-30	1E10	0.12	1E-30	2.39884164711268E-11	0.246633769287623	8.69064460927961E-11	1.21353823205087E-11	2.88158324975584	1.15501598988724E-11	2.90883957549496E-11	5.23880381443447	1.1001476214228E-12	1.75222199427837E-10	1E5	1E10	1E-30	1E-10	1E10	1E-30	1E-10	1E10	1E-30	1E-10	1E10	1E-30	1E-10	1E10	1E-30	1E-10	1E10	1E-30	1E-10	1E10	1E-30	1E-10	1E10	1E-30	1E-10	1E10	1E-30	1E-10	1E10	1E-30	1E-10	1E10	1E-30	1E-10	2	-5	5
24	1.2E-11	1E10	1E11	1E-30	8.99638523969102E-11	1E10	1E-30	1E10	0.12	1E-30	2.39884164711268E-11	0.246633769287623	8.69064460927961E-11	1.21353823205087E-11	2.88158324975584	1.15501598988724E-11	2.90883957549496E-11	5.23880381443447	1.1001476214228E-12	1.75222199427837E-10	1E5	1E10	1E-30	1E-10	1E10	1E-30	1E-10	1E10	1E-30	1E-10	1E10	1E-30	1E-10	1E10	1E-30	1E-10	1E10	1E-30	1E-10	1E10	1E-30	1E-10	1E10	1E-30	1E-10	1E10	1E-30	1E-10	1E10	1E-30	1E-10	1E10	1E-30	1E-10	2	-5	5
25	1.49999999999999E-11	1E10	1E11	1E-30	1.75415531769545E-10	1E10	1E-30	1E10	0.15	1E-30	2.51586736127952E-11	0.418222314603598	1.21592684127204E-10	8.83916495860993E-12	1.71309156034132	1.46815774504111E-11	2.31433066508351E-11	4.50050068435311	1.36952908889188E-12	1.50823435964885E-10	1E5	1E10	1E-30	1E-10	1E10	1E-30	1E-10	1E10	1E-30	1E-10	1E10	1E-30	1E-10	1E10	1E-30	1E-10	1E10	1E-30	1E-10	1E10	1E-30	1E-10	1E10	1E-30	1E-10	1E10	1E-30	1E-10	1E10	1E-30	1E-10	1E10	1E-30	1E-10	2	-5	5
26	1.49999999999999E-11	1E10	1E11	1E-30	1.75415531769545E-10	1E10	1E-30	1E10	0.15	1E-30	2.51586736127952E-11	0.418222314603598	1.21592684127204E-10	8.83916495860993E-12	1.71309156034132	1.46815774504111E-11	2.31433066508351E-11	4.50050068435311	1.36952908889188E-12	1.50823435964885E-10	1E5	1E10	1E-30	1E-10	1E10	1E-30	1E-10	1E10	1E-30	1E-10	1E10	1E-30	1E-10	1E10	1E-30	1E-10	1E10	1E-30	1E-10	1E10	1E-30	1E-10	1E10	1E-30	1E-10	1E10	1E-30	1E-10	1E10	1E-30	1E-10	1E10	1E-30	1E-10	2	-5	5
27	1.49999999999999E-11	1E10	1E11	1E-30	1.75415531769545E-10	1E10	1E-30	1E10	0.15	1E-30	2.51586736127952E-11	0.418222314603598	1.21592684127204E-10	8.83916495860993E-12	1.71309156034132	1.46815774504111E-11	2.31433066508351E-11	4.50050068435311	1.36952908889188E-12	1.50823435964885E-10	1E5	1E10	1E-30	1E-10	1E10	1E-30	1E-10	1E10	1E-30	1E-10	1E10	1E-30	1E-10	1E10	1E-30	1E-10	1E10	1E-30	1E-10	1E10	1E-30	1E-10	1E10	1E-30	1E-10	1E10	1E-30	1E-10	1E10	1E-30	1E-10	1E10	1E-30	1E-10	2	-5	5
28	1.8E-11	1E10	1E11	1E-30	1.1859545464872E-10	1E10	1E-30	1E10	0.12	1E-30	2.40341530647185E-11	0.205387695800315	1.21065684732511E-10	1.12106022992066E-11	1.91519383044981	7.86055022832975E-12	4.31624465561146E-11	5.98649325068588	1.0223538391576E-12	1.84263306187145E-10	1169280786.78743	1E10	1E-30	1E-10	1E10	1E-30	1E-10	1E10	1E-30	1E-10	1E10	1E-30	1E-10	1E10	1E-30	1E-10	1E10	1E-30	1E-10	1E10	1E-30	1E-10	1E10	1E-30	1E-10	1E10	1E-30	1E-10	1E10	1E-30	1E-10	1E10	1E-30	1E-10	2	-5	5
29	1.8E-11	1E10	1E11	1E-30	1.1859545464872E-10	1E10	1E-30	1E10	0.12	1E-30	2.40341530647185E-11	0.205387695800315	1.21065684732511E-10	1.12106022992066E-11	1.91519383044981	7.86055022832975E-12	4.31624465561146E-11	5.98649325068588	1.0223538391576E-12	1.84263306187145E-10	1169280786.78743	1E10	1E-30	1E-10	1E10	1E-30	1E-10	1E10	1E-30	1E-10	1E10	1E-30	1E-10	1E10	1E-30	1E-10	1E10	1E-30	1E-10	1E10	1E-30	1E-10	1E10	1E-30	1E-10	1E10	1E-30	1E-10	1E10	1E-30	1E-10	1E10	1E-30	1E-10	2	-5	5
30	1.8E-11	1E10	1E11	1E-30	1.1859545464872E-10	1E10	1E-30	1E10	0.12	1E-30	2.40341530647185E-11	0.205387695800315	1.21065684732511E-10	1.12106022992066E-11	1.91519383044981	7.86055022832975E-12	4.31624465561146E-11	5.98649325068588	1.0223538391576E-12	1.84263306187145E-10	1169280786.78743	1E10	1E-30	1E-10	1E10	1E-30	1E-10	1E10	1E-30	1E-10	1E10	1E-30	1E-10	1E10	1E-30	1E-10	1E10	1E-30	1E-10	1E10	1E-30	1E-10	1E10	1E-30	1E-10	1E10	1E-30	1E-10	1E10	1E-30	1E-10	1E10	1E-30	1E-10	2	-5	5
31	2.19999999999999E-11	1E10	1E11	1E-30	1.21357897658386E-10	1E10	1E-30	1E10	0.119999999999999	1E-30	2.62516021500756E-11	0.316884804271523	1.88355293969053E-10	8.61911911646728E-12	1.00621170256608	1.71496702204191E-11	2.42201061671166E-11	3.66787606783765	9.64454246070812E-13	1.99874993247583E-10	1268347964.65825	1E10	1E-30	1E-10	1E10	1E-30	1E-10	1E10	1E-30	1E-10	1E10	1E-30	1E-10	1E10	1E-30	1E-10	1E10	1E-30	1E-10	1E10	1E-30	1E-10	1E10	1E-30	1E-10	1E10	1E-30	1E-10	1E10	1E-30	1E-10	1E10	1E-30	1E-10	2	-5	5
32	2.19999999999999E-11	1E10	1E11	1E-30	1.21357897658386E-10	1E10	1E-30	1E10	0.119999999999999	1E-30	2.62516021500756E-11	0.316884804271523	1.88355293969053E-10	8.61911911646728E-12	1.00621170256608	1.71496702204191E-11	2.42201061671166E-11	3.66787606783765	9.64454246070812E-13	1.99874993247583E-10	1268347964.65825	1E10	1E-30	1E-10	1E10	1E-30	1E-10	1E10	1E-30	1E-10	1E10	1E-30	1E-10	1E10	1E-30	1E-10	1E10	1E-30	1E-10	1E10	1E-30	1E-10	1E10	1E-30	1E-10	1E10	1E-30	1E-10	1E10	1E-30	1E-10	1E10	1E-30	1E-10	2	-5	5
33	2.19999999999999E-11	1E10	1E11	1E-30	1.21357897658386E-10	1E10	1E-30	1E10	0.119999999999999	1E-30	2.62516021500756E-11	0.316884804271523	1.88355293969053E-10	8.61911911646728E-12	1.00621170256608	1.71496702204191E-11	2.42201061671166E-11	3.66787606783765	9.64454246070812E-13	1.99874993247583E-10	1268347964.65825	1E10	1E-30	1E-10	1E10	1E-30	1E-10	1E10	1E-30	1E-10	1E10	1E-30	1E-10	1E10	1E-30	1E-10	1E10	1E-30	1E-10	1E10	1E-30	1E-10	1E10	1E-30	1E-10	1E10	1E-30	1E-10	1E10	1E-30	1E-10	1E10	1E-30	1E-10	2	-5	5
34	2.7E-11	1E10	1E11	1E-30	4.2558973564265E-11	1E10	1E-30	1E10	0.115	1E-30	4.18347071914545E-11	1.49100576218574	3.62185409226354E-10	5.63693161549282E-12	0.864270932372171	1.30010908396285E-10	5.00679533824517E-12	1.35805180714325	1.33175607267628E-11	2.30038668980169E-11	2.51174196130005	6.64727824033652E-13	2.4535580460389E-10	1E5	1E10	1E-30	1E-10	1E10	1E-30	1E-10	1E10	1E-30	1E-10	1E10	1E-30	1E-10	1E10	1E-30	1E-10	1E10	1E-30	1E-10	1E10	1E-30	1E-10	1E10	1E-30	1E-10	1E10	1E-30	1E-10	1E10	1E-30	1E-10	2	-5	5
35	2.7E-11	1E10	1E11	1E-30	4.2558973564265E-11	1E10	1E-30	1E10	0.115	1E-30	4.18347071914545E-11	1.49100576218574	3.62185409226354E-10	5.63693161549282E-12	0.864270932372171	1.30010908396285E-10	5.00679533824517E-12	1.35805180714325	1.33175607267628E-11	2.30038668980169E-11	2.51174196130005	6.64727824033652E-13	2.4535580460389E-10	1E5	1E10	1E-30	1E-10	1E10	1E-30	1E-10	1E10	1E-30	1E-10	1E10	1E-30	1E-10	1E10	1E-30	1E-10	1E10	1E-30	1E-10	1E10	1E-30	1E-10	1E10	1E-30	1E-10	1E10	1E-30	1E-10	1E10	1E-30	1E-10	2	-5	5
36	2.7E-11	1E10	1E11	1E-30	4.2558973564265E-11	1E10	1E-30	1E10	0.115	1E-30	4.18347071914545E-11	1.49100576218574	3.62185409226354E-10	5.63693161549282E-12	0.864270932372171	1.30010908396285E-10	5.00679533824517E-12	1.35805180714325	1.33175607267628E-11	2.30038668980169E-11	2.51174196130005	6.64727824033652E-13	2.4535580460389E-10	1E5	1E10	1E-30	1E-10	1E10	1E-30	1E-10	1E10	1E-30	1E-10	1E10	1E-30	1E-10	1E10	1E-30	1E-10	1E10	1E-30	1E-10	1E10	1E-30	1E-10	1E10	1E-30	1E-10	1E10	1E-30	1E-10	1E10	1E-30	1E-10	2	-5	5
37	3.3E-11	1E10	1E11	1E-30	7.31253645798913E-11	1E10	1E-30	1E10	0.12	1E-30	1.74484702767999E-11	0.159592125102739	4.83101801335439E-10	5.11734489616657E-12	0.447265239048861	3.86006133800093E-11	2.07790497204911E-11	2.3550343450035	1.38506741225988E-11	2.37073643781304E-11	4.88987148174931	8.17538232731553E-13	2.25181143204397E-10	1E5	1E10	1E-30	1E-10	1E10	1E-30	1E-10	1E10	1E-30	1E-10	1E10	1E-30	1E-10	1E10	1E-30	1E-10	1E10	1E-30	1E-10	1E10	1E-30	1E-10	1E10	1E-30	1E-10	1E10	1E-30	1E-10	1E10	1E-30	1E-10	2	-5	5
38	3.3E-11	1E10	1E11	1E-30	7.31253645798913E-11	1E10	1E-30	1E10	0.12	1E-30	1.74484702767999E-11	0.159592125102739	4.83101801335439E-10	5.11734489616657E-12	0.447265239048861	3.86006133800093E-11	2.07790497204911E-11	2.3550343450035	1.38506741225988E-11	2.37073643781304E-11	4.88987148174931	8.17538232731553E-13	2.25181143204397E-10	1E5	1E10	1E-30	1E-10	1E10	1E-30	1E-10	1E10	1E-30	1E-10	1E10	1E-30	1E-10	1E10	1E-30	1E-10	1E10	1E-30	1E-10	1E10	1E-30	1E-10	1E10	1E-30	1E-10	1E10	1E-30	1E-10	1E10	1E-30	1E-10	2	-5	5
39	3.3E-11	1E10	1E11	1E-30	7.31253645798913E-11	1E10	1E-30	1E10	0.12	1E-30	1.74484702767999E-11	0.159592125102739	4.83101801335439E-10	5.11734489616657E-12	0.447265239048861	3.86006133800093E-11	2.07790497204911E-11	2.3550343450035	1.38506741225988E-11	2.37073643781304E-11	4.88987148174931	8.17538232731553E-13	2.25181143204397E-10	1E5	1E10	1E-30	1E-10	1E10	1E-30	1E-10	1E10	1E-30	1E-10	1E10	1E-30	1E-10	1E10	1E-30	1E-10	1E10	1E-30	1E-10	1E10	1E-30	1E-10	1E10	1E-30	1E-10	1E10	1E-30	1E-10	1E10	1E-30	1E-10	2	-5	5
40	3.9E-11	1E10	1E11	1E-30	1.03292322933323E-10	1E10	1E-30	1E10	0.11	1E-30	1.46832824334214E-11	0.128959751360091	4.12663281943836E-10	7.65487649967136E-12	0.778573080428757	7.41817661482532E-11	1.23882995534613E-11	1.5606707435497	1.27449313355694E-11	2.56555289860655E-11	4.19788275526181	7.58432775252585E-13	1.9280708957091E-10	1E5	1E10	1E-30	1E-10	1E10	1E-30	1E-10	1E10	1E-30	1E-10	1E10	1E-30	1E-10	1E10	1E-30	1E-10	1E10	1E-30	1E-10	1E10	1E-30	1E-10	1E10	1E-30	1E-10	1E10	1E-30	1E-10	1E10	1E-30	1E-10	2	-5	5
41	3.9E-11	1E10	1E11	1E-30	1.03292322933323E-10	1E10	1E-30	1E10	0.11	1E-30	1.46832824334214E-11	0.128959751360091	4.12663281943836E-10	7.65487649967136E-12	0.778573080428757	7.41817661482532E-11	1.23882995534613E-11	1.5606707435497	1.27449313355694E-11	2.56555289860655E-11	4.19788275526181	7.58432775252585E-13	1.9280708957091E-10	1E5	1E10	1E-30	1E-10	1E10	1E-30	1E-10	1E10	1E-30	1E-10	1E10	1E-30	1E-10	1E10	1E-30	1E-10	1E10	1E-30	1E-10	1E10	1E-30	1E-10	1E10	1E-30	1E-10	1E10	1E-30	1E-10	1E10	1E-30	1E-10	2	-5	5
42	3.9E-11	1E10	1E11	1E-30	1.03292322933323E-10	1E10	1E-30	1E10	0.11	1E-30	1.46832824334214E-11	0.128959751360091	4.12663281943836E-10	7.65487649967136E-12	0.778573080428757	7.41817661482532E-11	1.23882995534613E-11	1.5606707435497	1.27449313355694E-11	2.56555289860655E-11	4.19788275526181	7.58432775252585E-13	1.9280708957091E-10	1E5	1E10	1E-30	1E-10	1E10	1E-30	1E-10	1E10	1E-30	1E-10	1E10	1E-30	1E-10	1E10	1E-30	1E-10	1E10	1E-30	1E-10	1E10	1E-30	1E-10	1E10	1E-30	1E-10	1E10	1E-30	1E-10	1E10	1E-30	1E-10	2	-5	5
43	4.69999999999999E-11	1E10	1E11	1E-30	7.48286731325781E-11	1E10	1E-30	1E10	0.1	1E-30	1.30347313166403E-11	0.144109326702263	3.94406031976312E-10	1.00271088027933E-11	0.936914820938111	7.38362646995392E-11	1.72879150093555E-11	1.86291588072939	1.34019409788933E-11	2.64137717899224E-11	2.9623151701626	8.20746734955947E-13	1.999083468682E-10	1E5	1E10	1E-30	1E-10	1E10	1E-30	1E-10	1E10	1E-30	1E-10	1E10	1E-30	1E-10	1E10	1E-30	1E-10	1E10	1E-30	1E-10	1E10	1E-30	1E-10	1E10	1E-30	1E-10	1E10	1E-30	1E-10	1E10	1E-30	1E-10	2	-5	5
44	4.69999999999999E-11	1E10	1E11	1E-30	7.48286731325781E-11	1E10	1E-30	1E10	0.1	1E-30	1.30347313166403E-11	0.144109326702263	3.94406031976312E-10	1.00271088027933E-11	0.936914820938111	7.38362646995392E-11	1.72879150093555E-11	1.86291588072939	1.34019409788933E-11	2.64137717899224E-11	2.9623151701626	8.20746734955947E-13	1.999083468682E-10	1E5	1E10	1E-30	1E-10	1E10	1E-30	1E-10	1E10	1E-30	1E-10	1E10	1E-30	1E-10	1E10	1E-30	1E-10	1E10	1E-30	1E-10	1E10	1E-30	1E-10	1E10	1E-30	1E-10	1E10	1E-30	1E-10	1E10	1E-30	1E-10	2	-5	5
45	4.69999999999999E-11	1E10	1E11	1E-30	7.48286731325781E-11	1E10	1E-30	1E10	0.1	1E-30	1.30347313166403E-11	0.144109326702263	3.94406031976312E-10	1.00271088027933E-11	0.936914820938111	7.38362646995392E-11	1.72879150093555E-11	1.86291588072939	1.34019409788933E-11	2.64137717899224E-11	2.9623151701626	8.20746734955947E-13	1.999083468682E-10	1E5	1E10	1E-30	1E-10	1E10	1E-30	1E-10	1E10	1E-30	1E-10	1E10	1E-30	1E-10	1E10	1E-30	1E-10	1E10	1E-30	1E-10	1E10	1E-30	1E-10	1E10	1E-30	1E-10	1E10	1E-30	1E-10	1E10	1E-30	1E-10	2	-5	5
46	5.59999999999999E-11	1E10	1E11	1E-30	1.44640386939165E-10	1E10	1E-30	1E10	0.11	1E-30	1.24890863495612E-11	0.102153949594483	4.70461052455634E-10	8.55451539994035E-12	0.759538767785601	8.85009691719632E-11	1.88676928518919E-11	1.83258076143913	9.16530562147171E-12	3.40928490715636E-11	3.30379252846571	1.35558730841173E-12	1.32712734388483E-10	1E5	1E10	1E-30	1E-10	1E10	1E-30	1E-10	1E10	1E-30	1E-10	1E10	1E-30	1E-10	1E10	1E-30	1E-10	1E10	1E-30	1E-10	1E10	1E-30	1E-10	1E10	1E-30	1E-10	1E10	1E-30	1E-10	1E10	1E-30	1E-10	2	-5	5
47	5.59999999999999E-11	1E10	1E11	1E-30	1.44640386939165E-10	1E10	1E-30	1E10	0.11	1E-30	1.24890863495612E-11	0.102153949594483	4.70461052455634E-10	8.55451539994035E-12	0.759538767785601	8.85009691719632E-11	1.88676928518919E-11	1.83258076143913	9.16530562147171E-12	3.40928490715636E-11	3.30379252846571	1.35558730841173E-12	1.32712734388483E-10	1E5	1E10	1E-30	1E-10	1E10	1E-30	1E-10	1E10	1E-30	1E-10	1E10	1E-30	1E-10	1E10	1E-30	1E-10	1E10	1E-30	1E-10	1E10	1E-30	1E-10	1E10	1E-30	1E-10	1E10	1E-30	1E-10	1E10	1E-30	1E-10	2	-5	5
48	5.59999999999999E-11	1E10	1E11	1E-30	1.44640386939165E-10	1E10	1E-30	1E10	0.11	1E-30	1.24890863495612E-11	0.102153949594483	4.70461052455634E-10	8.55451539994035E-12	0.759538767785601	8.85009691719632E-11	1.88676928518919E-11	1.83258076143913	9.16530562147171E-12	3.40928490715636E-11	3.30379252846571	1.35558730841173E-12	1.32712734388483E-10	1E5	1E10	1E-30	1E-10	1E10	1E-30	1E-10	1E10	1E-30	1E-10	1E10	1E-30	1E-10	1E10	1E-30	1E-10	1E10	1E-30	1E-10	1E10	1E-30	1E-10	1E10	1E-30	1E-10	1E10	1E-30	1E-10	1E10	1E-30	1E-10	2	-5	5
49	6.8E-11	1E10	1E11	1E-30	2.15808250651518E-10	1E10	1E-30	1E10	0.11	1E-30	2.49455017509079E-11	0.169833296578073	6.39676312934917E-10	5.84612302375316E-12	0.341529255803175	6.13992277301371E-11	2.21436919146646E-11	1.60045477529542	2.41999210604315E-11	1.60034796809655E-11	1.91327431601236	1.95420070207598E-12	1.24185510386407E-10	1E5	1E10	1E-30	1E-10	1E10	1E-30	1E-10	1E10	1E-30	1E-10	1E10	1E-30	1E-10	1E10	1E-30	1E-10	1E10	1E-30	1E-10	1E10	1E-30	1E-10	1E10	1E-30	1E-10	1E10	1E-30	1E-10	1E10	1E-30	1E-10	2	-5	5
50	6.8E-11	1E10	1E11	1E-30	2.15808250651518E-10	1E10	1E-30	1E10	0.11	1E-30	2.49455017509079E-11	0.169833296578073	6.39676312934917E-10	5.84612302375316E-12	0.341529255803175	6.13992277301371E-11	2.21436919146646E-11	1.60045477529542	2.41999210604315E-11	1.60034796809655E-11	1.91327431601236	1.95420070207598E-12	1.24185510386407E-10	1E5	1E10	1E-30	1E-10	1E10	1E-30	1E-10	1E10	1E-30	1E-10	1E10	1E-30	1E-10	1E10	1E-30	1E-10	1E10	1E-30	1E-10	1E10	1E-30	1E-10	1E10	1E-30	1E-10	1E10	1E-30	1E-10	1E10	1E-30	1E-10	2	-5	5
51	6.8E-11	1E10	1E11	1E-30	2.15808250651518E-10	1E10	1E-30	1E10	0.11	1E-30	2.49455017509079E-11	0.169833296578073	6.39676312934917E-10	5.84612302375316E-12	0.341529255803175	6.13992277301371E-11	2.21436919146646E-11	1.60045477529542	2.41999210604315E-11	1.60034796809655E-11	1.91327431601236	1.95420070207598E-12	1.24185510386407E-10	1E5	1E10	1E-30	1E-10	1E10	1E-30	1E-10	1E10	1E-30	1E-10	1E10	1E-30	1E-10	1E10	1E-30	1E-10	1E10	1E-30	1E-10	1E10	1E-30	1E-10	1E10	1E-30	1E-10	1E10	1E-30	1E-10	1E10	1E-30	1E-10	2	-5	5
52	8.2E-11	1E10	1E11	1E-30	1.53858415197409E-10	1E10	1E-30	1E10	0.11	1E-30	1.32410913043179E-11	6.92244848720978E-02	1.02622241376951E-09	5.13579841163414E-12	0.335806831031364	1.16116398566445E-10	1.74490875128699E-11	1.21221407976441	5.16905083623578E-12	4.6202165529215E-11	3.14956307938294	1.52145105184719E-12	1.45472903402627E-10	923128291.066898	1E10	1E-30	1E-10	1E10	1E-30	1E-10	1E10	1E-30	1E-10	1E10	1E-30	1E-10	1E10	1E-30	1E-10	1E10	1E-30	1E-10	1E10	1E-30	1E-10	1E10	1E-30	1E-10	1E10	1E-30	1E-10	1E10	1E-30	1E-10	2	-5	5
53	8.2E-11	1E10	1E11	1E-30	1.53858415197409E-10	1E10	1E-30	1E10	0.11	1E-30	1.32410913043179E-11	6.92244848720978E-02	1.02622241376951E-09	5.13579841163414E-12	0.335806831031364	1.16116398566445E-10	1.74490875128699E-11	1.21221407976441	5.16905083623578E-12	4.6202165529215E-11	3.14956307938294	1.52145105184719E-12	1.45472903402627E-10	923128291.066898	1E10	1E-30	1E-10	1E10	1E-30	1E-10	1E10	1E-30	1E-10	1E10	1E-30	1E-10	1E10	1E-30	1E-10	1E10	1E-30	1E-10	1E10	1E-30	1E-10	1E10	1E-30	1E-10	1E10	1E-30	1E-10	1E10	1E-30	1E-10	2	-5	5
54	8.2E-11	1E10	1E11	1E-30	1.53858415197409E-10	1E10	1E-30	1E10	0.11	1E-30	1.32410913043179E-11	6.92244848720978E-02	1.02622241376951E-09	5.13579841163414E-12	0.335806831031364	1.16116398566445E-10	1.74490875128699E-11	1.21221407976441	5.16905083623578E-12	4.6202165529215E-11	3.14956307938294	1.52145105184719E-12	1.45472903402627E-10	923128291.066898	1E10	1E-30	1E-10	1E10	1E-30	1E-10	1E10	1E-30	1E-10	1E10	1E-30	1E-10	1E10	1E-30	1E-10	1E10	1E-30	1E-10	1E10	1E-30	1E-10	1E10	1E-30	1E-10	1E10	1E-30	1E-10	1E10	1E-30	1E-10	2	-5	5
55	1E-10	1E10	1E11	1E-30	2.12383735315241E-10	1E10	1E-30	1E10	0.11	1E-30	7.81844459589021E-12	0.034211165297577	8.95903383825545E-10	7.69740128493619E-12	0.351652630660492	1.74075486021945E-10	1.63155409893593E-11	1.02313383233719	7.081037303208E-12	3.53697330859959E-11	1.69702870636079	2.11963455730067E-12	9.97192721965458E-11	1E5	1E10	1E-30	1E-10	1E10	1E-30	1E-10	1E10	1E-30	1E-10	1E10	1E-30	1E-10	1E10	1E-30	1E-10	1E10	1E-30	1E-10	1E10	1E-30	1E-10	1E10	1E-30	1E-10	1E10	1E-30	1E-10	1E10	1E-30	1E-10	2	-5	5
56	1E-10	1E10	1E11	1E-30	2.12383735315241E-10	1E10	1E-30	1E10	0.11	1E-30	7.81844459589021E-12	0.034211165297577	8.95903383825545E-10	7.69740128493619E-12	0.351652630660492	1.74075486021945E-10	1.63155409893593E-11	1.02313383233719	7.081037303208E-12	3.53697330859959E-11	1.69702870636079	2.11963455730067E-12	9.97192721965458E-11	1E5	1E10	1E-30	1E-10	1E10	1E-30	1E-10	1E10	1E-30	1E-10	1E10	1E-30	1E-10	1E10	1E-30	1E-10	1E10	1E-30	1E-10	1E10	1E-30	1E-10	1E10	1E-30	1E-10	1E10	1E-30	1E-10	1E10	1E-30	1E-10	2	-5	5
57	1E-10	1E10	1E11	1E-30	2.12383735315241E-10	1E10	1E-30	1E10	0.11	1E-30	7.81844459589021E-12	0.034211165297577	8.95903383825545E-10	7.69740128493619E-12	0.351652630660492	1.74075486021945E-10	1.63155409893593E-11	1.02313383233719	7.081037303208E-12	3.53697330859959E-11	1.69702870636079	2.11963455730067E-12	9.97192721965458E-11	1E5	1E10	1E-30	1E-10	1E10	1E-30	1E-10	1E10	1E-30	1E-10	1E10	1E-30	1E-10	1E10	1E-30	1E-10	1E10	1E-30	1E-10	1E10	1E-30	1E-10	1E10	1E-30	1E-10	1E10	1E-30	1E-10	1E10	1E-30	1E-10	2	-5	5
58	1.2E-10	1E10	1E11	1E-30	5.94385278361609E-11	1E10	1E-30	1E10	0.115	1.03800911964015E-09	8.95794471826175E-12	0.51188673292312	2.74865706170251E-10	1.45006907134642E-11	1.05453812936634	5.37880498716848E-12	5.44713330092057E-11	1.42087028570553	3.01316622172311E-13	2.43229922413435E-10	1E5	1E10	1E-30	1E-10	1E10	1E-30	1E-10	1E10	1E-30	1E-10	1E10	1E-30	1E-10	1E10	1E-30	1E-10	1E10	1E-30	1E-10	1E10	1E-30	1E-10	1E10	1E-30	1E-10	1E10	1E-30	1E-10	1E10	1E-30	1E-10	1E10	1E-30	1E-10	2	-5	5
59	1.2E-10	1E10	1E11	1E-30	5.94385278361609E-11	1E10	1E-30	1E10	0.115	1.03800911964015E-09	8.95794471826175E-12	0.51188673292312	2.74865706170251E-10	1.45006907134642E-11	1.05453812936634	5.37880498716848E-12	5.44713330092057E-11	1.42087028570553	3.01316622172311E-13	2.43229922413435E-10	1E5	1E10	1E-30	1E-10	1E10	1E-30	1E-10	1E10	1E-30	1E-10	1E10	1E-30	1E-10	1E10	1E-30	1E-10	1E10	1E-30	1E-10	1E10	1E-30	1E-10	1E10	1E-30	1E-10	1E10	1E-30	1E-10	1E10	1E-30	1E-10	1E10	1E-30	1E-10	2	-5	5
60	1.5E-10	1E10	1E11	1E-30	2.01403978068004E-10	1E10	1E-30	1E10	9.06306586549103E-02	1E-30	8.02349365981855E-12	2.55810848741272E-02	1.22703765909187E-09	8.58974331508825E-12	0.336605861283753	2.99118307910425E-10	1.48594220188194E-11	0.868684499700467	6.81068520264249E-12	5.01665587523425E-11	1.47950995167182	2.02966580992761E-12	1.11587501984704E-10	125892.541179416	1E10	1E-30	1E-10	1E10	1E-30	1E-10	1E10	1E-30	1E-10	1E10	1E-30	1E-10	1E10	1E-30	1E-10	1E10	1E-30	1E-10	1E10	1E-30	1E-10	1E10	1E-30	1E-10	1E10	1E-30	1E-10	1E10	1E-30	1E-10	2	-5	5
61	1.5E-10	1E10	1E11	1E-30	2.01403978068004E-10	1E10	1E-30	1E10	9.06306586549103E-02	1E-30	8.02349365981855E-12	2.55810848741272E-02	1.22703765909187E-09	8.58974331508825E-12	0.336605861283753	2.99118307910425E-10	1.48594220188194E-11	0.868684499700467	6.81068520264249E-12	5.01665587523425E-11	1.47950995167182	2.02966580992761E-12	1.11587501984704E-10	125892.541179416	1E10	1E-30	1E-10	1E10	1E-30	1E-10	1E10	1E-30	1E-10	1E10	1E-30	1E-10	1E10	1E-30	1E-10	1E10	1E-30	1E-10	1E10	1E-30	1E-10	1E10	1E-30	1E-10	1E10	1E-30	1E-10	1E10	1E-30	1E-10	2	-5	5
62	1.8E-10	1E10	1E11	1E-30	2.04120071387377E-10	1E10	1E-30	1E10	7.66424559771799E-02	1E-30	3.40001240920193E-11	1.13945206386533	1E-30	2.54897354735656E-11	0.456056943116606	2.30756021527319E-09	6.01685344765708E-12	0.347228547492163	3.55201155255528E-10	1.73490404709784E-11	0.80199178744803	8.77537930313769E-11	4.58177561525042E-12	0.906826574635858	3.7009775316618E-12	6.55727870565628E-11	1E5	1E10	1E-30	1E-10	1E10	1E-30	1E-10	1E10	1E-30	1E-10	1E10	1E-30	1E-10	1E10	1E-30	1E-10	1E10	1E-30	1E-10	1E10	1E-30	1E-10	1E10	1E-30	1E-10	1E10	1E-30	1E-10	2	-5	5
63	1.8E-10	1E10	1E11	1E-30	2.04120071387377E-10	1E10	1E-30	1E10	7.66424559771799E-02	1E-30	3.40001240920193E-11	1.13945206386533	1E-30	2.54897354735656E-11	0.456056943116606	2.30756021527319E-09	6.01685344765708E-12	0.347228547492163	3.55201155255528E-10	1.73490404709784E-11	0.80199178744803	8.77537930313769E-11	4.58177561525042E-12	0.906826574635858	3.7009775316618E-12	6.55727870565628E-11	1E5	1E10	1E-30	1E-10	1E10	1E-30	1E-10	1E10	1E-30	1E-10	1E10	1E-30	1E-10	1E10	1E-30	1E-10	1E10	1E-30	1E-10	1E10	1E-30	1E-10	1E10	1E-30	1E-10	1E10	1E-30	1E-10	2	-5	5
64	2.2E-10	1E10	1E11	1E-30	2.71686490820042E-10	1E10	1E-30	1E10	0.09	1E-30	5.36727796685592E-11	1.064211621249	2.15610517451617E-09	6.41089035821461E-12	0.18680024395172	4.13534788473204E-10	1.36036867063415E-11	0.570427422277885	5.54357684376723E-11	5.9678831339274E-12	0.360829119108549	2.85081459490076E-12	8.91396897095155E-11	565654273.085006	1E10	1E-30	1E-10	1E10	1E-30	1E-10	1E10	1E-30	1E-10	1E10	1E-30	1E-10	1E10	1E-30	1E-10	1E10	1E-30	1E-10	1E10	1E-30	1E-10	1E10	1E-30	1E-10	1E10	1E-30	1E-10	1E10	1E-30	1E-10	2	-5	5
65	2.2E-10	1E10	1E11	1E-30	2.71686490820042E-10	1E10	1E-30	1E10	0.09	1E-30	5.36727796685592E-11	1.064211621249	2.15610517451617E-09	6.41089035821461E-12	0.18680024395172	4.13534788473204E-10	1.36036867063415E-11	0.570427422277885	5.54357684376723E-11	5.9678831339274E-12	0.360829119108549	2.85081459490076E-12	8.91396897095155E-11	565654273.085006	1E10	1E-30	1E-10	1E10	1E-30	1E-10	1E10	1E-30	1E-10	1E10	1E-30	1E-10	1E10	1E-30	1E-10	1E10	1E-30	1E-10	1E10	1E-30	1E-10	1E10	1E-30	1E-10	1E10	1E-30	1E-10	1E10	1E-30	1E-10	2	-5	5
66	2.7E-10	1E10	1E11	1E-30	1.21653524099835E-10	1E10	1E-30	1E10	8.50360761706091E-02	1E-30	5.93246183290308E-11	1.31488885975094	1E-30	3.36661416822148E-12	8.3178144516944E-03	4.10554137944059E-09	4.87143428966238E-12	0.141165272457485	6.02879459727883E-10	1.31036200656612E-11	0.483519287918529	2.44092278050147E-11	1.53965643887181E-11	3.81813256248225	1.39089908103452E-12	1.78543675672563E-10	1E5	1E10	1E-30	1E-10	1E10	1E-30	1E-10	1E10	1E-30	1E-10	1E10	1E-30	1E-10	1E10	1E-30	1E-10	1E10	1E-30	1E-10	1E10	1E-30	1E-10	1E10	1E-30	1E-10	1E10	1E-30	1E-10	2	-5	5
67	2.7E-10	1E10	1E11	1E-30	1.21653524099835E-10	1E10	1E-30	1E10	8.50360761706091E-02	1E-30	5.93246183290308E-11	1.31488885975094	1E-30	3.36661416822148E-12	8.3178144516944E-03	4.10554137944059E-09	4.87143428966238E-12	0.141165272457485	6.02879459727883E-10	1.31036200656612E-11	0.483519287918529	2.44092278050147E-11	1.53965643887181E-11	3.81813256248225	1.39089908103452E-12	1.78543675672563E-10	1E5	1E10	1E-30	1E-10	1E10	1E-30	1E-10	1E10	1E-30	1E-10	1E10	1E-30	1E-10	1E10	1E-30	1E-10	1E10	1E-30	1E-10	1E10	1E-30	1E-10	1E10	1E-30	1E-10	1E10	1E-30	1E-10	2	-5	5
68	3.3E-10	1E10	1E11	1E-30	1.5570067487736E-10	1E10	1E-30	1E10	6.98217401676713E-02	1E-30	5.68586747583987E-11	1.04766955227978	3.07385084651783E-09	8.21738172300112E-12	0.194562846327276	5.90949647816856E-10	1.81810227665537E-11	0.601793334128979	2.17089341714624E-12	9.96326289149479E-11	1E5	3.00988722757727E-12	5.02762682939872E-11	40.7108444454194	1E10	1E-30	1E-10	1E10	1E-30	1E-10	1E10	1E-30	1E-10	1E10	1E-30	1E-10	1E10	1E-30	1E-10	1E10	1E-30	1E-10	1E10	1E-30	1E-10	1E10	1E-30	1E-10	1E10	1E-30	1E-10	1E10	1E-30	1E-10	2	-5	5
69	3.3E-10	1E10	1E11	1E-30	1.5570067487736E-10	1E10	1E-30	1E10	6.98217401676713E-02	1E-30	5.68586747583987E-11	1.04766955227978	3.07385084651783E-09	8.21738172300112E-12	0.194562846327276	5.90949647816856E-10	1.81810227665537E-11	0.601793334128979	2.17089341714624E-12	9.96326289149479E-11	1E5	3.00988722757727E-12	5.02762682939872E-11	40.7108444454194	1E10	1E-30	1E-10	1E10	1E-30	1E-10	1E10	1E-30	1E-10	1E10	1E-30	1E-10	1E10	1E-30	1E-10	1E10	1E-30	1E-10	1E10	1E-30	1E-10	1E10	1E-30	1E-10	1E10	1E-30	1E-10	1E10	1E-30	1E-10	2	-5	5
70	3.9E-10	1E10	1E11	1E-30	1.92122951990186E-10	1E10	1E-30	1E10	0.06	1E-30	6.85351086468194E-11	0.701274665362437	7.10830176754418E-09	4.32091286528216E-12	0.184322857852069	1.1552175359837E-09	1.16147257792419E-11	0.433226339610459	3.8720745547144E-11	1.03837925477793E-11	1.03002182059245	3.02112708369464E-12	8.02404169371059E-11	1E5	1E10	1E-30	1E-10	1E10	1E-30	1E-10	1E10	1E-30	1E-10	1E10	1E-30	1E-10	1E10	1E-30	1E-10	1E10	1E-30	1E-10	1E10	1E-30	1E-10	1E10	1E-30	1E-10	1E10	1E-30	1E-10	1E10	1E-30	1E-10	2	-5	5
71	3.9E-10	1E10	1E11	1E-30	1.92122951990186E-10	1E10	1E-30	1E10	0.06	1E-30	6.85351086468194E-11	0.701274665362437	7.10830176754418E-09	4.32091286528216E-12	0.184322857852069	1.1552175359837E-09	1.16147257792419E-11	0.433226339610459	3.8720745547144E-11	1.03837925477793E-11	1.03002182059245	3.02112708369464E-12	8.02404169371059E-11	1E5	1E10	1E-30	1E-10	1E10	1E-30	1E-10	1E10	1E-30	1E-10	1E10	1E-30	1E-10	1E10	1E-30	1E-10	1E10	1E-30	1E-10	1E10	1E-30	1E-10	1E10	1E-30	1E-10	1E10	1E-30	1E-10	1E10	1E-30	1E-10	2	-5	5
72	4.7E-10	1E10	1E11	1E-30	1.78069724026334E-10	1E10	1E-30	1E10	0.052	1E-30	3.6427919484895E-11	0.408574894520434	1E-30	2.95804506774788E-11	0.37171890615297	5.29990139270157E-09	7.25606248045604E-12	0.225464028483719	1.09321140801484E-09	1.61107043023765E-11	0.495935457041719	2.48601263442421E-12	8.90300792652471E-11	1E5	1E10	1E-30	1E-10	1E10	1E-30	1E-10	1E10	1E-30	1E-10	1E10	1E-30	1E-10	1E10	1E-30	1E-10	1E10	1E-30	1E-10	1E10	1E-30	1E-10	1E10	1E-30	1E-10	1E10	1E-30	1E-10	1E10	1E-30	1E-10	2	-5	5
73	4.7E-10	1E10	1E11	1E-30	1.78069724026334E-10	1E10	1E-30	1E10	0.052	1E-30	3.6427919484895E-11	0.408574894520434	1E-30	2.95804506774788E-11	0.37171890615297	5.29990139270157E-09	7.25606248045604E-12	0.225464028483719	1.09321140801484E-09	1.61107043023765E-11	0.495935457041719	2.48601263442421E-12	8.90300792652471E-11	1E5	1E10	1E-30	1E-10	1E10	1E-30	1E-10	1E10	1E-30	1E-10	1E10	1E-30	1E-10	1E10	1E-30	1E-10	1E10	1E-30	1E-10	1E10	1E-30	1E-10	1E10	1E-30	1E-10	1E10	1E-30	1E-10	1E10	1E-30	1E-10	2	-5	5
74	5.59999999999999E-10	1E10	1E11	1E-30	1.95007689076329E-10	1E10	1E-30	1E10	0.05	1E-30	3.62919492009343E-11	1.69582371931431	1E-30	3.30047843925294E-11	0.387613914959355	6.08341791033105E-09	6.35799061276331E-12	0.174734493686221	7.93792822236189E-10	2.0123898228022E-11	0.415163303152446	3.66263658085266E-12	7.35794348295722E-11	1E5	1E10	1E-30	1E-10	1E10	1E-30	1E-10	1E10	1E-30	1E-10	1E10	1E-30	1E-10	1E10	1E-30	1E-10	1E10	1E-30	1E-10	1E10	1E-30	1E-10	1E10	1E-30	1E-10	1E10	1E-30	1E-10	1E10	1E-30	1E-10	2	-5	5
75	5.59999999999999E-10	1E10	1E11	1E-30	1.95007689076329E-10	1E10	1E-30	1E10	0.05	1E-30	3.62919492009343E-11	1.69582371931431	1E-30	3.30047843925294E-11	0.387613914959355	6.08341791033105E-09	6.35799061276331E-12	0.174734493686221	7.93792822236189E-10	2.0123898228022E-11	0.415163303152446	3.66263658085266E-12	7.35794348295722E-11	1E5	1E10	1E-30	1E-10	1E10	1E-30	1E-10	1E10	1E-30	1E-10	1E10	1E-30	1E-10	1E10	1E-30	1E-10	1E10	1E-30	1E-10	1E10	1E-30	1E-10	1E10	1E-30	1E-10	1E10	1E-30	1E-10	1E10	1E-30	1E-10	2	-5	5
76	6.8E-10	1E10	1E11	1E-30	8.92178729071394E-11	1E10	1E-30	1E10	0.055	1E-30	9.10540142649858E-12	0.898368563939869	1E-30	4.26619647442568E-11	0.732796899935792	4.0233444457853E-09	1.28491033252663E-11	0.227386277112007	1.18231090749274E-09	1.82450354652313E-11	0.435565282963909	1.7569213103215E-09	4.22491126643526E-12	0.110022644527829	7.00715098715919E-10	1.49487672235079E-12	0.597743997828645	1.0425881101574E-12	1.93609794354307E-10	1E5	1E10	1E-30	1E-10	1E10	1E-30	1E-10	1E10	1E-30	1E-10	1E10	1E-30	1E-10	1E10	1E-30	1E-10	1E10	1E-30	1E-10	1E10	1E-30	1E-10	1E10	1E-30	1E-10	2	-5	5
77	6.8E-10	1E10	1E11	1E-30	8.92178729071394E-11	1E10	1E-30	1E10	0.055	1E-30	9.10540142649858E-12	0.898368563939869	1E-30	4.26619647442568E-11	0.732796899935792	4.0233444457853E-09	1.28491033252663E-11	0.227386277112007	1.18231090749274E-09	1.82450354652313E-11	0.435565282963909	1.7569213103215E-09	4.22491126643526E-12	0.110022644527829	7.00715098715919E-10	1.49487672235079E-12	0.597743997828645	1.0425881101574E-12	1.93609794354307E-10	1E5	1E10	1E-30	1E-10	1E10	1E-30	1E-10	1E10	1E-30	1E-10	1E10	1E-30	1E-10	1E10	1E-30	1E-10	1E10	1E-30	1E-10	1E10	1E-30	1E-10	1E10	1E-30	1E-10	2	-5	5
78	8.19999999999999E-10	1E10	1E11	1E-30	1.74458529865883E-10	1E10	1E-30	1E10	0.04	1E-30	3.70764203845388E-11	0.986991369122804	5.28510675626742E-09	1.24460743325156E-11	0.264510269532931	1.19574510700159E-09	2.37188496461562E-11	0.533080851627057	9.05953324896629E-10	1.0368397008256E-11	0.22085701239118	1.46875337078719E-09	2.91302842785552E-12	0.118590247305185	1.23403045407493E-12	7.58652953067139E-11	1E5	1E10	1E-30	1E-10	1E10	1E-30	1E-10	1E10	1E-30	1E-10	1E10	1E-30	1E-10	1E10	1E-30	1E-10	1E10	1E-30	1E-10	1E10	1E-30	1E-10	1E10	1E-30	1E-10	1E10	1E-30	1E-10	2	-5	5
79	8.19999999999999E-10	1E10	1E11	1E-30	1.74458529865883E-10	1E10	1E-30	1E10	0.04	1E-30	3.70764203845388E-11	0.986991369122804	5.28510675626742E-09	1.24460743325156E-11	0.264510269532931	1.19574510700159E-09	2.37188496461562E-11	0.533080851627057	9.05953324896629E-10	1.0368397008256E-11	0.22085701239118	1.46875337078719E-09	2.91302842785552E-12	0.118590247305185	1.23403045407493E-12	7.58652953067139E-11	1E5	1E10	1E-30	1E-10	1E10	1E-30	1E-10	1E10	1E-30	1E-10	1E10	1E-30	1E-10	1E10	1E-30	1E-10	1E10	1E-30	1E-10	1E10	1E-30	1E-10	1E10	1E-30	1E-10	1E10	1E-30	1E-10	2	-5	5
END DSCRDATA
