BEGIN DSCRDATA
% INDEX	K01	L01	M01	K02	L02	M02	K03	L03	M03	K04	L04	M04	K05	L05	M05	K06	L06	M06	K07	L07	M07	K08	L08	M08	K09	L09	M09	K10	L10	M10	K11	L11	M11	K12	L12	M12	K13	L13	M13	K14	L14	M14	K15	L15	M15	K16	L16	M16	K17	L17	M17	K18	L18	M18
0	0	0	0	0	0	0	0	0	0	0	0	0	0	0	0	0	0	0	0	0	0	0	0	0	0	0	0	0	0	0	0	0	0	0	0	0	0	0	0	0	0	0	0	0	0	0	0	0	0	0	0	0	0	0
1	1.8E-9	1E10	1E11	1E-30	1.51404620573333E-10	1E10	1E-30	1E10	6.16052169336419E-03	1E-30	4.11718118362403E-11	0.431831024305494	1E-30	5.5208604871661E-11	3.20027013801876E-02	1E-30	1.22350153447319E-10	8.50388720726465E-03	8.22957854811742E-09	1.56891203240449E-11	0.232905293057029	1.52052425077096E-09	2.94799279309855E-11	0.444889420902221	1.22114283454309E-12	2.55139170229914E-10	91.1112063012708	1E10	1E-30	1E-10	1E10	1E-30	1E-10	1E10	1E-30	1E-10	1E10	1E-30	1E-10	1E10	1E-30	1E-10	1E10	1E-30	1E-10	1E10	1E-30	1E-10	1E10	1E-30	1E-10	1E10	1E-30	1E-10
2	1.76358687522024E-09	1E10	1E11	1E-30	1.47762559320363E-10	1E10	1E-30	1E10	7.52401518581112E-03	1E-30	4.73810311977081E-11	4.0197837832493	1E-30	3.92672955272301E-11	0.413246926506562	1E-30	6.0333475311774E-11	2.12514690500297E-02	1E-30	1.26918051840387E-10	6.42815372239662E-03	7.09859386074849E-09	1.75337646187002E-11	0.186735680434638	1.45851325731905E-09	2.92732343337403E-11	0.448974404517119	1.0877076447928E-12	2.25666268249083E-10	1E5	1E10	1E-30	1E-10	1E10	1E-30	1E-10	1E10	1E-30	1E-10	1E10	1E-30	1E-10	1E10	1E-30	1E-10	1E10	1E-30	1E-10	1E10	1E-30	1E-10	1E10	1E-30	1E-10
3	2.14561234395514E-09	1E10	1E11	1E-30	4.22745919762626E-10	1E10	1E-30	1E10	4.66909662387074E-03	1E-30	5.28181569081161E-11	0.398159673569046	1E-30	7.02446831424571E-11	1.94990416716927E-02	1E-30	2.50117877978266E-10	7.34201173734196E-03	1.21276977095426E-08	1.68789912848538E-11	0.238052174172308	2.25598693829383E-09	3.51291433845445E-11	0.510226325263144	5.40271904771919E-12	2.94247807312488E-11	1.51122331386521	1E10	1E-30	1E-10	1E10	1E-30	1E-10	1E10	1E-30	1E-10	1E10	1E-30	1E-10	1E10	1E-30	1E-10	1E10	1E-30	1E-10	1E10	1E-30	1E-10	1E10	1E-30	1E-10	1E10	1E-30	1E-10
4	2.16873400553164E-09	1E10	1E11	1E-30	1.14815362149688E-10	1E10	1E-30	1E10	1.08144783729502E-02	1E-30	1.03779349246835E-10	1.83067783362688E-02	1.12873144093634E-08	1.95404762004422E-11	0.20100125486337	2.12818922785353E-09	4.10513309333138E-11	0.468112699461597	5.98759400480268E-10	3.52445154011569E-11	0.240464680419513	1.00216914282392E-11	4.1052869286565E-11	0.631380986381003	8.54139157665622E-13	2.9434884804356E-10	199526.231496887	1E10	1E-30	1E-10	1E10	1E-30	1E-10	1E10	1E-30	1E-10	1E10	1E-30	1E-10	1E10	1E-30	1E-10	1E10	1E-30	1E-10	1E10	1E-30	1E-10	1E10	1E-30	1E-10	1E10	1E-30	1E-10
5	2.67677011134642E-09	1E10	1E11	1E-30	2.05295512199298E-11	1E10	1E-30	1E10	6.76005431762941E-03	1E-30	6.95825233885745E-11	0.266889113313623	1E-30	5.70953974244503E-11	1.36382230079142E-02	1E-30	1.53614770583689E-10	5.13059790316921E-03	1.61596269397653E-08	1.72665987879216E-11	0.244956681357924	3.46269294139763E-09	3.30575036545007E-11	0.498419577072148	1.09089194162154E-12	3.03526835784619E-10	1E5	4.21230022401397E-12	7.25951608997242E-11	17.4241916891037	1E10	1E-30	1E-10	1E10	1E-30	1E-10	1E10	1E-30	1E-10	1E10	1E-30	1E-10	1E10	1E-30	1E-10	1E10	1E-30	1E-10	1E10	1E-30	1E-10	1E10	1E-30	1E-10
6	3.25204775603648E-09	1E10	1E11	1E-30	2.32488983002448E-10	1E10	1E-30	1E10	1.20259597228764E-02	1E-30	7.89089507033608E-11	0.472498351494535	1E-30	6.28781376971346E-11	1.10917647621878E-02	1.43292498282364E-08	2.65336103954677E-11	0.272757547260701	4.1925407623396E-09	3.80401050221908E-11	0.417883163602571	2.39507620174859E-09	2.34462531023857E-11	0.169937767770564	3.84960543449597E-11	1.21851333047364E-11	0.346164603847298	2.17446192992597E-12	1.11712154496031E-10	1E5	1E10	1E-30	1E-10	1E10	1E-30	1E-10	1E10	1E-30	1E-10	1E10	1E-30	1E-10	1E10	1E-30	1E-10	1E10	1E-30	1E-10	1E10	1E-30	1E-10	1E10	1E-30	1E-10
7	1.78803333210944E-08	1E10	55555555555.5555	1E-30	4.81056628870854E-11	1E10	1E-30	1E10	3.16857537679258E-03	1E-30	1.02161790190492E-10	19.8400484445441	1E-30	9.414831719541E-11	0.17078747171721	1E-30	5.47520545204106E-11	5.10832559520754E-03	1E-30	1.07650832937252E-10	2.18879846655977E-03	5.60035353203802E-08	4.5921719236471E-11	0.270099897530779	2.23974485579984E-08	4.82637036101441E-11	0.26459572764402	1.09099086100137E-12	2.14861060772258E-10	1E5	1E10	1E-30	1E-10	1E10	1E-30	1E-10	1E10	1E-30	1E-10	1E10	1E-30	1E-10	1E10	1E-30	1E-10	1E10	1E-30	1E-10	1E10	1E-30	1E-10	1E10	1E-30	1E-10
8	2.2098225032422E-08	1E10	45454545454.5454	1E-30	1.31984579698387E-11	1E10	1E-30	1E10	3.14089364481576E-03	1E-30	1.58614687169931E-10	0.172548845918909	1E-30	5.80869924986599E-11	3.4096928652191E-03	5.15685020128607E-08	6.99642629367513E-11	0.270428456545099	3.75076353378446E-08	4.09147661653757E-11	0.263568747819718	9.40710423999289E-08	7.62429774636749E-12	6.56519644885272E-02	1.04504406071569E-07	4.65952541646927E-12	0.106899061219301	1.8297626087092E-11	1.02059104868936E-11	0.289937325447498	6.68990688079076E-13	2.76120681019665E-10	1E5	1E10	1E-30	1E-10	1E10	1E-30	1E-10	1E10	1E-30	1E-10	1E10	1E-30	1E-10	1E10	1E-30	1E-10	1E10	1E-30	1E-10	1E10	1E-30	1E-10
9	4.79341131423208E-08	1E10	1E9	1E-30	1.20406448182087E-10	1E10	1E-30	1E10	1.87019860360293E-02	4.65500517449751E-06	1E10	197.588191668206	5.61275894305952E-06	1E10	14.647415004377	7.00316225680964E-06	1E10	1.56949879490169	6.35469149002188E-06	1E10	0.331578745077894	3.79930296886565E-06	1E10	0.101212336356257	2.37667491695726E-06	1E10	2.42708727064113E-02	1E-30	8.71234198568427E-11	0.12104858920879	2.06728136272773E-07	3.55158863421358E-11	5.62913433483474E-02	5.80163145302552E-08	3.95684179401822E-11	6.77649974159491E-02	1.15816007302401E-11	9.06545066828762E-11	10.6666090251541	1.69547802397537E-12	1.58032248722172E-10	28.4769792054797	1E10	1E-30	1E-10	1E10	1E-30	1E-10	1E10	1E-30	1E-10	1E10	1E-30	1E-10
10	4.73798900513142E-07	1E10	106382978.723404	1E-30	1.56710479699783E-10	1E10	1E-30	1E10	6.95120331499749E-03	6.41007304390013E-05	1E10	70.9380775536747	8.14027224127912E-05	1E10	10.0202697887926	7.17084614206831E-05	1E10	2.23391491979376	5.31237487741411E-05	1E10	0.315548869570161	7.77897753057681E-05	1E10	3.45992455301311E-02	3.74571997246368E-05	1E10	1.45789218590574E-02	1.16559768991986E-04	1E10	7.74700263591437E-04	1E-30	1.3556526038666E-10	4.20207015034219E-02	1E-30	1.25455109234317E-11	2.93775165013138E-02	1.64896746911941E-06	4.44582122644062E-11	0.024316583763278	5.80335982200661E-07	5.42984110772463E-11	2.44286517386433E-02	1.36177754235403E-11	7.1051742939164E-11	9.54551315671898	2.22714325697773E-12	1.56843363840956E-10	25.6511708550629	1E10	1E-30	1E-10	1E10	1E-30	1E-10
11	1.02430055733229E-06	1E10	5E7	1E-30	1.055304119219E-10	1E10	1E-30	1E10	4.89140109086424E-03	2.35556045059466E-05	1E10	303.811789614305	1.12445380354731E-04	1E10	3.03973479518812	1.13580658843478E-04	1E10	0.299939365668271	9.25784022337561E-05	1E10	3.66441262949922E-02	6.76325104003454E-05	1E10	5.28715799164126E-03	1E-30	1.836248836583E-11	5.34440348557143E-02	1E-30	1.99184755194168E-10	3.68552518958051E-02	2.42574429699694E-06	7.07949965572173E-11	1.57216155223805E-02	1.83495755851906E-06	4.21057129960414E-11	1.57095939945651E-02	1.51248746768587E-11	7.39264071350328E-11	8.52690738610247	2.09907127804398E-12	1.46517220273344E-10	23.3480329275514	1E10	1E-30	1E-10	1E10	1E-30	1E-10	1E10	1E-30	1E-10	1E10	1E-30	1E-10
12	1.02430055733229E-06	1E10	5E7	1E-30	1.055304119219E-10	1E10	1E-30	1E10	4.89140109086424E-03	2.35556045059466E-05	1E10	303.811789614305	1.12445380354731E-04	1E10	3.03973479518812	1.13580658843478E-04	1E10	0.299939365668271	9.25784022337561E-05	1E10	3.66441262949922E-02	6.76325104003454E-05	1E10	5.28715799164126E-03	1E-30	1.836248836583E-11	5.34440348557143E-02	1E-30	1.99184755194168E-10	3.68552518958051E-02	2.42574429699694E-06	7.07949965572173E-11	1.57216155223805E-02	1.83495755851906E-06	4.21057129960414E-11	1.57095939945651E-02	1.51248746768587E-11	7.39264071350328E-11	8.52690738610247	2.09907127804398E-12	1.46517220273344E-10	23.3480329275514	1E10	1E-30	1E-10	1E10	1E-30	1E-10	1E10	1E-30	1E-10	1E10	1E-30	1E-10
13	1.01139839440037E-06	1E10	5E7	1E-30	1.04824555377975E-10	1E10	1E-30	1E10	3.95140651612181E-03	2.82691674166199E-05	1E10	236.257638717773	1.58177484951682E-04	1E10	1.59934681685277	1.60030030436004E-04	1E10	0.145110788703232	1.34741192374904E-04	1E10	1.68036686722961E-02	1.32426354555977E-04	1E10	1.80421051683443E-03	1E-30	1.84772785604794E-10	3.32251203439647E-02	1E-30	1.31542568508845E-11	2.59357105655916E-02	3.3923521348945E-06	4.78423027028119E-11	1.84815538523132E-02	1.96359932363214E-06	3.66856673566889E-11	1.81899109690772E-02	1.19177128102758E-11	9.44033445952784E-11	9.28461286655494	2.35389140080011E-12	1.28772102274174E-10	18.4599596623939	1E10	1E-30	1E-10	1E10	1E-30	1E-10	1E10	1E-30	1E-10	1E10	1E-30	1E-10
14	2.18163608363658E-06	1E10	22727272.7272727	1E-30	9.47336449758768E-11	1E10	1E-30	1E10	3.18375929842456E-03	8.46967973309677E-05	1E10	78.8554815865047	2.4182102076392E-04	1E10	1.64675485963927	2.10501731112308E-04	1E10	0.1890059201267	2.01740209209669E-04	1E10	2.01064771223911E-02	1.8338739859877E-04	1E10	3.14959493475446E-03	1E-30	2.47111497452098E-11	2.96546529100466E-02	1E-30	2.39254454975935E-10	0.027055095261077	6.03747518802667E-06	6.27886354617733E-11	1.18097578654626E-02	4.07165030005213E-06	4.36596976891249E-11	1.03210578620238E-02	8.01133658627282E-12	8.48561565365927E-11	10.3764710905469	2.97340529984217E-12	1.02049782257451E-10	25.5014200762447	1E10	1E-30	1E-10	1E10	1E-30	1E-10	1E10	1E-30	1E-10	1E10	1E-30	1E-10
15	1.64626125993399E-06	1E10	22727272.7272727	1E-30	7.13580414197507E-11	1E10	1E-30	1E10	5.67418842696862E-03	2.63402129490881E-05	1E10	201.409334844177	4.26208890760666E-05	1E10	7.11916322528447	3.98509302307231E-05	1E10	0.690705025308086	3.0331261391141E-05	1E10	0.093612012258294	2.44962118865116E-05	1E10	1.10526616627897E-02	1E-30	1.73630658075138E-11	2.84698595148833E-02	1E-30	1.81068964204266E-10	2.66125999090096E-02	6.55210466050566E-06	2.93414426661494E-11	7.54731998826538E-03	2.69805696240076E-06	3.13990085570505E-11	1.00106629741815E-02	7.78873261587707E-12	1.47964131018403E-10	21.1546226302727	2.07856421896301E-12	1.83588198925745E-10	37.1752350470039	1E10	1E-30	1E-10	1E10	1E-30	1E-10	1E10	1E-30	1E-10	1E10	1E-30	1E-10
16	1.74500156515594E-06	1E10	22727272.7272727	1E-30	9.23124718245903E-11	1E10	1E-30	1E10	6.1197302531283E-03	1.55395229360965E-05	1E10	365.814735214766	4.23109222143072E-05	1E10	6.79110430228195	3.83277084136794E-05	1E10	0.763290486756634	2.95193583759307E-05	1E10	9.81015988948898E-02	2.58254307626063E-05	1E10	1.11449098070967E-02	1E-30	2.40488449909615E-11	3.46971749468467E-02	1E-30	1.47829122731291E-10	2.44338127798373E-02	5.56366583202556E-06	3.51621228338682E-11	7.94792747227757E-03	1.79166977529814E-06	5.25630772538212E-11	0.010885797536088	1.18427178880291E-11	1.10581584019565E-10	17.4086251874988	1.91779800217062E-12	1.92802648259484E-10	35.2756172214647	1E10	1E-30	1E-10	1E10	1E-30	1E-10	1E10	1E-30	1E-10	1E10	1E-30	1E-10
17	2.16415910150953E-06	1E10	22727273	1E-30	1.96373183846522E-10	1E10	1E-30	1E10	3.78628716708219E-03	2.2946090558547E-04	1E10	4.54238716563097	2.00700765639955E-04	1E10	0.698083168855876	2.05251539961056E-04	1E10	9.42505852002989E-02	2.18115863563178E-04	1E10	1.47720645918471E-02	1.82874702219462E-04	1E10	4.18358896283574E-03	1E-30	2.4400233244117E-11	0.073038183989227	1E-30	1.79320912846327E-10	3.14873602715431E-02	4.77297092965798E-06	8.09123650657794E-11	1.49023357424416E-02	2.05006255327559E-06	8.11532127963493E-11	1.44512063541953E-02	1.84177068359888E-11	3.51290353287999E-11	4.19240366240611	1.98753447775059E-11	1.63465991894248E-11	5.19519676825574	1E10	1E-30	1E-10	1E10	1E-30	1E-10	1E10	1E-30	1E-10	1E10	1E-30	1E-10
18	2.16415910150953E-06	1E10	22727273	1E-30	1.96373183846522E-10	1E10	1E-30	1E10	3.78628716708219E-03	2.2946090558547E-04	1E10	4.54238716563097	2.00700765639955E-04	1E10	0.698083168855876	2.05251539961056E-04	1E10	9.42505852002989E-02	2.18115863563178E-04	1E10	1.47720645918471E-02	1.82874702219462E-04	1E10	4.18358896283574E-03	1E-30	2.4400233244117E-11	0.073038183989227	1E-30	1.79320912846327E-10	3.14873602715431E-02	4.77297092965798E-06	8.09123650657794E-11	1.49023357424416E-02	2.05006255327559E-06	8.11532127963493E-11	1.44512063541953E-02	1.84177068359888E-11	3.51290353287999E-11	4.19240366240611	1.98753447775059E-11	1.63465991894248E-11	5.19519676825574	1E10	1E-30	1E-10	1E10	1E-30	1E-10	1E10	1E-30	1E-10	1E10	1E-30	1E-10
19	1.64626125993399E-06	1E10	22727272.7272727	1E-30	7.13580414197507E-11	1E10	1E-30	1E10	5.67418842696862E-03	2.63402129490881E-05	1E10	201.409334844177	4.26208890760666E-05	1E10	7.11916322528447	3.98509302307231E-05	1E10	0.690705025308086	3.0331261391141E-05	1E10	0.093612012258294	2.44962118865116E-05	1E10	1.10526616627897E-02	1E-30	1.73630658075138E-11	2.84698595148833E-02	1E-30	1.81068964204266E-10	2.66125999090096E-02	6.55210466050566E-06	2.93414426661494E-11	7.54731998826538E-03	2.69805696240076E-06	3.13990085570505E-11	1.00106629741815E-02	7.78873261587707E-12	1.47964131018403E-10	21.1546226302727	2.07856421896301E-12	1.83588198925745E-10	37.1752350470039	1E10	1E-30	1E-10	1E10	1E-30	1E-10	1E10	1E-30	1E-10	1E10	1E-30	1E-10
20	1.64626125993399E-06	1E10	22727272.7272727	1E-30	7.13580414197507E-11	1E10	1E-30	1E10	5.67418842696862E-03	2.63402129490881E-05	1E10	201.409334844177	4.26208890760666E-05	1E10	7.11916322528447	3.98509302307231E-05	1E10	0.690705025308086	3.0331261391141E-05	1E10	0.093612012258294	2.44962118865116E-05	1E10	1.10526616627897E-02	1E-30	1.73630658075138E-11	2.84698595148833E-02	1E-30	1.81068964204266E-10	2.66125999090096E-02	6.55210466050566E-06	2.93414426661494E-11	7.54731998826538E-03	2.69805696240076E-06	3.13990085570505E-11	1.00106629741815E-02	7.78873261587707E-12	1.47964131018403E-10	21.1546226302727	2.07856421896301E-12	1.83588198925745E-10	37.1752350470039	1E10	1E-30	1E-10	1E10	1E-30	1E-10	1E10	1E-30	1E-10	1E10	1E-30	1E-10
21	1.74500156515594E-06	1E10	22727272.7272727	1E-30	9.23124718245903E-11	1E10	1E-30	1E10	6.1197302531283E-03	1.55395229360965E-05	1E10	365.814735214766	4.23109222143072E-05	1E10	6.79110430228195	3.83277084136794E-05	1E10	0.763290486756634	2.95193583759307E-05	1E10	9.81015988948898E-02	2.58254307626063E-05	1E10	1.11449098070967E-02	1E-30	2.40488449909615E-11	3.46971749468467E-02	1E-30	1.47829122731291E-10	2.44338127798373E-02	5.56366583202556E-06	3.51621228338682E-11	7.94792747227757E-03	1.79166977529814E-06	5.25630772538212E-11	0.010885797536088	1.18427178880291E-11	1.10581584019565E-10	17.4086251874988	1.91779800217062E-12	1.92802648259484E-10	35.2756172214647	1E10	1E-30	1E-10	1E10	1E-30	1E-10	1E10	1E-30	1E-10	1E10	1E-30	1E-10
22	2.12060605723972E-06	1E10	22727273	1E-30	2.16646913543586E-10	1E10	1E-30	1E10	3.84609120742213E-03	2.94023938718753E-04	1E10	7.1575669185423	4.48629498171801E-04	1E10	1.00935618905521	3.89490609701064E-04	1E10	0.288104743830394	3.89878283898774E-04	1E10	8.36956289002115E-02	2.90992232292005E-04	1E10	2.35730021535824E-02	1.66186285270417E-04	1E10	5.76966092105906E-03	1E-30	2.34817233078047E-11	6.61128194890492E-02	1E-30	1.1324802435E-10	1.29236149882895E-02	1E-30	8.1315175809227E-11	1.12979722735816E-02	1E-30	4.62603873485302E-11	6.81004759290714E-03	1.0519602297922E-05	3.71134767957537E-11	1.04553006203067E-02	1.96110606950982E-06	8.82684038205523E-11	1.11832359770665E-02	9.19888829159714E-12	7.60567878603154E-11	10.219004536254	1E10	1E-30	1E-10	1E10	1E-30	1E-10
23	1.85074137353481E-06	1E10	22727272.7272727	1E-30	1.40935936881452E-10	1E10	1E-30	1E10	4.83375018025891E-03	1.76939762805369E-05	1E10	386.254396858232	5.66607139073032E-05	1E10	8.48729725737176	4.91968127172847E-05	1E10	0.98665591232515	3.91412582836882E-05	1E10	0.122578121914921	2.91592429697937E-05	1E10	1.64416291230113E-02	1E-30	7.29793569169606E-12	4.41409953330557E-02	1E-30	2.21851163788663E-11	3.12332890158761E-02	1E-30	2.40198069755301E-10	3.07801542075842E-02	5.46105951406701E-06	4.73055599368324E-11	1.20062883994065E-02	2.77785115490666E-06	4.64819915157135E-11	1.18067112914906E-02	1.07522998008211E-11	6.86307760813421E-11	8.28416618244985	5.99040589525685E-12	4.93590046176885E-11	7.29208871329846	1E10	1E-30	1E-10	1E10	1E-30	1E-10	1E10	1E-30	1E-10
24	2.40894361738321E-06	1E10	15151515.1515151	1E-30	1.3005651192666E-10	1E10	1E-30	1E10	4.64344505416717E-03	7.92825714006634E-05	1E10	16.0421330323113	8.64895882377306E-05	1E10	1.75088304453969	7.12610115424169E-05	1E10	0.282763061699578	6.06603835745024E-05	1E10	4.53889166090962E-02	4.4939429656956E-05	1E10	9.45677501710179E-03	1E-30	2.52049372579206E-11	0.194867697842718	1E-30	2.516071147091E-11	0.034320590447213	1E-30	2.04462852620643E-10	2.62008688904007E-02	7.14601007115743E-06	5.23035212466375E-11	1.01285703279198E-02	3.12256583453854E-06	5.61792132726257E-11	0.010169170358201	1.57625725084886E-11	5.24340073248994E-11	6.8227672678211	5.8435373102146E-12	5.0300225871539E-11	9.17189761384117	1E10	1E-30	1E-10	1E10	1E-30	1E-10	1E10	1E-30	1E-10
25	2.40894361738321E-06	1E10	15151515.1515151	1E-30	1.3005651192666E-10	1E10	1E-30	1E10	4.64344505416717E-03	7.92825714006634E-05	1E10	16.0421330323113	8.64895882377306E-05	1E10	1.75088304453969	7.12610115424169E-05	1E10	0.282763061699578	6.06603835745024E-05	1E10	4.53889166090962E-02	4.4939429656956E-05	1E10	9.45677501710179E-03	1E-30	2.52049372579206E-11	0.194867697842718	1E-30	2.516071147091E-11	0.034320590447213	1E-30	2.04462852620643E-10	2.62008688904007E-02	7.14601007115743E-06	5.23035212466375E-11	1.01285703279198E-02	3.12256583453854E-06	5.61792132726257E-11	0.010169170358201	1.57625725084886E-11	5.24340073248994E-11	6.8227672678211	5.8435373102146E-12	5.0300225871539E-11	9.17189761384117	1E10	1E-30	1E-10	1E10	1E-30	1E-10	1E10	1E-30	1E-10
26	2.34671250221611E-06	1E10	15151515.1515151	1E-30	2.00035091591818E-10	1E10	1E-30	1E10	4.27994060963699E-03	1.15249753061309E-04	1E10	31.3583243459087	1.46663151475661E-04	1E10	5.44164796252371	1.00532730890709E-04	1E10	1.63014821850321	1.07306928815532E-04	1E10	0.344592054292374	9.68146860055366E-05	1E10	0.11147643491632	5.00409618971898E-05	1E10	3.38267580632696E-02	4.12658787564578E-05	1E10	4.65705688397126E-03	1E-30	8.57486115257335E-12	0.100058443074138	1E-30	2.64722050771827E-11	0.039514621247073	1E-30	2.02751806665324E-10	2.61835458909587E-02	1.3042755674393E-05	2.29557100009471E-11	4.61894105607467E-03	2.77052537062047E-06	5.13164207224113E-11	9.59850030904802E-03	9.46095344263347E-12	7.27318258616914E-11	13.0665890695079	1E10	1E-30	1E-10	1E10	1E-30	1E-10
27	2.42096563942154E-06	1E10	15151515.1515151	1E-30	1.26882338120057E-10	1E10	1E-30	1E10	5.01550154769429E-03	6.79323787334871E-05	1E10	65.2455718771196	8.75831989687617E-05	1E10	6.62014786175916	7.41578350067611E-05	1E10	1.06555137262617	6.24925130926309E-05	1E10	0.172621523532907	5.6959020397078E-05	1E10	2.96795901853336E-02	5.48238354816291E-05	1E10	6.44123084588398E-03	1E-30	2.17346938026702E-11	0.250144310476117	1E-30	2.29893813897474E-11	3.13433412510858E-02	1E-30	2.17469587032409E-10	2.72665237079085E-02	6.48084591068378E-06	5.34635875335356E-11	9.7564538840922E-03	4.31252479144674E-06	3.84738658399635E-11	9.43387290541615E-03	1.86964744730471E-11	4.38548446347201E-11	7.68273395106388	3.56927697020641E-12	7.43766471940914E-11	15.8377555591101	1E10	1E-30	1E-10	1E10	1E-30	1E-10
28	2.46111356658424E-06	1E10	15151515.1515151	1E-30	1.94505902076896E-10	1E10	1E-30	1E10	4.98499654066408E-03	8.00189025739613E-05	1E10	42.1409134124489	8.97409141507921E-05	1E10	5.02859409797444	7.97491487078469E-05	1E10	0.795102171869941	7.89602263309221E-05	1E10	0.130531680120956	9.48959393073763E-05	1E10	2.91430747577413E-02	4.59650531666852E-05	1E10	1.25682698023386E-02	1E-30	1.53494413634079E-11	0.101922769350983	1E-30	2.67107025282679E-11	2.78372986990484E-02	1E-30	1.94776912495429E-10	2.47951096844119E-02	8.90272500321482E-06	3.42782322642973E-11	5.86677008291564E-03	3.8534530960164E-06	3.89449716262857E-11	9.62599395358063E-03	1.21195524996854E-11	6.45435433293296E-11	9.93157513124491	1E10	1E-30	1E-10	1E10	1E-30	1E-10	1E10	1E-30	1E-10
29	3.70447262018066E-06	1E10	10638297.8723404	1E-30	1.52934883349512E-10	1E10	1E-30	1E10	3.74541690844651E-03	1.00349356089904E-04	1E10	53.1022929379097	1.93870316658501E-04	1E10	2.50527145187709	1.82172645584359E-04	1E10	0.341738447529292	1.53566302436801E-04	1E10	4.67527070793006E-02	1.30493324440134E-04	1E10	7.93716555124596E-03	3.66738527027409E-04	1E10	8.92706818376736E-04	1E-30	9.63024378667052E-12	6.12479757787981E-02	1E-30	2.62104646580951E-11	3.32810140363403E-02	1E-30	2.3609887127389E-10	2.37948485572178E-02	8.25188120739138E-06	7.75201990137361E-11	1.12529172732301E-02	5.1221735512952E-06	5.8925926625177E-11	9.56967860705765E-03	1.75413932360919E-11	3.17477582423188E-11	7.88908174187823	5.92277193584228E-12	5.83951800332955E-11	17.0940086477009	1E10	1E-30	1E-10	1E10	1E-30	1E-10
30	3.70447262018066E-06	1E10	10638297.8723404	1E-30	1.52934883349512E-10	1E10	1E-30	1E10	3.74541690844651E-03	1.00349356089904E-04	1E10	53.1022929379097	1.93870316658501E-04	1E10	2.50527145187709	1.82172645584359E-04	1E10	0.341738447529292	1.53566302436801E-04	1E10	4.67527070793006E-02	1.30493324440134E-04	1E10	7.93716555124596E-03	3.66738527027409E-04	1E10	8.92706818376736E-04	1E-30	9.63024378667052E-12	6.12479757787981E-02	1E-30	2.62104646580951E-11	3.32810140363403E-02	1E-30	2.3609887127389E-10	2.37948485572178E-02	8.25188120739138E-06	7.75201990137361E-11	1.12529172732301E-02	5.1221735512952E-06	5.8925926625177E-11	9.56967860705765E-03	1.75413932360919E-11	3.17477582423188E-11	7.88908174187823	5.92277193584228E-12	5.83951800332955E-11	17.0940086477009	1E10	1E-30	1E-10	1E10	1E-30	1E-10
31	3.51278037904294E-06	1E10	10638297.8723404	1E-30	9.58819651819815E-11	1E10	1E-30	1E10	4.34650212861307E-03	5.22749596443091E-05	1E10	101.48577456257	8.23897339333297E-05	1E10	4.02205294303837	8.11886083963033E-05	1E10	0.408979170257961	6.22236248001919E-05	1E10	5.31489218441401E-02	5.32039227764283E-05	1E10	6.80294354007558E-03	1E-30	9.46638748485323E-12	6.43086382053792E-02	1E-30	2.86726307980322E-11	3.12633557995831E-02	1E-30	2.29604778802165E-10	2.14965071464584E-02	1.25450042913231E-05	3.36212530678365E-11	4.25402476761575E-03	4.16210153636077E-06	4.77917462285751E-11	7.24058426728725E-03	7.63943431683802E-12	1.00735840901505E-10	13.5982481765202	3.09118274959529E-12	9.38312447063163E-11	23.1023534674191	1E10	1E-30	1E-10	1E10	1E-30	1E-10	1E10	1E-30	1E-10
32	3.42191465142565E-06	1E10	10638297.8723404	1E-30	1.17088118510006E-10	1E10	1E-30	1E10	3.76583195077069E-03	7.12494803553281E-05	1E10	74.458995957198	1.04300482434493E-04	1E10	3.7859064567704	8.28055594705372E-05	1E10	0.451105743318015	6.8837439949204E-05	1E10	5.04312280347544E-02	6.09809939979374E-05	1E10	6.43448509531555E-03	1E-30	9.82747641050165E-12	7.87530845988019E-02	1E-30	2.41294981245249E-11	0.030739840275357	1E-30	2.71130079772472E-10	2.46480064652776E-02	9.32586001335883E-06	5.45669054201487E-11	7.48507533213615E-03	6.0835463894378E-06	4.10063059236776E-11	6.61829729952428E-03	1.3721099441151E-11	4.93594377916299E-11	8.07628705018758	3.65711344364255E-12	7.78016889665592E-11	28.2230978291723	1E10	1E-30	1E-10	1E10	1E-30	1E-10	1E10	1E-30	1E-10
33	3.42191465142565E-06	1E10	10638297.8723404	1E-30	1.17088118510006E-10	1E10	1E-30	1E10	3.76583195077069E-03	7.12494803553281E-05	1E10	74.458995957198	1.04300482434493E-04	1E10	3.7859064567704	8.28055594705372E-05	1E10	0.451105743318015	6.8837439949204E-05	1E10	5.04312280347544E-02	6.09809939979374E-05	1E10	6.43448509531555E-03	1E-30	9.82747641050165E-12	7.87530845988019E-02	1E-30	2.41294981245249E-11	0.030739840275357	1E-30	2.71130079772472E-10	2.46480064652776E-02	9.32586001335883E-06	5.45669054201487E-11	7.48507533213615E-03	6.0835463894378E-06	4.10063059236776E-11	6.61829729952428E-03	1.3721099441151E-11	4.93594377916299E-11	8.07628705018758	3.65711344364255E-12	7.78016889665592E-11	28.2230978291723	1E10	1E-30	1E-10	1E10	1E-30	1E-10	1E10	1E-30	1E-10
34	3.52149758899185E-06	1E10	10638297.8723404	1E-30	1.03700195717208E-10	1E10	1E-30	1E10	3.69271815713202E-03	5.82711251874225E-05	1E10	95.3334857466773	1.33866678423646E-04	1E10	4.20732374012809	1.10162718780796E-04	1E10	0.474737621334609	9.23334264298237E-05	1E10	5.64656323438595E-02	7.70122029796546E-05	1E10	6.72879528187724E-03	1E-30	7.85592277375964E-12	4.03827055602445E-02	1E-30	2.44776036818111E-11	2.54880698993089E-02	1E-30	2.6795064623156E-10	0.022176081885771	1.0209763973308E-05	5.22481644869537E-11	5.90788839216146E-03	6.28632195677368E-06	4.31880840672681E-11	6.03389236823675E-03	1.50390701387538E-11	5.46544286911892E-11	9.30410288226433	1.96353204573038E-12	1.17835382022519E-10	21.348294105419	1E10	1E-30	1E-10	1E10	1E-30	1E-10	1E10	1E-30	1E-10
35	3.51731460049073E-06	1E10	10638297.8723404	1E-30	1.72443445689456E-10	1E10	1E-30	1E10	3.95894769088579E-03	4.93032799738825E-05	1E10	112.673831952777	9.26942663338659E-05	1E10	3.88511004771386	8.77312814214888E-05	1E10	0.402694999472886	6.57767113859206E-05	1E10	5.09422270314391E-02	6.31233902025644E-05	1E10	5.53560192329827E-03	1E-30	9.24487818201382E-12	5.24734657222456E-02	1E-30	2.82263017418202E-11	2.90722602447313E-02	1E-30	2.88990594147904E-10	2.35417401881285E-02	9.86743603465808E-06	5.10121619556432E-11	8.08752003254396E-03	9.41754698684514E-06	2.59863088941745E-11	6.28364939735566E-03	1.16092923564932E-11	5.80456788352469E-11	7.91043652443651	3.04225472477622E-11	1.40638071915591E-11	2.76259883465415	1E10	1E-30	1E-10	1E10	1E-30	1E-10	1E10	1E-30	1E-10
36	3.51731460049073E-06	1E10	10638297.8723404	1E-30	1.72443445689456E-10	1E10	1E-30	1E10	3.95894769088579E-03	4.93032799738825E-05	1E10	112.673831952777	9.26942663338659E-05	1E10	3.88511004771386	8.77312814214888E-05	1E10	0.402694999472886	6.57767113859206E-05	1E10	5.09422270314391E-02	6.31233902025644E-05	1E10	5.53560192329827E-03	1E-30	9.24487818201382E-12	5.24734657222456E-02	1E-30	2.82263017418202E-11	2.90722602447313E-02	1E-30	2.88990594147904E-10	2.35417401881285E-02	9.86743603465808E-06	5.10121619556432E-11	8.08752003254396E-03	9.41754698684514E-06	2.59863088941745E-11	6.28364939735566E-03	1.16092923564932E-11	5.80456788352469E-11	7.91043652443651	3.04225472477622E-11	1.40638071915591E-11	2.76259883465415	1E10	1E-30	1E-10	1E10	1E-30	1E-10	1E10	1E-30	1E-10
37	3.42191465142565E-06	1E10	10638297.8723404	1E-30	1.17088118510006E-10	1E10	1E-30	1E10	3.76583195077069E-03	7.12494803553281E-05	1E10	74.458995957198	1.04300482434493E-04	1E10	3.7859064567704	8.28055594705372E-05	1E10	0.451105743318015	6.8837439949204E-05	1E10	5.04312280347544E-02	6.09809939979374E-05	1E10	6.43448509531555E-03	1E-30	9.82747641050165E-12	7.87530845988019E-02	1E-30	2.41294981245249E-11	0.030739840275357	1E-30	2.71130079772472E-10	2.46480064652776E-02	9.32586001335883E-06	5.45669054201487E-11	7.48507533213615E-03	6.0835463894378E-06	4.10063059236776E-11	6.61829729952428E-03	1.3721099441151E-11	4.93594377916299E-11	8.07628705018758	3.65711344364255E-12	7.78016889665592E-11	28.2230978291723	1E10	1E-30	1E-10	1E10	1E-30	1E-10	1E10	1E-30	1E-10
38	3.42191465142565E-06	1E10	10638297.8723404	1E-30	1.17088118510006E-10	1E10	1E-30	1E10	3.76583195077069E-03	7.12494803553281E-05	1E10	74.458995957198	1.04300482434493E-04	1E10	3.7859064567704	8.28055594705372E-05	1E10	0.451105743318015	6.8837439949204E-05	1E10	5.04312280347544E-02	6.09809939979374E-05	1E10	6.43448509531555E-03	1E-30	9.82747641050165E-12	7.87530845988019E-02	1E-30	2.41294981245249E-11	0.030739840275357	1E-30	2.71130079772472E-10	2.46480064652776E-02	9.32586001335883E-06	5.45669054201487E-11	7.48507533213615E-03	6.0835463894378E-06	4.10063059236776E-11	6.61829729952428E-03	1.3721099441151E-11	4.93594377916299E-11	8.07628705018758	3.65711344364255E-12	7.78016889665592E-11	28.2230978291723	1E10	1E-30	1E-10	1E10	1E-30	1E-10	1E10	1E-30	1E-10
39	3.52149758899185E-06	1E10	10638297.8723404	1E-30	1.03700195717208E-10	1E10	1E-30	1E10	3.69271815713202E-03	5.82711251874225E-05	1E10	95.3334857466773	1.33866678423646E-04	1E10	4.20732374012809	1.10162718780796E-04	1E10	0.474737621334609	9.23334264298237E-05	1E10	5.64656323438595E-02	7.70122029796546E-05	1E10	6.72879528187724E-03	1E-30	7.85592277375964E-12	4.03827055602445E-02	1E-30	2.44776036818111E-11	2.54880698993089E-02	1E-30	2.6795064623156E-10	0.022176081885771	1.0209763973308E-05	5.22481644869537E-11	5.90788839216146E-03	6.28632195677368E-06	4.31880840672681E-11	6.03389236823675E-03	1.50390701387538E-11	5.46544286911892E-11	9.30410288226433	1.96353204573038E-12	1.17835382022519E-10	21.348294105419	1E10	1E-30	1E-10	1E10	1E-30	1E-10	1E10	1E-30	1E-10
40	2.83375936874113E-06	1E10	10638297.8723404	1E-30	1.17604489683791E-10	1E10	1E-30	1E10	4.3777860550387E-03	5.4317834070402E-05	1E10	97.6689306656401	8.82097647356858E-05	1E10	4.58804940266502	8.13731558464829E-05	1E10	0.503334492691016	6.62129122162922E-05	1E10	6.09898731561818E-02	5.3064352920075E-05	1E10	7.4564272912378E-03	1E-30	3.09180039785511E-11	3.59607587296736E-02	1E-30	2.29731846121464E-10	2.27560925096177E-02	9.79802187005958E-06	4.27204055117724E-11	6.69059717065282E-03	3.73252486312664E-06	5.2693621719413E-11	8.25692755614404E-03	8.4887378284833E-12	1.11878192106544E-10	14.0432863206479	3.16671348630344E-12	1.06773167933131E-10	29.8789070144212	1E10	1E-30	1E-10	1E10	1E-30	1E-10	1E10	1E-30	1E-10	1E10	1E-30	1E-10
41	3.52149758899185E-06	1E10	10638297.8723404	1E-30	1.03700195717208E-10	1E10	1E-30	1E10	3.69271815713202E-03	5.82711251874225E-05	1E10	95.3334857466773	1.33866678423646E-04	1E10	4.20732374012809	1.10162718780796E-04	1E10	0.474737621334609	9.23334264298237E-05	1E10	5.64656323438595E-02	7.70122029796546E-05	1E10	6.72879528187724E-03	1E-30	7.85592277375964E-12	4.03827055602445E-02	1E-30	2.44776036818111E-11	2.54880698993089E-02	1E-30	2.6795064623156E-10	0.022176081885771	1.0209763973308E-05	5.22481644869537E-11	5.90788839216146E-03	6.28632195677368E-06	4.31880840672681E-11	6.03389236823675E-03	1.50390701387538E-11	5.46544286911892E-11	9.30410288226433	1.96353204573038E-12	1.17835382022519E-10	21.348294105419	1E10	1E-30	1E-10	1E10	1E-30	1E-10	1E10	1E-30	1E-10
42	7.47632603097615E-06	1E10	5E6	1E-30	1.36927587566886E-10	1E10	1E-30	1E10	2.77883517994367E-03	3.44155829663454E-04	1E10	10.4595985677657	5.72921718910231E-04	1E10	1.16600902656133	4.16726041488952E-04	1E10	0.251402924790944	3.54838866570284E-04	1E10	3.94947433783931E-02	2.62362667809117E-04	1E10	6.48070444815832E-03	1E-30	9.19723634191623E-12	4.27495331154466E-02	1E-30	4.1274749319598E-11	2.23774659782188E-02	1E-30	2.26288320234083E-10	0.014210657087762	2.29811915045353E-05	6.45787376320102E-11	5.5038058378905E-03	9.34679756505108E-06	7.50542615205685E-11	6.54811473114014E-03	9.88399165093976E-12	7.13372299069772E-11	14.9878510869687	2.9847946046673E-12	8.17239491197592E-11	19.9342062565765	1E10	1E-30	1E-10	1E10	1E-30	1E-10	1E10	1E-30	1E-10
43	7.47632603097615E-06	1E10	5E6	1E-30	1.36927587566886E-10	1E10	1E-30	1E10	2.77883517994367E-03	3.44155829663454E-04	1E10	10.4595985677657	5.72921718910231E-04	1E10	1.16600902656133	4.16726041488952E-04	1E10	0.251402924790944	3.54838866570284E-04	1E10	3.94947433783931E-02	2.62362667809117E-04	1E10	6.48070444815832E-03	1E-30	9.19723634191623E-12	4.27495331154466E-02	1E-30	4.1274749319598E-11	2.23774659782188E-02	1E-30	2.26288320234083E-10	0.014210657087762	2.29811915045353E-05	6.45787376320102E-11	5.5038058378905E-03	9.34679756505108E-06	7.50542615205685E-11	6.54811473114014E-03	9.88399165093976E-12	7.13372299069772E-11	14.9878510869687	2.9847946046673E-12	8.17239491197592E-11	19.9342062565765	1E10	1E-30	1E-10	1E10	1E-30	1E-10	1E10	1E-30	1E-10
44	7.46863845109962E-06	1E10	5E6	1E-30	1.94257179596632E-10	1E10	1E-30	1E10	3.72695447001478E-03	3.13707173443197E-04	1E10	4.28524260372952	2.74866109141037E-04	1E10	1.92013343753217	2.17232833245009E-04	1E10	0.373723656152663	1.80841239389559E-04	1E10	6.55525260613766E-02	1.20901280263635E-04	1E10	1.20924368553005E-02	1E-30	1.62770682993115E-11	7.76976713625009E-02	1E-30	2.55498632052791E-11	0.022309837116575	1E-30	1.72222994312666E-10	1.16176911387267E-02	1E-30	8.85878155408013E-11	7.81149321631336E-03	4.59238110215245E-05	2.79381279777159E-11	3.76874852203617E-03	7.81083670146781E-06	7.80818033408224E-11	5.62927400908617E-03	1.51600223340655E-11	5.29877371807128E-11	6.74751306828169	1E10	1E-30	1E-10	1E10	1E-30	1E-10	1E10	1E-30	1E-10
45	7.46863845109962E-06	1E10	5E6	1E-30	1.94257179596632E-10	1E10	1E-30	1E10	3.72695447001478E-03	3.13707173443197E-04	1E10	4.28524260372952	2.74866109141037E-04	1E10	1.92013343753217	2.17232833245009E-04	1E10	0.373723656152663	1.80841239389559E-04	1E10	6.55525260613766E-02	1.20901280263635E-04	1E10	1.20924368553005E-02	1E-30	1.62770682993115E-11	7.76976713625009E-02	1E-30	2.55498632052791E-11	0.022309837116575	1E-30	1.72222994312666E-10	1.16176911387267E-02	1E-30	8.85878155408013E-11	7.81149321631336E-03	4.59238110215245E-05	2.79381279777159E-11	3.76874852203617E-03	7.81083670146781E-06	7.80818033408224E-11	5.62927400908617E-03	1.51600223340655E-11	5.29877371807128E-11	6.74751306828169	1E10	1E-30	1E-10	1E10	1E-30	1E-10	1E10	1E-30	1E-10
46	7.46863845109962E-06	1E10	5E6	1E-30	1.94257179596632E-10	1E10	1E-30	1E10	3.72695447001478E-03	3.13707173443197E-04	1E10	4.28524260372952	2.74866109141037E-04	1E10	1.92013343753217	2.17232833245009E-04	1E10	0.373723656152663	1.80841239389559E-04	1E10	6.55525260613766E-02	1.20901280263635E-04	1E10	1.20924368553005E-02	1E-30	1.62770682993115E-11	7.76976713625009E-02	1E-30	2.55498632052791E-11	0.022309837116575	1E-30	1.72222994312666E-10	1.16176911387267E-02	1E-30	8.85878155408013E-11	7.81149321631336E-03	4.59238110215245E-05	2.79381279777159E-11	3.76874852203617E-03	7.81083670146781E-06	7.80818033408224E-11	5.62927400908617E-03	1.51600223340655E-11	5.29877371807128E-11	6.74751306828169	1E10	1E-30	1E-10	1E10	1E-30	1E-10	1E10	1E-30	1E-10
47	7.46863845109962E-06	1E10	5E6	1E-30	1.94257179596632E-10	1E10	1E-30	1E10	3.72695447001478E-03	3.13707173443197E-04	1E10	4.28524260372952	2.74866109141037E-04	1E10	1.92013343753217	2.17232833245009E-04	1E10	0.373723656152663	1.80841239389559E-04	1E10	6.55525260613766E-02	1.20901280263635E-04	1E10	1.20924368553005E-02	1E-30	1.62770682993115E-11	7.76976713625009E-02	1E-30	2.55498632052791E-11	0.022309837116575	1E-30	1.72222994312666E-10	1.16176911387267E-02	1E-30	8.85878155408013E-11	7.81149321631336E-03	4.59238110215245E-05	2.79381279777159E-11	3.76874852203617E-03	7.81083670146781E-06	7.80818033408224E-11	5.62927400908617E-03	1.51600223340655E-11	5.29877371807128E-11	6.74751306828169	1E10	1E-30	1E-10	1E10	1E-30	1E-10	1E10	1E-30	1E-10
48	8.64396807519423E-06	1E10	5E6	1E-30	1.11394005688897E-10	1E10	1E-30	1E10	2.17645947494935E-03	3.36639969299376E-04	1E10	16.8862493662379	5.14209781658796E-04	1E10	1.17736500058711	5.77372091169838E-04	1E10	9.22815100259725E-02	5.76829819838496E-04	1E10	8.52653203394635E-03	5.4186943682093E-04	1E10	1.47168165471628E-03	1E-30	9.28128529359551E-12	0.117777567703195	1E-30	3.87426345774131E-11	2.81057112187564E-02	1E-30	3.37699855943766E-10	1.45518867623225E-02	2.14103747422112E-05	6.85231678091408E-11	4.16969124922736E-03	3.41196679186458E-05	2.29554534226158E-11	3.15734102982429E-03	6.71673930723974E-12	8.80762343407376E-11	10.9791890867319	5.19671356008274E-12	6.19882114140255E-11	19.2257220421039	1E10	1E-30	1E-10	1E10	1E-30	1E-10	1E10	1E-30	1E-10
49	8.64396807519423E-06	1E10	5E6	1E-30	1.11394005688897E-10	1E10	1E-30	1E10	2.17645947494935E-03	3.36639969299376E-04	1E10	16.8862493662379	5.14209781658796E-04	1E10	1.17736500058711	5.77372091169838E-04	1E10	9.22815100259725E-02	5.76829819838496E-04	1E10	8.52653203394635E-03	5.4186943682093E-04	1E10	1.47168165471628E-03	1E-30	9.28128529359551E-12	0.117777567703195	1E-30	3.87426345774131E-11	2.81057112187564E-02	1E-30	3.37699855943766E-10	1.45518867623225E-02	2.14103747422112E-05	6.85231678091408E-11	4.16969124922736E-03	3.41196679186458E-05	2.29554534226158E-11	3.15734102982429E-03	6.71673930723974E-12	8.80762343407376E-11	10.9791890867319	5.19671356008274E-12	6.19882114140255E-11	19.2257220421039	1E10	1E-30	1E-10	1E10	1E-30	1E-10	1E10	1E-30	1E-10
50	8.64396807519423E-06	1E10	5E6	1E-30	1.11394005688897E-10	1E10	1E-30	1E10	2.17645947494935E-03	3.36639969299376E-04	1E10	16.8862493662379	5.14209781658796E-04	1E10	1.17736500058711	5.77372091169838E-04	1E10	9.22815100259725E-02	5.76829819838496E-04	1E10	8.52653203394635E-03	5.4186943682093E-04	1E10	1.47168165471628E-03	1E-30	9.28128529359551E-12	0.117777567703195	1E-30	3.87426345774131E-11	2.81057112187564E-02	1E-30	3.37699855943766E-10	1.45518867623225E-02	2.14103747422112E-05	6.85231678091408E-11	4.16969124922736E-03	3.41196679186458E-05	2.29554534226158E-11	3.15734102982429E-03	6.71673930723974E-12	8.80762343407376E-11	10.9791890867319	5.19671356008274E-12	6.19882114140255E-11	19.2257220421039	1E10	1E-30	1E-10	1E10	1E-30	1E-10	1E10	1E-30	1E-10
51	6.20364118143475E-06	1E10	5E6	1E-30	2.11560035268655E-10	1E10	1E-30	1E10	3.35848193553848E-03	1.82879797818583E-04	1E10	13.8845926877144	2.37487526566898E-04	1E10	1.11595758645833	2.36972052434765E-04	1E10	0.14944222364334	2.03668903153175E-04	1E10	2.32341950467396E-02	1.99290173573326E-04	1E10	4.47554865184062E-03	1E-30	1.70420385052416E-11	0.103941398930278	1E-30	3.25772109829171E-11	2.48033453384975E-02	1E-30	2.49134548870628E-10	1.85764384835721E-02	1.84476770147207E-05	6.20159772583415E-11	4.79042835908443E-03	1.22037945087959E-05	4.65135156288786E-11	3.75517267943384E-03	8.90608479355303E-12	7.95813995867585E-11	13.3566214624784	1E10	1E-30	1E-10	1E10	1E-30	1E-10	1E10	1E-30	1E-10	1E10	1E-30	1E-10
52	6.49324097548765E-06	1E10	5E6	1E-30	1.55427376029023E-10	1E10	1E-30	1E10	3.00364498197397E-03	1.15330915062288E-04	1E10	45.9995029681728	1.94376853068533E-04	1E10	1.68935337634228	1.75057562332408E-04	1E10	0.12983129543533	1.35992538301216E-04	1E10	1.20679917185424E-02	5.67687689907015E-04	1E10	2.28689218539411E-04	1E-30	4.1308838026474E-11	3.52989157784337E-02	1E-30	3.29608353997933E-10	1.74654093921253E-02	2.89761046583481E-05	4.14054156513714E-11	4.7559165134683E-03	1.56016623437656E-05	3.94586921141316E-11	4.1646326638558E-03	6.41700244491411E-12	1.03960953996161E-10	10.1198630234957	1E10	1E-30	1E-10	1E10	1E-30	1E-10	1E10	1E-30	1E-10	1E10	1E-30	1E-10	1E10	1E-30	1E-10
53	7.02983359292382E-06	1E10	5E6	1E-30	1.4196683417367E-10	1E10	1E-30	1E10	3.01703862345911E-03	1.74909473447164E-04	1E10	30.3309172749433	1.95995458301862E-04	1E10	2.25408419754476	1.88835701763053E-04	1E10	0.22536426402142	1.55977464017553E-04	1E10	2.57134409572395E-02	1.36542998965587E-04	1E10	3.08787351539332E-03	1E-30	1.55153531188088E-11	0.105401477801608	1E-30	3.92362693944809E-11	0.031434133858281	1E-30	3.62049781575806E-10	1.71368410699017E-02	1.61327166849096E-05	7.22498896914366E-11	4.78187667857789E-03	3.70183259796915E-05	1.70572991220217E-11	2.87992286301857E-03	7.97692963626188E-12	8.67921424480399E-11	10.7065754145284	7.81918836063812E-12	4.01874680266077E-11	17.6380173235002	1E10	1E-30	1E-10	1E10	1E-30	1E-10	1E10	1E-30	1E-10
54	1.70206181946941E-05	1E10	2272727.27272727	1E-30	1.60118967609735E-10	1E10	1E-30	1E10	2.11079627614132E-03	6.67311678709969E-04	1E10	7.95005533244323	7.65010572702281E-04	1E10	0.774178575972406	7.02564852675535E-04	1E10	9.99484689284272E-02	6.44908017255838E-04	1E10	1.24198261841336E-02	6.1912267886041E-04	1E10	1.96857386104605E-03	1E-30	1.61503900270338E-11	5.44233395466582E-02	1E-30	3.6563279134957E-11	2.01523071511049E-02	1E-30	3.36699507653957E-10	0.013386102908596	5.82675704631975E-05	6.4082856801607E-11	3.34594591041664E-03	2.26350936830075E-05	8.31013562570099E-11	3.60655849411557E-03	4.76510898329101E-12	8.45808830670639E-11	14.7265955425725	1E10	1E-30	1E-10	1E10	1E-30	1E-10	1E10	1E-30	1E-10	1E10	1E-30	1E-10
55	1.70206181946941E-05	1E10	2272727	1E-30	1.60118967609735E-10	1E10	1E-30	1E10	2.11079627614132E-03	6.67311678709969E-04	1E10	7.95005533244323	7.65010572702281E-04	1E10	0.774178575972406	7.02564852675535E-04	1E10	9.99484689284272E-02	6.44908017255838E-04	1E10	1.24198261841336E-02	6.1912267886041E-04	1E10	1.96857386104605E-03	1E-30	1.61503900270338E-11	5.44233395466582E-02	1E-30	3.6563279134957E-11	2.01523071511049E-02	1E-30	3.36699507653957E-10	0.013386102908596	5.82675704631975E-05	6.4082856801607E-11	3.34594591041664E-03	2.26350936830075E-05	8.31013562570099E-11	3.60655849411557E-03	4.76510898329101E-12	8.45808830670639E-11	14.7265955425725	1E10	1E-30	1E-10	1E10	1E-30	1E-10	1E10	1E-30	1E-10	1E10	1E-30	1E-10
56	1.70206181946941E-05	1E10	2272727.27272727	1E-30	1.60118967609735E-10	1E10	1E-30	1E10	2.11079627614132E-03	6.67311678709969E-04	1E10	7.95005533244323	7.65010572702281E-04	1E10	0.774178575972406	7.02564852675535E-04	1E10	9.99484689284272E-02	6.44908017255838E-04	1E10	1.24198261841336E-02	6.1912267886041E-04	1E10	1.96857386104605E-03	1E-30	1.61503900270338E-11	5.44233395466582E-02	1E-30	3.6563279134957E-11	2.01523071511049E-02	1E-30	3.36699507653957E-10	0.013386102908596	5.82675704631975E-05	6.4082856801607E-11	3.34594591041664E-03	2.26350936830075E-05	8.31013562570099E-11	3.60655849411557E-03	4.76510898329101E-12	8.45808830670639E-11	14.7265955425725	1E10	1E-30	1E-10	1E10	1E-30	1E-10	1E10	1E-30	1E-10	1E10	1E-30	1E-10
57	1.70206181946941E-05	1E10	2272727.27272727	1E-30	1.60118967609735E-10	1E10	1E-30	1E10	2.11079627614132E-03	6.67311678709969E-04	1E10	7.95005533244323	7.65010572702281E-04	1E10	0.774178575972406	7.02564852675535E-04	1E10	9.99484689284272E-02	6.44908017255838E-04	1E10	1.24198261841336E-02	6.1912267886041E-04	1E10	1.96857386104605E-03	1E-30	1.61503900270338E-11	5.44233395466582E-02	1E-30	3.6563279134957E-11	2.01523071511049E-02	1E-30	3.36699507653957E-10	0.013386102908596	5.82675704631975E-05	6.4082856801607E-11	3.34594591041664E-03	2.26350936830075E-05	8.31013562570099E-11	3.60655849411557E-03	4.76510898329101E-12	8.45808830670639E-11	14.7265955425725	1E10	1E-30	1E-10	1E10	1E-30	1E-10	1E10	1E-30	1E-10	1E10	1E-30	1E-10
58	1.40917781872706E-05	1E10	2272727.27272727	1E-30	1.44402884427854E-10	1E10	1E-30	1E10	2.43411509620605E-03	2.82646161712055E-04	1E10	20.1120242843527	3.84902630116227E-04	1E10	1.39008710077469	3.51860939204947E-04	1E10	0.152264303451313	2.64026861478547E-04	1E10	1.93455168640045E-02	3.46169192297528E-04	1E10	1.96425546520408E-03	1E-30	1.53260508899632E-11	8.38474496894139E-02	1E-30	4.59218726138555E-11	2.50161712470119E-02	1E-30	3.74557763559106E-10	1.39423806435594E-02	3.42719291103712E-05	7.22658032987892E-11	3.39214261636087E-03	7.49901706698171E-05	1.79155717232862E-11	2.21301783778149E-03	1.45144137396443E-11	5.81168965690937E-11	7.85420441248895	8.35274827796604E-12	3.9676379791663E-11	5.39815816019177	1E10	1E-30	1E-10	1E10	1E-30	1E-10	1E10	1E-30	1E-10
59	1.39441251484636E-05	1E10	2272727.27272727	1E-30	1.30172661512533E-10	1E10	1E-30	1E10	2.81801845067039E-03	2.6542413521795E-04	1E10	20.929481329708	3.54791393040171E-04	1E10	1.45815683180724	3.16003064399533E-04	1E10	0.166198562928413	3.14911399192723E-04	1E10	1.69084301993615E-02	3.13809675347496E-04	1E10	3.36686155031175E-03	1E-30	1.23718231688738E-11	7.31389485604995E-02	1E-30	4.63082854379307E-11	2.87097327547524E-02	1E-30	3.31433877402044E-10	1.45365635202233E-02	3.74907156773699E-05	6.72545415576282E-11	2.86463964961862E-03	2.57037368731793E-05	4.9127265826734E-11	2.48387764533566E-03	1.18612944152385E-11	6.41827377143235E-11	8.46753786198698	6.0334156778978E-12	4.8468615374568E-11	23.1179942172767	1E10	1E-30	1E-10	1E10	1E-30	1E-10	1E10	1E-30	1E-10
60	1.70206181946941E-05	1E10	2272727.27272727	1E-30	1.60118967609735E-10	1E10	1E-30	1E10	2.11079627614132E-03	6.67311678709969E-04	1E10	7.95005533244323	7.65010572702281E-04	1E10	0.774178575972406	7.02564852675535E-04	1E10	9.99484689284272E-02	6.44908017255838E-04	1E10	1.24198261841336E-02	6.1912267886041E-04	1E10	1.96857386104605E-03	1E-30	1.61503900270338E-11	5.44233395466582E-02	1E-30	3.6563279134957E-11	2.01523071511049E-02	1E-30	3.36699507653957E-10	0.013386102908596	5.82675704631975E-05	6.4082856801607E-11	3.34594591041664E-03	2.26350936830075E-05	8.31013562570099E-11	3.60655849411557E-03	4.76510898329101E-12	8.45808830670639E-11	14.7265955425725	1E10	1E-30	1E-10	1E10	1E-30	1E-10	1E10	1E-30	1E-10	1E10	1E-30	1E-10
61	1.70206181946941E-05	1E10	2272727.27272727	1E-30	1.60118967609735E-10	1E10	1E-30	1E10	2.11079627614132E-03	6.67311678709969E-04	1E10	7.95005533244323	7.65010572702281E-04	1E10	0.774178575972406	7.02564852675535E-04	1E10	9.99484689284272E-02	6.44908017255838E-04	1E10	1.24198261841336E-02	6.1912267886041E-04	1E10	1.96857386104605E-03	1E-30	1.61503900270338E-11	5.44233395466582E-02	1E-30	3.6563279134957E-11	2.01523071511049E-02	1E-30	3.36699507653957E-10	0.013386102908596	5.82675704631975E-05	6.4082856801607E-11	3.34594591041664E-03	2.26350936830075E-05	8.31013562570099E-11	3.60655849411557E-03	4.76510898329101E-12	8.45808830670639E-11	14.7265955425725	1E10	1E-30	1E-10	1E10	1E-30	1E-10	1E10	1E-30	1E-10	1E10	1E-30	1E-10
62	3.5541710891796E-05	1E10	1063830	1E-30	9.04857635402841E-11	1E10	1E-30	1E10	1.62162590955003E-03	1.31066598487755E-03	1E10	4.04768631439342	1.7537992666447E-03	1E10	0.357408490464943	2.34016983807084E-03	1E10	2.89635089573428E-02	2.97024369739778E-03	1E10	2.18370869515026E-03	1E-30	1.39321221269193E-11	6.33981911682373E-02	1E-30	6.62294829818109E-11	2.53062139900552E-02	1E-30	3.96516162982983E-10	9.41392436564755E-03	3.10667809372998E-05	2.17628070986437E-10	2.50686081548918E-03	2.00479683605214E-11	5.82582949653783E-11	6.41559127048912	2.17444276706716E-12	1.21539714652246E-10	25.8505921212418	1E10	1E-30	1E-10	1E10	1E-30	1E-10	1E10	1E-30	1E-10	1E10	1E-30	1E-10	1E10	1E-30	1E-10
63	3.5541710891796E-05	1E10	1063829.78723404	1E-30	9.04857635402841E-11	1E10	1E-30	1E10	1.62162590955003E-03	1.31066598487755E-03	1E10	4.04768631439342	1.7537992666447E-03	1E10	0.357408490464943	2.34016983807084E-03	1E10	2.89635089573428E-02	2.97024369739778E-03	1E10	2.18370869515026E-03	1E-30	1.39321221269193E-11	6.33981911682373E-02	1E-30	6.62294829818109E-11	2.53062139900552E-02	1E-30	3.96516162982983E-10	9.41392436564755E-03	3.10667809372998E-05	2.17628070986437E-10	2.50686081548918E-03	2.00479683605214E-11	5.82582949653783E-11	6.41559127048912	2.17444276706716E-12	1.21539714652246E-10	25.8505921212418	1E10	1E-30	1E-10	1E10	1E-30	1E-10	1E10	1E-30	1E-10	1E10	1E-30	1E-10	1E10	1E-30	1E-10
END DSCRDATA
