BEGIN DSCRDATA
% INDEX	K01	L01	M01	K02	L02	M02	K03	L03	M03	K04	L04	M04	K05	L05	M05	K06	L06	M06	K07	L07	M07	K08	L08	M08	K09	L09	M09	K10	L10	M10	K11	L11	M11	K12	L12	M12	K13	L13	M13	K14	L14	M14	K15	L15	M15	K16	L16	M16	K17	L17	M17	K18	L18	M18
0	0	0	0	0	0	0	0	0	0	0	0	0	0	0	0	0	0	0	0	0	0	0	0	0	0	0	0	0	0	0	0	0	0	0	0	0	0	0	0	0	0	0	0	0	0	0	0	0	0	0	0	0	0	0
1	3.98314911665676E-09	1E10	1E11	1E-30	9.82988778069769E-12	1E10	1E-30	1E10	7.73625355520994E-03	1E-30	1.03506622714931E-10	0.504162234992112	1E-30	8.03835998119178E-11	1.75546361945597E-02	1E-30	2.06135339484804E-10	3.90336094350128E-03	1.85149140733624E-08	3.88203148325997E-11	0.308536987364488	4.74620652592302E-09	5.00389711464382E-11	0.461569066416611	8.02247695758659E-13	5.82927296395399E-10	931.441561121741	1E10	1E-30	1E-10	1E10	1E-30	1E-10	1E10	1E-30	1E-10	1E10	1E-30	1E-10	1E10	1E-30	1E-10	1E10	1E-30	1E-10	1E10	1E-30	1E-10	1E10	1E-30	1E-10	1E10	1E-30	1E-10
2	4.67184058853517E-09	1E10	1E11	1E-30	6.50264412931278E-11	1E10	1E-30	1E10	8.82369474221437E-03	1E-30	1.28988584436716E-10	0.456241434695	1E-30	1.10509801309854E-10	0.014437362169429	2.52103173567685E-08	3.45209761936377E-11	0.285057032025913	6.69534749873601E-09	4.48626673129992E-11	0.39856585802266	7.43190294131319E-08	2.08440637316506E-12	1.68158706367561E-02	8.56143699144484E-09	9.6735657390615E-12	0.103924072884362	9.74542589041189E-13	3.84964351103481E-10	19952623.1496888	2.76929263567536E-12	1.07332212074663E-10	27.6006264410461	1E10	1E-30	1E-10	1E10	1E-30	1E-10	1E10	1E-30	1E-10	1E10	1E-30	1E-10	1E10	1E-30	1E-10	1E10	1E-30	1E-10	1E10	1E-30	1E-10
3	5.69665985436102E-09	1E10	1E11	1E-30	6.61177930640679E-11	1E10	1E-30	1E10	8.22339444715536E-03	1E-30	1.32041355511781E-10	0.427287533291844	1E-30	7.94119378508092E-11	0.012924675608527	2.52361243538405E-08	4.36479746898484E-11	0.36611687554959	7.85422728305512E-09	5.25567815496517E-11	0.53007715748465	9.49853782904669E-13	4.43474035508886E-10	207.516884660958	1E10	1E-30	1E-10	1E10	1E-30	1E-10	1E10	1E-30	1E-10	1E10	1E-30	1E-10	1E10	1E-30	1E-10	1E10	1E-30	1E-10	1E10	1E-30	1E-10	1E10	1E-30	1E-10	1E10	1E-30	1E-10	1E10	1E-30	1E-10
4	6.73375292911126E-09	1E10	1E11	1E-30	5E-11	1E10	1E-30	1E10	9.56674840073799E-03	1E-30	1.11293579597581E-10	0.319700659502384	1E-30	1.31637077439468E-10	1.23638540543121E-02	3.37631759105404E-08	3.53345769651841E-11	0.172489979228547	8.3420296281503E-09	4.63982402444794E-11	0.331760758945838	1.30481359215064E-07	1.69625261720308E-12	1.04790106051987E-02	1.03175724971521E-08	9.94614205234017E-12	0.089885778848933	8.81356955577798E-13	5.96389156936432E-10	1E3	1E10	1E-30	1E-10	1E10	1E-30	1E-10	1E10	1E-30	1E-10	1E10	1E-30	1E-10	1E10	1E-30	1E-10	1E10	1E-30	1E-10	1E10	1E-30	1E-10	1E10	1E-30	1E-10
5	8.1184779473708E-09	1E10	1E11	1E-30	3.1311748999233E-11	1E10	1E-30	1E10	6.88380591154478E-03	1E-30	1.85957910749359E-11	0.497469051549517	1E-30	1.15123004914301E-10	0.275065129764412	1E-30	4.31729168743043E-11	7.17261556793779E-03	1E-30	1.41239381618484E-10	4.97066177573098E-03	4.68503554819378E-08	3.19918043709342E-11	0.201841765078281	1.14268769175691E-08	4.74077704077375E-11	0.321604038141126	7.65387192713374E-13	5.60829961331278E-10	641.533413468146	1E10	1E-30	1E-10	1E10	1E-30	1E-10	1E10	1E-30	1E-10	1E10	1E-30	1E-10	1E10	1E-30	1E-10	1E10	1E-30	1E-10	1E10	1E-30	1E-10	1E10	1E-30	1E-10
6	9.9849108446851E-09	1E10	1E11	1E-30	1.14815362149688E-10	1E10	1E-30	1E10	7.67348990277467E-03	1E-30	1.2273486445819E-10	0.353585684282677	1E-30	1.01406840470333E-10	1.21700295814098E-02	4.35060008152355E-08	4.53481034765056E-11	0.198178054848628	1.14747326463176E-08	6.5126522914993E-11	0.313607712761257	9.30249960812446E-08	4.0614054651101E-12	2.31088718581928E-02	9.06489100850352E-09	2.3264947816229E-11	0.147725952954661	1.28254281302876E-12	3.51681453916617E-10	1E5	7.16052264284051E-12	6.17391202129215E-11	14.5256781811677	1E10	1E-30	1E-10	1E10	1E-30	1E-10	1E10	1E-30	1E-10	1E10	1E-30	1E-10	1E10	1E-30	1E-10	1E10	1E-30	1E-10	1E10	1E-30	1E-10
7	1.78791625334698E-08	1E10	55555555555.5555	1E-30	4.79894020498907E-11	1E10	1E-30	1E10	6.36746896144721E-03	1E-30	2.83986342952283E-11	1.09696022126129	1E-30	1.01631323962681E-10	0.181300349283655	1E-30	5.18907858102965E-11	7.67729518298934E-03	1E-30	1.81969361137384E-10	2.92165426334501E-03	8.58996822799708E-08	2.98516119086691E-11	0.15729155231111	1.76133184259806E-08	5.80238264055052E-11	0.234708824656028	8.4624786270364E-13	4.64300910541929E-10	1175.15358303259	1E10	1E-30	1E-10	1E10	1E-30	1E-10	1E10	1E-30	1E-10	1E10	1E-30	1E-10	1E10	1E-30	1E-10	1E10	1E-30	1E-10	1E10	1E-30	1E-10	1E10	1E-30	1E-10
8	2.20074261003029E-08	1E10	45454545454.5454	1E-30	5E-11	1E10	1E-30	1E10	6.49150591896176E-03	1E-30	1.24702076158049E-10	0.20447141241022	1E-30	1.00537181245879E-11	0.165140398755697	1E-30	7.77389478153987E-11	6.57345064054605E-03	7.51634667519245E-08	4.7182439888196E-11	0.179724142332438	2.55091160524381E-08	5.57056654371643E-11	0.252439735403556	9.33048511269597E-08	6.8653020799212E-12	3.04711876143346E-02	3.45966283696835E-08	1.12466997754271E-11	6.19890003138225E-02	8.75319163209823E-13	4.28939880231429E-10	1E3	1E10	1E-30	1E-10	1E10	1E-30	1E-10	1E10	1E-30	1E-10	1E10	1E-30	1E-10	1E10	1E-30	1E-10	1E10	1E-30	1E-10	1E10	1E-30	1E-10
9	5.61409867686096E-08	1E10	17857142857.1428	1E-30	1.36460309991072E-11	1E10	1E-30	1E10	3.43864912632352E-03	1E-30	1.80428932316438E-10	0.128110821192566	1E-30	5.956919719896E-12	3.28652360532458E-02	1E-30	1.86904312814111E-10	3.16248705971886E-03	2.36854240310148E-07	5.8722653062246E-11	0.211973981939148	8.92799486692061E-08	7.00889758401351E-11	0.191720581140675	1.47106565018571E-07	2.12251144291185E-11	6.25944706864647E-02	1.13890362788336E-07	1.68539826374693E-11	7.15516302316418E-02	9.38891052178096E-13	5.28905227540889E-10	776.015868293702	1E10	1E-30	1E-10	1E10	1E-30	1E-10	1E10	1E-30	1E-10	1E10	1E-30	1E-10	1E10	1E-30	1E-10	1E10	1E-30	1E-10	1E10	1E-30	1E-10
10	6.66091395823751E-08	1E10	14705882352.9411	1E-30	2.87719968668578E-12	1E10	1E-30	1E10	3.97092137895783E-03	1E-30	1.60843786193489E-11	0.279469933465643	1E-30	1.83369567449457E-10	0.130662835427741	1E-30	2.89253145898607E-11	6.1647356837128E-03	2.14081462897975E-07	7.46633654030186E-11	0.168223754140346	8.34202610831102E-08	8.56357137571781E-11	0.192359032129212	2.68465655505875E-07	1.30648800466815E-11	3.28835530269454E-02	1.21159541777141E-07	1.83970816473917E-11	5.41525546751292E-02	2.22771539517636E-07	5.07741318406849E-12	1.86935359717998E-02	7.40971522244991E-13	4.93891414355161E-10	724.435960074989	1E10	1E-30	1E-10	1E10	1E-30	1E-10	1E10	1E-30	1E-10	1E10	1E-30	1E-10	1E10	1E-30	1E-10	1E10	1E-30	1E-10
11	8.16541884140886E-08	1E10	12195121951.2195	1E-30	1.60115685357522E-10	1E10	1E-30	1E10	3.14364297623895E-03	1E-30	1.92370819842392E-10	0.147181419220277	1E-30	1.69394651953403E-10	2.86921088243845E-03	2.22524165065042E-07	9.69449084487279E-11	0.218246717165694	1.26489769158153E-07	8.03129600086552E-11	0.194810076579857	2.25966908242449E-07	2.30943801726166E-11	6.90131893766328E-02	1.30481963672125E-07	2.61273916724636E-11	8.41088073995162E-02	1.33076453279973E-12	2.96107364017917E-10	199.658283172746	1E10	1E-30	1E-10	1E10	1E-30	1E-10	1E10	1E-30	1E-10	1E10	1E-30	1E-10	1E10	1E-30	1E-10	1E10	1E-30	1E-10	1E10	1E-30	1E-10	1E10	1E-30	1E-10
12	9.7459746921477E-08	1E10	1E10	1E-30	2.30056852739901E-11	1E10	1E-30	1E10	3.57228952921169E-03	1E-30	1.815743506056E-11	0.243403474032689	1E-30	1.72553795710638E-10	0.128396832093746	1E-30	4.95274182724938E-11	1.19930284636587E-02	2.05877714176048E-07	1.26177330626046E-10	0.190264856163632	1.87132306963083E-07	6.52642246579545E-11	0.177698638527334	5.49383061133354E-07	1.18365012411283E-11	5.06674943962252E-02	1.38499273067394E-07	2.97907021113181E-11	5.84823908735481E-02	1.34611783972867E-07	1.69872028516208E-11	3.93030871995721E-02	8.47247081156451E-13	4.01497074448984E-10	501.187233627272	1E10	1E-30	1E-10	1E10	1E-30	1E-10	1E10	1E-30	1E-10	1E10	1E-30	1E-10	1E10	1E-30	1E-10	1E10	1E-30	1E-10
13	9.7459746921477E-08	1E10	1E10	1E-30	2.30056852739901E-11	1E10	1E-30	1E10	3.57228952921169E-03	1E-30	1.815743506056E-11	0.243403474032689	1E-30	1.72553795710638E-10	0.128396832093746	1E-30	4.95274182724938E-11	1.19930284636587E-02	2.05877714176048E-07	1.26177330626046E-10	0.190264856163632	1.87132306963083E-07	6.52642246579545E-11	0.177698638527334	5.49383061133354E-07	1.18365012411283E-11	5.06674943962252E-02	1.38499273067394E-07	2.97907021113181E-11	5.84823908735481E-02	1.34611783972867E-07	1.69872028516208E-11	3.93030871995721E-02	8.47247081156451E-13	4.01497074448984E-10	501.187233627272	1E10	1E-30	1E-10	1E10	1E-30	1E-10	1E10	1E-30	1E-10	1E10	1E-30	1E-10	1E10	1E-30	1E-10	1E10	1E-30	1E-10
14	9.99999999999999E-08	1E10	1E10	1E-30	3.49401482097393E-10	1E10	1E-30	1E10	3.77380449033212E-03	1E-30	1.8051759148578E-11	0.872889612313772	1E-30	7.63216579318198E-11	0.127879733569558	1E-30	1.85944055992507E-10	4.92461421563668E-03	3.07294802669841E-07	7.94979567815224E-11	0.109022797618585	1.08139125757637E-07	9.67886185653627E-11	0.143657645785147	3.04979931873092E-07	1.74753818098258E-11	3.18246185018493E-02	1.09029403932752E-07	2.82119388039405E-11	0.060753484977106	5.69998751618704E-08	2.62137163152072E-11	0.045587695436965	4.15355793679458E-08	1.6317892833403E-11	3.78528481944202E-02	1.14456234659465E-12	2.42828296903024E-10	235.273427186487	1E10	1E-30	1E-10	1E10	1E-30	1E-10	1E10	1E-30	1E-10	1E10	1E-30	1E-10	1E10	1E-30	1E-10
15	1.20665447526329E-07	1E10	8333333333.33333	1E-30	1.42419485982465E-10	1E10	1E-30	1E10	2.2757090142359E-03	1E-30	2.22608356062233E-10	0.101271760834755	1E-30	7.52370900788907E-11	1.6421973307782E-03	1E-30	5.12310717601942E-10	1.31339759276147E-03	4.00470073462449E-07	7.8286699270657E-11	0.135108991642777	2.01877220165362E-07	7.30215725296411E-11	0.132712025945151	7.99793637163042E-07	9.30507735641792E-12	3.22236248131452E-02	3.29654494566614E-07	1.48037516576151E-11	5.04495471571915E-02	8.28324475235329E-13	4.20383240720417E-10	199.526231496888	1E10	1E-30	1E-10	1E10	1E-30	1E-10	1E10	1E-30	1E-10	1E10	1E-30	1E-10	1E10	1E-30	1E-10	1E10	1E-30	1E-10	1E10	1E-30	1E-10
16	1.20665447526329E-07	1E10	8333333333.33333	1E-30	1.42419485982465E-10	1E10	1E-30	1E10	2.2757090142359E-03	1E-30	2.22608356062233E-10	0.101271760834755	1E-30	7.52370900788907E-11	1.6421973307782E-03	1E-30	5.12310717601942E-10	1.31339759276147E-03	4.00470073462449E-07	7.8286699270657E-11	0.135108991642777	2.01877220165362E-07	7.30215725296411E-11	0.132712025945151	7.99793637163042E-07	9.30507735641792E-12	3.22236248131452E-02	3.29654494566614E-07	1.48037516576151E-11	5.04495471571915E-02	8.28324475235329E-13	4.20383240720417E-10	199.526231496888	1E10	1E-30	1E-10	1E10	1E-30	1E-10	1E10	1E-30	1E-10	1E10	1E-30	1E-10	1E10	1E-30	1E-10	1E10	1E-30	1E-10	1E10	1E-30	1E-10
17	9.49691451876119E-07	1E10	5E7	1E-30	7.28520981351382E-11	1E10	1E-30	1E10	7.57821791935201E-03	1.00060999964581E-04	1E10	7.55140800118019	1.30113023280393E-04	1E10	0.412419051842349	8.48358986734973E-05	1E10	7.15061293969125E-02	7.25030466124676E-05	1E10	9.58198226028601E-03	1E-30	2.70194260931972E-11	6.81556002716157E-02	1E-30	2.50085514963E-10	4.42960843476024E-02	5.6940430973954E-06	3.15126237323128E-11	7.70976551624244E-03	1.17464783070042E-06	6.40674459013559E-11	1.40139414633768E-02	2.21708837279084E-11	9.67448263978873E-11	6.40459978609981	1.22506480897362E-12	3.39712670237903E-10	135.168839760922	1E10	1E-30	1E-10	1E10	1E-30	1E-10	1E10	1E-30	1E-10	1E10	1E-30	1E-10	1E10	1E-30	1E-10
18	1.48052312032167E-06	1E10	33333333.3333333	1E-30	7.00007448443245E-11	1E10	1E-30	1E10	5.77584478992805E-03	3.05621565115796E-04	1E10	6.33058535611823	2.22530516347408E-04	1E10	1.49664572830301	1.81632975423599E-04	1E10	0.27347040025445	1.60049208083583E-04	1E10	4.05259549009171E-02	1.28972159187158E-04	1E10	6.67802057355408E-03	1E-30	3.49850026649267E-11	3.64605898380959E-02	1E-30	2.36455498258591E-10	3.40174251753379E-02	6.4482422585699E-06	4.82381493701482E-11	9.03293973386699E-03	1.81565331833979E-06	7.32773390332091E-11	1.44947621307329E-02	1.97010957185641E-11	1.02093032979026E-10	9.03918504164112	1.39289387711264E-12	3.77903094962762E-10	102.9293474654	1E10	1E-30	1E-10	1E10	1E-30	1E-10	1E10	1E-30	1E-10	1E10	1E-30	1E-10
19	1.48052312032167E-06	1E10	33333333.3333333	1E-30	7.00007448443245E-11	1E10	1E-30	1E10	5.77584478992805E-03	3.05621565115796E-04	1E10	6.33058535611823	2.22530516347408E-04	1E10	1.49664572830301	1.81632975423599E-04	1E10	0.27347040025445	1.60049208083583E-04	1E10	4.05259549009171E-02	1.28972159187158E-04	1E10	6.67802057355408E-03	1E-30	3.49850026649267E-11	3.64605898380959E-02	1E-30	2.36455498258591E-10	3.40174251753379E-02	6.4482422585699E-06	4.82381493701482E-11	9.03293973386699E-03	1.81565331833979E-06	7.32773390332091E-11	1.44947621307329E-02	1.97010957185641E-11	1.02093032979026E-10	9.03918504164112	1.39289387711264E-12	3.77903094962762E-10	102.9293474654	1E10	1E-30	1E-10	1E10	1E-30	1E-10	1E10	1E-30	1E-10	1E10	1E-30	1E-10
20	1.42432296311121E-06	1E10	33333333.3333333	1E-30	1.24921017953962E-10	1E10	1E-30	1E10	6.16513904196094E-03	1.88225281213316E-04	1E10	2.81300849733085	1.84164720515778E-04	1E10	0.299219469561534	1.49660188881245E-04	1E10	4.72349729588945E-02	1.19758533258529E-04	1E10	7.87981275805904E-03	1E-30	2.74048639219214E-10	3.18172658958361E-02	1E-30	3.24294497407226E-11	2.47781726231359E-02	6.80791163026452E-06	4.77289454011817E-11	8.93952948441828E-03	2.13928146380881E-06	6.27084804645568E-11	1.08043148680506E-02	2.73269662726326E-11	9.75351424690073E-11	7.22349806060583	1.55516718639345E-12	4.11635563217914E-10	63.0764640839173	1E10	1E-30	1E-10	1E10	1E-30	1E-10	1E10	1E-30	1E-10	1E10	1E-30	1E-10	1E10	1E-30	1E-10
21	1.48052312032167E-06	1E10	33333333.3333333	1E-30	7.00007448443245E-11	1E10	1E-30	1E10	5.77584478992805E-03	3.05621565115796E-04	1E10	6.33058535611823	2.22530516347408E-04	1E10	1.49664572830301	1.81632975423599E-04	1E10	0.27347040025445	1.60049208083583E-04	1E10	4.05259549009171E-02	1.28972159187158E-04	1E10	6.67802057355408E-03	1E-30	3.49850026649267E-11	3.64605898380959E-02	1E-30	2.36455498258591E-10	3.40174251753379E-02	6.4482422585699E-06	4.82381493701482E-11	9.03293973386699E-03	1.81565331833979E-06	7.32773390332091E-11	1.44947621307329E-02	1.97010957185641E-11	1.02093032979026E-10	9.03918504164112	1.39289387711264E-12	3.77903094962762E-10	102.9293474654	1E10	1E-30	1E-10	1E10	1E-30	1E-10	1E10	1E-30	1E-10	1E10	1E-30	1E-10
22	1.48052312032167E-06	1E10	33333333.3333333	1E-30	7.00007448443245E-11	1E10	1E-30	1E10	5.77584478992805E-03	3.05621565115796E-04	1E10	6.33058535611823	2.22530516347408E-04	1E10	1.49664572830301	1.81632975423599E-04	1E10	0.27347040025445	1.60049208083583E-04	1E10	4.05259549009171E-02	1.28972159187158E-04	1E10	6.67802057355408E-03	1E-30	3.49850026649267E-11	3.64605898380959E-02	1E-30	2.36455498258591E-10	3.40174251753379E-02	6.4482422585699E-06	4.82381493701482E-11	9.03293973386699E-03	1.81565331833979E-06	7.32773390332091E-11	1.44947621307329E-02	1.97010957185641E-11	1.02093032979026E-10	9.03918504164112	1.39289387711264E-12	3.77903094962762E-10	102.9293474654	1E10	1E-30	1E-10	1E10	1E-30	1E-10	1E10	1E-30	1E-10	1E10	1E-30	1E-10
23	1.43689539836225E-06	1E10	33333333.3333333	1E-30	9.24732636283621E-11	1E10	1E-30	1E10	6.85385311877596E-03	3.40978994619425E-04	1E10	11.0570298823351	2.90864202213644E-04	1E10	2.31719615013484	1.84769172395805E-04	1E10	0.523810275841513	1.70293607479671E-04	1E10	7.02642926866333E-02	1.09996602037533E-04	1E10	1.22179801523712E-02	1E-30	1.90462044785586E-10	3.78915755582142E-02	1E-30	2.36334935886059E-11	2.63314899223372E-02	4.99463026561876E-06	6.37972680752499E-11	9.98321910855511E-03	1.27618983209315E-06	1.00176666311275E-10	1.55119523618765E-02	1.95295849877958E-11	1.30599651574276E-10	8.9326597132294	1.71425872653807E-12	4.16507773541379E-10	67.6684321232	1E10	1E-30	1E-10	1E10	1E-30	1E-10	1E10	1E-30	1E-10	1E10	1E-30	1E-10
24	2.13657534040632E-06	1E10	22727272.7272727	1E-30	4.3030406165837E-11	1E10	1E-30	1E10	4.09513320863086E-03	4.56662047678128E-04	1E10	5.45485432665835	4.28560554458189E-04	1E10	0.844856903487511	2.95420410027686E-04	1E10	0.176311887607005	2.52774630652513E-04	1E10	2.75496853350746E-02	1.79372801464271E-04	1E10	4.71868548407616E-03	1E-30	2.33259934564765E-11	5.92982680728119E-02	1E-30	3.38148125710106E-10	0.033346045888094	1E-30	1.90177742489283E-11	1.67146407509991E-02	5.97612734869064E-06	9.74386285868665E-11	1.56657563163292E-02	3.54682320407289E-06	7.24308876040622E-11	1.44750108108678E-02	2.68195103485998E-11	4.31497393856234E-11	3.91146358524785	1.06103295394596E-12	3.22785849970042E-10	149.999999999999	1E10	1E-30	1E-10	1E10	1E-30	1E-10	1E10	1E-30	1E-10
25	2.13657534040632E-06	1E10	22727272.7272727	1E-30	4.3030406165837E-11	1E10	1E-30	1E10	4.09513320863086E-03	4.56662047678128E-04	1E10	5.45485432665835	4.28560554458189E-04	1E10	0.844856903487511	2.95420410027686E-04	1E10	0.176311887607005	2.52774630652513E-04	1E10	2.75496853350746E-02	1.79372801464271E-04	1E10	4.71868548407616E-03	1E-30	2.33259934564765E-11	5.92982680728119E-02	1E-30	3.38148125710106E-10	0.033346045888094	1E-30	1.90177742489283E-11	1.67146407509991E-02	5.97612734869064E-06	9.74386285868665E-11	1.56657563163292E-02	3.54682320407289E-06	7.24308876040622E-11	1.44750108108678E-02	2.68195103485998E-11	4.31497393856234E-11	3.91146358524785	1.06103295394596E-12	3.22785849970042E-10	149.999999999999	1E10	1E-30	1E-10	1E10	1E-30	1E-10	1E10	1E-30	1E-10
26	2.10142189951508E-06	1E10	22727272.7272727	1E-30	5.36329694682952E-11	1E10	1E-30	1E10	3.96892547802549E-03	8.86666362267027E-05	1E10	77.0794565702092	2.33084757125981E-04	1E10	1.46667917470009	2.26704646206368E-04	1E10	0.144268590781339	2.00636108537415E-04	1E10	1.62656738128137E-02	1.18521370094443E-04	1E10	2.55023676427027E-03	1E-30	1.68197245786608E-11	7.24401706545842E-02	1E-30	4.68700070038327E-11	3.64993612547659E-02	1E-30	3.88916262235617E-10	3.35245204594834E-02	5.49594372503083E-06	8.68905288282578E-11	1.33918676221666E-02	3.32976331183919E-06	6.45127086893423E-11	1.07103058709001E-02	3.02710071007782E-11	6.06229802628629E-11	3.05552444903663	1.35570595630386E-12	2.97399103296817E-10	136.431808587323	1E10	1E-30	1E-10	1E10	1E-30	1E-10	1E10	1E-30	1E-10
27	3.20449590665959E-06	1E10	15151515.1515151	1E-30	1.22900403454603E-10	1E10	1E-30	1E10	4.32974152353749E-03	7.28471555801123E-04	1E10	6.26644447190179	7.67453228583638E-04	1E10	0.89793050475744	4.63611419050584E-04	1E10	0.247837351275771	4.29408426131584E-04	1E10	0.036255680135527	2.47133183130582E-04	1E10	5.9593293496377E-03	1E-30	5.13852044777746E-11	0.043699948724225	1E-30	3.71338339756121E-10	2.40477702880836E-02	1.97355738049652E-05	4.4617045534374E-11	5.57826393927539E-03	7.25085943740137E-06	5.13313808786059E-11	6.75917736277277E-03	3.14803966630168E-11	7.06298306488326E-11	6.98824470784063	1.38241079114624E-12	4.29959543850035E-10	57.9352216561365	1E10	1E-30	1E-10	1E10	1E-30	1E-10	1E10	1E-30	1E-10	1E10	1E-30	1E-10
28	4.47569617231074E-06	1E10	10638297.8723404	1E-30	1.93991770484789E-11	1E10	1E-30	1E10	3.31833422754053E-03	8.72425837527399E-04	1E10	4.09206188073937	8.77894674098662E-04	1E10	0.59614641698509	7.82120614826947E-04	1E10	0.122736923038193	7.7357358391227E-04	1E10	2.87223824455837E-02	6.67475913686692E-04	1E10	7.55813298069903E-03	6.54154073635059E-04	1E10	1.57459938351664E-03	1E-30	1.29002437340057E-11	8.10546218885403E-02	1E-30	5.3355086295361E-11	3.72488771415901E-02	1E-30	3.81268685734112E-10	2.11430918415674E-02	1.37592347365342E-05	8.90646789503145E-11	8.26224018888507E-03	7.9103207484857E-06	7.18784099321181E-11	7.738426998987E-3	1.46287891149487E-11	7.85634042726461E-11	5.43978527003506	9.94718394324346E-13	3.52453853213886E-10	160	1E10	1E-30	1E-10	1E10	1E-30	1E-10
29	4.47569617231074E-06	1E10	10638297.8723404	1E-30	1.93991770484789E-11	1E10	1E-30	1E10	3.31833422754053E-03	8.72425837527399E-04	1E10	4.09206188073937	8.77894674098662E-04	1E10	0.59614641698509	7.82120614826947E-04	1E10	0.122736923038193	7.7357358391227E-04	1E10	2.87223824455837E-02	6.67475913686692E-04	1E10	7.55813298069903E-03	6.54154073635059E-04	1E10	1.57459938351664E-03	1E-30	1.29002437340057E-11	8.10546218885403E-02	1E-30	5.3355086295361E-11	3.72488771415901E-02	1E-30	3.81268685734112E-10	2.11430918415674E-02	1.37592347365342E-05	8.90646789503145E-11	8.26224018888507E-03	7.9103207484857E-06	7.18784099321181E-11	7.738426998987E-3	1.46287891149487E-11	7.85634042726461E-11	5.43978527003506	9.94718394324346E-13	3.52453853213886E-10	160	1E10	1E-30	1E-10	1E10	1E-30	1E-10
30	4.47569617231074E-06	1E10	10638297.8723404	1E-30	1.93991770484789E-11	1E10	1E-30	1E10	3.31833422754053E-03	8.72425837527399E-04	1E10	4.09206188073937	8.77894674098662E-04	1E10	0.59614641698509	7.82120614826947E-04	1E10	0.122736923038193	7.7357358391227E-04	1E10	2.87223824455837E-02	6.67475913686692E-04	1E10	7.55813298069903E-03	6.54154073635059E-04	1E10	1.57459938351664E-03	1E-30	1.29002437340057E-11	8.10546218885403E-02	1E-30	5.3355086295361E-11	3.72488771415901E-02	1E-30	3.81268685734112E-10	2.11430918415674E-02	1.37592347365342E-05	8.90646789503145E-11	8.26224018888507E-03	7.9103207484857E-06	7.18784099321181E-11	7.738426998987E-3	1.46287891149487E-11	7.85634042726461E-11	5.43978527003506	9.94718394324346E-13	3.52453853213886E-10	160	1E10	1E-30	1E-10	1E10	1E-30	1E-10
31	4.47569617231074E-06	1E10	10638297.8723404	1E-30	1.93991770484789E-11	1E10	1E-30	1E10	3.31833422754053E-03	8.72425837527399E-04	1E10	4.09206188073937	8.77894674098662E-04	1E10	0.59614641698509	7.82120614826947E-04	1E10	0.122736923038193	7.7357358391227E-04	1E10	2.87223824455837E-02	6.67475913686692E-04	1E10	7.55813298069903E-03	6.54154073635059E-04	1E10	1.57459938351664E-03	1E-30	1.29002437340057E-11	8.10546218885403E-02	1E-30	5.3355086295361E-11	3.72488771415901E-02	1E-30	3.81268685734112E-10	2.11430918415674E-02	1.37592347365342E-05	8.90646789503145E-11	8.26224018888507E-03	7.9103207484857E-06	7.18784099321181E-11	7.738426998987E-3	1.46287891149487E-11	7.85634042726461E-11	5.43978527003506	9.94718394324346E-13	3.52453853213886E-10	160	1E10	1E-30	1E-10	1E10	1E-30	1E-10
32	4.47569617231074E-06	1E10	10638297.8723404	1E-30	1.93991770484789E-11	1E10	1E-30	1E10	3.31833422754053E-03	8.72425837527399E-04	1E10	4.09206188073937	8.77894674098662E-04	1E10	0.59614641698509	7.82120614826947E-04	1E10	0.122736923038193	7.7357358391227E-04	1E10	2.87223824455837E-02	6.67475913686692E-04	1E10	7.55813298069903E-03	6.54154073635059E-04	1E10	1.57459938351664E-03	1E-30	1.29002437340057E-11	8.10546218885403E-02	1E-30	5.3355086295361E-11	3.72488771415901E-02	1E-30	3.81268685734112E-10	2.11430918415674E-02	1.37592347365342E-05	8.90646789503145E-11	8.26224018888507E-03	7.9103207484857E-06	7.18784099321181E-11	7.738426998987E-3	1.46287891149487E-11	7.85634042726461E-11	5.43978527003506	9.94718394324346E-13	3.52453853213886E-10	160	1E10	1E-30	1E-10	1E10	1E-30	1E-10
33	4.59619207945641E-06	1E10	10638297.8723404	1E-30	1.16704882183219E-11	1E10	1E-30	1E10	3.15810770614114E-03	6.60421317063429E-04	1E10	6.55603830308074	9.2491529066322E-04	1E10	1.01621369519032	7.02412406410645E-04	1E10	0.283271693315757	5.69834059347927E-04	1E10	5.63603508378905E-02	7.81542723688653E-04	1E10	7.07778560586631E-03	4.82098075507591E-04	1E10	2.68976742387568E-03	1E-30	1.27199365935653E-11	3.91439650331237E-02	1E-30	4.14431228298011E-11	2.89327578275383E-02	1E-30	3.68159344516114E-10	2.18762655749029E-02	1.56005270763002E-05	8.52232499241771E-11	8.45887987993071E-03	6.66235388552346E-06	9.04815203397204E-11	8.91769111552929E-03	1.87578651470759E-11	6.5172908500186E-11	4.46563395489107	9.94718394324347E-13	3.78714915150257E-10	160	1E10	1E-30	1E-10	1E10	1E-30	1E-10
34	5.07829166660312E-06	1E10	7352941.17647058	1E-30	9.47824146273076E-11	1E10	1E-30	1E10	4.07019276460444E-03	1.67581681623134E-04	1E10	26.9446367330453	1.69018490723051E-04	1E10	2.88576893835309	1.4198357512209E-04	1E10	0.411362271808913	1.14178266543797E-04	1E10	0.056853984467718	9.36344334420479E-05	1E10	8.12880160548595E-03	1E-30	1.70878074226661E-11	8.78384265849202E-02	1E-30	5.30372975951348E-11	4.98202847176217E-02	1E-30	3.16428962059959E-10	2.51510947864079E-02	1.50365396223111E-05	7.33683039862643E-11	6.43817683690824E-03	5.65083741041495E-06	8.80320060863477E-11	8.45694103947902E-03	1.52567479035553E-11	5.41738270196745E-11	10.6552767375779	1.51522925580855E-12	2.45893592419631E-10	101.292975258386	1E10	1E-30	1E-10	1E10	1E-30	1E-10	1E10	1E-30	1E-10
35	5.00652322588199E-06	1E10	7352941.17647058	1E-30	7.56968058376254E-11	1E10	1E-30	1E10	4.93731310469277E-03	1.84061040572092E-04	1E10	20.9732624440916	1.85509652660819E-04	1E10	2.71509408867182	1.56894188483586E-04	1E10	0.40937807361689	1.27641351020384E-04	1E10	6.40254971562598E-02	9.50239636118996E-05	1E10	1.04895814987116E-02	1E-30	2.91153675901769E-11	9.53663517216857E-02	1E-30	5.34808724896031E-11	3.94245308919784E-02	1E-30	2.75358514705327E-10	2.44882059751887E-02	2.57946608752348E-05	3.95287509765258E-11	4.87089569182049E-03	4.49326620038919E-06	1.03320103134105E-10	8.88568550641228E-03	1.48474161994656E-11	7.03294315892924E-11	6.87527679993682	1.52661804367379E-12	2.40776813061041E-10	108.870707017983	1E10	1E-30	1E-10	1E10	1E-30	1E-10	1E10	1E-30	1E-10
36	9.52011660808367E-06	1E10	5E6	1E-30	2.38263125565529E-10	1E10	1E-30	1E10	2.5623489029784E-03	1.24502334694982E-03	1E10	2.63754927151328	1.71222775823363E-03	1E10	0.376039805101243	1.17178552615477E-03	1E10	8.46475584344298E-02	1.28574614035588E-03	1E10	1.11795003247984E-02	1.10082942725792E-03	1E10	2.0694626454789E-03	1E-30	2.31200917304396E-11	7.11491016957397E-02	1E-30	6.45957997433965E-11	2.71732533783825E-02	1E-30	4.77748487458843E-10	1.79116947610154E-02	2.96156999014426E-05	1.06620073244687E-10	5.48157607548943E-03	1.77531484815462E-05	8.05417318778983E-11	5.09650249494455E-03	2.3220263905818E-12	1.47494630239694E-10	17.2493102773775	1E10	1E-30	1E-10	1E10	1E-30	1E-10	1E10	1E-30	1E-10	1E10	1E-30	1E-10
37	9.52011660808367E-06	1E10	5E6	1E-30	2.38263125565529E-10	1E10	1E-30	1E10	2.5623489029784E-03	1.24502334694982E-03	1E10	2.63754927151328	1.71222775823363E-03	1E10	0.376039805101243	1.17178552615477E-03	1E10	8.46475584344298E-02	1.28574614035588E-03	1E10	1.11795003247984E-02	1.10082942725792E-03	1E10	2.0694626454789E-03	1E-30	2.31200917304396E-11	7.11491016957397E-02	1E-30	6.45957997433965E-11	2.71732533783825E-02	1E-30	4.77748487458843E-10	1.79116947610154E-02	2.96156999014426E-05	1.06620073244687E-10	5.48157607548943E-03	1.77531484815462E-05	8.05417318778983E-11	5.09650249494455E-03	2.3220263905818E-12	1.47494630239694E-10	17.2493102773775	1E10	1E-30	1E-10	1E10	1E-30	1E-10	1E10	1E-30	1E-10	1E10	1E-30	1E-10
38	8.09635716058398E-06	1E10	5E6	1E-30	5.92604615354027E-11	1E10	1E-30	1E10	3.17938254494199E-03	4.7052815239831E-04	1E10	11.2749146734134	4.77786724175861E-04	1E10	1.23770097626478	4.38506393646653E-04	1E10	0.136790838004228	4.14281457992634E-04	1E10	1.50974960215027E-02	4.14593262305527E-04	1E10	1.61398218789853E-03	1E-30	5.94419694888349E-11	4.00054561521419E-02	1E-30	4.21608921118928E-10	1.88481998275052E-02	2.03772857797959E-05	1.03027795314855E-10	5.45642782412008E-03	2.19728769802478E-05	4.66401177671922E-11	4.74074299793891E-03	3.51810469150973E-11	5.51546071846962E-11	4.12208093804095	9.88064766507245E-13	3.71037753369159E-10	84.1319953746293	1E10	1E-30	1E-10	1E10	1E-30	1E-10	1E10	1E-30	1E-10	1E10	1E-30	1E-10
39	8.09635716058398E-06	1E10	5E6	1E-30	5.92604615354027E-11	1E10	1E-30	1E10	3.17938254494199E-03	4.7052815239831E-04	1E10	11.2749146734134	4.77786724175861E-04	1E10	1.23770097626478	4.38506393646653E-04	1E10	0.136790838004228	4.14281457992634E-04	1E10	1.50974960215027E-02	4.14593262305527E-04	1E10	1.61398218789853E-03	1E-30	5.94419694888349E-11	4.00054561521419E-02	1E-30	4.21608921118928E-10	1.88481998275052E-02	2.03772857797959E-05	1.03027795314855E-10	5.45642782412008E-03	2.19728769802478E-05	4.66401177671922E-11	4.74074299793891E-03	3.51810469150973E-11	5.51546071846962E-11	4.12208093804095	9.88064766507245E-13	3.71037753369159E-10	84.1319953746293	1E10	1E-30	1E-10	1E10	1E-30	1E-10	1E10	1E-30	1E-10	1E10	1E-30	1E-10
40	8.09635716058398E-06	1E10	5E6	1E-30	5.92604615354027E-11	1E10	1E-30	1E10	3.17938254494199E-03	4.7052815239831E-04	1E10	11.2749146734134	4.77786724175861E-04	1E10	1.23770097626478	4.38506393646653E-04	1E10	0.136790838004228	4.14281457992634E-04	1E10	1.50974960215027E-02	4.14593262305527E-04	1E10	1.61398218789853E-03	1E-30	5.94419694888349E-11	4.00054561521419E-02	1E-30	4.21608921118928E-10	1.88481998275052E-02	2.03772857797959E-05	1.03027795314855E-10	5.45642782412008E-03	2.19728769802478E-05	4.66401177671922E-11	4.74074299793891E-03	3.51810469150973E-11	5.51546071846962E-11	4.12208093804095	9.88064766507245E-13	3.71037753369159E-10	84.1319953746293	1E10	1E-30	1E-10	1E10	1E-30	1E-10	1E10	1E-30	1E-10	1E10	1E-30	1E-10
41	7.02355555768375E-06	1E10	5E6	1E-30	1.01102400920049E-10	1E10	1E-30	1E10	4.84603352199515E-03	2.22114697713166E-04	1E10	18.9723697254058	2.00843000658543E-04	1E10	2.67746956051063	1.87235861165584E-04	1E10	0.310232882049937	1.69280645065394E-04	1E10	0.048236910165252	1.21602783240695E-04	1E10	9.04729176371732E-03	1E-30	1.37443932969257E-11	8.04265803382051E-02	1E-30	4.68184654715949E-11	4.51216403961943E-02	1E-30	2.46783971190847E-10	2.41801957653535E-02	2.39932378063627E-05	5.7540152163618E-11	3.45490767455741E-03	4.32796796382249E-06	1.23889551326717E-10	6.82271505467144E-03	1.43277656952871E-11	9.3942493791758E-11	13.5411764674175	1.61372542864378E-12	2.97699815603198E-10	128.880593540454	1E10	1E-30	1E-10	1E10	1E-30	1E-10	1E10	1E-30	1E-10
42	8.09635716058398E-06	1E10	5E6	1E-30	5.92604615354027E-11	1E10	1E-30	1E10	3.17938254494199E-03	4.7052815239831E-04	1E10	11.2749146734134	4.77786724175861E-04	1E10	1.23770097626478	4.38506393646653E-04	1E10	0.136790838004228	4.14281457992634E-04	1E10	1.50974960215027E-02	4.14593262305527E-04	1E10	1.61398218789853E-03	1E-30	5.94419694888349E-11	4.00054561521419E-02	1E-30	4.21608921118928E-10	1.88481998275052E-02	2.03772857797959E-05	1.03027795314855E-10	5.45642782412008E-03	2.19728769802478E-05	4.66401177671922E-11	4.74074299793891E-03	3.51810469150973E-11	5.51546071846962E-11	4.12208093804095	9.88064766507245E-13	3.71037753369159E-10	84.1319953746293	1E10	1E-30	1E-10	1E10	1E-30	1E-10	1E10	1E-30	1E-10	1E10	1E-30	1E-10
43	9.74114406341381E-06	1E10	5E6	1E-30	4.51166472832011E-11	1E10	1E-30	1E10	2.58069777279912E-03	8.69621353928135E-04	1E10	4.43912800923481	8.87688929687012E-04	1E10	0.483334484907998	7.54251986107779E-04	1E10	7.38904924968129E-02	6.73568493968916E-04	1E10	7.64900635027649E-03	1.05918756911054E-03	1E10	5.89075347599903E-04	1E-30	1.57418933138624E-11	5.97935779170042E-02	1E-30	5.35190284266077E-11	0.026696233948998	1E-30	4.3106617113905E-10	1.70803184340858E-02	2.48493597485817E-05	1.06541002733153E-10	7.41620020820482E-03	1.45163756867049E-05	8.23895486474657E-11	6.11146247316479E-03	1.50616119126962E-11	6.39168014891881E-11	9.34125077760136	1.24944155474558E-12	3.14609869928257E-10	197.947896983637	1E10	1E-30	1E-10	1E10	1E-30	1E-10	1E10	1E-30	1E-10
44	9.08888990361451E-06	1E10	5E6	1E-30	1E-10	1E10	1E-30	1E10	2.65484203855541E-03	1.09649172105551E-03	1E10	4.22633481365965	1.19418872371491E-03	1E10	0.419903815927026	1.02217490043524E-03	1E10	0.06020675750432	1.89578594444896E-03	1E10	8.0505211413092E-03	8.6145369387537E-04	1E10	3.43706409210894E-03	1E-30	3.24603094615654E-11	0.118352676253682	1E-30	9.35327057946885E-11	4.84272669053025E-02	1E-30	4.37091509896134E-10	1.67785580047076E-02	3.33574315995489E-05	9.16681877708817E-11	4.75601255592822E-03	1.28645495791105E-05	1.09599067164195E-10	5.57903198596386E-03	1.70851921214822E-11	7.86592246116121E-11	4.91727671466394	1.63546775300012E-12	2.6644073798462E-10	152.935169811193	1E10	1E-30	1E-10	1E10	1E-30	1E-10	1E10	1E-30	1E-10
45	9.55325944424039E-06	1E10	5E6	1E-30	2.84895541036558E-10	1E10	1E-30	1E10	3.07482254359525E-03	1.26606408245636E-03	1E10	3.23928323160928	1.55894196538081E-03	1E10	0.42263494604727	1.03241637247944E-03	1E10	9.41288470178749E-02	9.41759061381408E-04	1E10	1.24772520312034E-02	1.0425285371623E-03	1E10	1.85990032553904E-03	1E-30	1.08524189070949E-10	5.48862940824615E-02	1E-30	3.60219792620057E-10	1.70021925705047E-02	3.68020151387155E-05	9.06832106020795E-11	4.32462577095309E-03	1.2373703362292E-05	1.24067096501168E-10	5.51290390770668E-03	7.63736732337852E-10	6.55244827667632E-11	0.193106996652544	4.22186722088006E-11	3.15368812677412E-11	1.54123227923404	4.67594140056391E-12	1.13719870481079E-10	10.7035635251521	1E10	1E-30	1E-10	1E10	1E-30	1E-10	1E10	1E-30	1E-10
46	8.09635716058398E-06	1E10	5E6	1E-30	5.92604615354027E-11	1E10	1E-30	1E10	3.17938254494199E-03	4.7052815239831E-04	1E10	11.2749146734134	4.77786724175861E-04	1E10	1.23770097626478	4.38506393646653E-04	1E10	0.136790838004228	4.14281457992634E-04	1E10	1.50974960215027E-02	4.14593262305527E-04	1E10	1.61398218789853E-03	1E-30	5.94419694888349E-11	4.00054561521419E-02	1E-30	4.21608921118928E-10	1.88481998275052E-02	2.03772857797959E-05	1.03027795314855E-10	5.45642782412008E-03	2.19728769802478E-05	4.66401177671922E-11	4.74074299793891E-03	3.51810469150973E-11	5.51546071846962E-11	4.12208093804095	9.88064766507245E-13	3.71037753369159E-10	84.1319953746293	1E10	1E-30	1E-10	1E10	1E-30	1E-10	1E10	1E-30	1E-10	1E10	1E-30	1E-10
47	8.09635716058398E-06	1E10	5E6	1E-30	5.92604615354027E-11	1E10	1E-30	1E10	3.17938254494199E-03	4.7052815239831E-04	1E10	11.2749146734134	4.77786724175861E-04	1E10	1.23770097626478	4.38506393646653E-04	1E10	0.136790838004228	4.14281457992634E-04	1E10	1.50974960215027E-02	4.14593262305527E-04	1E10	1.61398218789853E-03	1E-30	5.94419694888349E-11	4.00054561521419E-02	1E-30	4.21608921118928E-10	1.88481998275052E-02	2.03772857797959E-05	1.03027795314855E-10	5.45642782412008E-03	2.19728769802478E-05	4.66401177671922E-11	4.74074299793891E-03	3.51810469150973E-11	5.51546071846962E-11	4.12208093804095	9.88064766507245E-13	3.71037753369159E-10	84.1319953746293	1E10	1E-30	1E-10	1E10	1E-30	1E-10	1E10	1E-30	1E-10	1E10	1E-30	1E-10
48	7.08903831011879E-06	1E10	5E6	1E-30	6.16595001861482E-11	1E10	1E-30	1E10	2.96504708492208E-03	2.58378608838267E-04	1E10	17.9354674693184	2.45695251137674E-04	1E10	1.73853917411828	2.65184664314995E-04	1E10	0.159388348763912	2.28719740579724E-04	1E10	2.21293541854893E-02	1.29460369223442E-04	1E10	5.43405304609226E-03	1E-30	6.60871563439867E-11	4.00214552635205E-02	1E-30	4.8490194963242E-10	1.65974879281166E-02	4.49444176251164E-05	3.97179713836005E-11	4.31253187807113E-03	2.17760606761027E-05	3.98803037797412E-11	4.27500751199237E-03	8.03051380929736E-12	1.41841431403111E-10	19.8865587453255	1.63056651648453E-12	2.90592783574269E-10	116.201819212562	1E10	1E-30	1E-10	1E10	1E-30	1E-10	1E10	1E-30	1E-10	1E10	1E-30	1E-10
49	7.20170177423125E-06	1E10	5E6	1E-30	1.64041980382406E-11	1E10	1E-30	1E10	4.58221919552031E-03	1.76045862315242E-04	1E10	31.0649539097102	2.32406379315994E-04	1E10	3.17983823943456	2.58312581010993E-04	1E10	0.449954901492442	4.14450587518471E-04	1E10	7.42096297525163E-02	1.97382729250972E-04	1E10	4.72550348354773E-02	1.18290304335861E-04	1E10	9.52513155312309E-03	1E-30	4.84973063125533E-11	5.99912713283448E-02	1E-30	2.58441179421489E-10	2.41962849787201E-02	1.61530321173105E-05	7.46551642275474E-11	3.66795120693734E-03	5.28766127027098E-06	9.70369749170654E-11	6.38360714284964E-03	1.43659066360431E-11	8.39520031501791E-11	10.9612041126094	1.28818098290239E-12	3.28825452741079E-10	142.252307030384	1E10	1E-30	1E-10	1E10	1E-30	1E-10	1E10	1E-30	1E-10
50	8.09635716058398E-06	1E10	5E6	1E-30	5.92604615354027E-11	1E10	1E-30	1E10	3.17938254494199E-03	4.7052815239831E-04	1E10	11.2749146734134	4.77786724175861E-04	1E10	1.23770097626478	4.38506393646653E-04	1E10	0.136790838004228	4.14281457992634E-04	1E10	1.50974960215027E-02	4.14593262305527E-04	1E10	1.61398218789853E-03	1E-30	5.94419694888349E-11	4.00054561521419E-02	1E-30	4.21608921118928E-10	1.88481998275052E-02	2.03772857797959E-05	1.03027795314855E-10	5.45642782412008E-03	2.19728769802478E-05	4.66401177671922E-11	4.74074299793891E-03	3.51810469150973E-11	5.51546071846962E-11	4.12208093804095	9.88064766507245E-13	3.71037753369159E-10	84.1319953746293	1E10	1E-30	1E-10	1E10	1E-30	1E-10	1E10	1E-30	1E-10	1E10	1E-30	1E-10
51	7.09394613672387E-06	1E10	5E6	1E-30	1.66011952876093E-10	1E10	1E-30	1E10	3.46147768175505E-03	1.8275370970348E-04	1E10	29.0290401127152	2.14324523410793E-04	1E10	2.2960407340473	1.99917841488664E-04	1E10	0.241781520388829	1.64261303158151E-04	1E10	0.02955732696976	1.90278816717121E-04	1E10	3.19468921211811E-03	1E-30	1.39398284340734E-11	7.12843972760502E-02	1E-30	4.75380209535737E-11	3.31707192263791E-02	1E-30	3.33565820472241E-10	1.93026275726122E-02	2.36202835873328E-05	7.62585393521743E-11	7.27370409299096E-03	8.62729927151538E-06	9.88027691590788E-11	8.31437757637585E-03	2.10208211095987E-11	5.85368255358683E-11	9.62326902489034	1.6942946179482E-12	2.59821581187387E-10	106.444616539746	1E10	1E-30	1E-10	1E10	1E-30	1E-10	1E10	1E-30	1E-10
52	1.18556344991404E-05	1E10	3333333.33333333	1E-30	4.18593537040304E-11	1E10	1E-30	1E10	4.0027914346491E-03	3.52374865350191E-04	1E10	11.7387794023197	3.79550618787813E-04	1E10	1.38957404202569	3.32052733301381E-04	1E10	0.201742740969607	2.7756453416337E-04	1E10	3.07980204097045E-02	2.75391754173996E-04	1E10	4.45069416532466E-03	1E-30	2.00563147916963E-11	5.15982666382423E-02	1E-30	5.45527736977913E-11	2.41350421236097E-02	1E-30	3.05513128477276E-10	1.66206015882876E-02	3.21875037115411E-05	9.6866431466014E-11	4.92759982446143E-03	1.24017776711773E-05	1.14435975389026E-10	6.45162707804468E-03	1.75163948138267E-11	6.78923566855561E-11	9.57145042734648	1.36225245555289E-12	3.16450118958621E-10	212.193494924354	1E10	1E-30	1E-10	1E10	1E-30	1E-10	1E10	1E-30	1E-10
53	1.62202025616055E-05	1E10	2272727	1E-30	1.16974658973686E-10	1E10	1E-30	1E10	2.47947684390343E-03	6.15850210877401E-04	1E10	8.61437517764518	8.43782709368046E-04	1E10	0.765053046914575	7.61132792682053E-04	1E10	0.104879005864425	1.15696324511093E-03	1E10	1.30947362519473E-02	5.58459222041164E-04	1E10	4.84633236764128E-03	1E-30	1.70590673523444E-11	0.060339086574058	1E-30	5.56984298190754E-11	2.07265884219896E-02	1E-30	4.24339044170207E-10	1.34414729376827E-02	4.98999708341628E-05	9.94076549015564E-11	4.63496937370668E-03	2.42384214134096E-05	9.66836372866164E-11	4.98515491122771E-03	1.16862033321613E-11	1.04770662465465E-10	16.580432410308	1.80850615572976E-12	2.45990857616393E-10	161.103733722275	1E10	1E-30	1E-10	1E10	1E-30	1E-10	1E10	1E-30	1E-10
54	1.55407463103096E-05	1E10	2272727	1E-30	1.54242758702862E-10	1E10	1E-30	1E10	2.35017505548171E-03	6.42891336242444E-04	1E10	2.34454299084986	8.84935892614142E-04	1E10	0.214200078161464	8.30235281829263E-04	1E10	3.93017698933175E-02	1.01854285557895E-03	1E10	5.76244402282582E-03	9.69093271618244E-04	1E10	1.87021134880733E-03	1E-30	1.68391657387953E-11	5.67751926671584E-02	1E-30	5.58027553235776E-11	0.019455629285575	1E-30	4.14347911423201E-10	1.33304649874582E-02	4.69542002490036E-05	1.02631146069741E-10	4.66193894407639E-03	2.41798833084961E-05	9.59774358688048E-11	5.1633008284584E-03	1.24146778141424E-11	9.81629271581159E-11	15.0146520974364	1.88474267747676E-12	2.19149915320312E-10	123.808452320929	1E10	1E-30	1E-10	1E10	1E-30	1E-10	1E10	1E-30	1E-10
55	1.77813742999836E-05	1E10	2272727.27272727	1E-30	7.18767297680599E-11	1E10	1E-30	1E10	2.03536448976999E-03	8.83551332995181E-04	1E10	6.2873420876026	9.43388761780088E-04	1E10	0.535991991008235	8.69312555666802E-04	1E10	6.06835063198029E-02	8.87170914661834E-04	1E10	5.91631732894989E-03	3.76731448870294E-04	1E10	8.38196138573635E-04	1E-30	6.38411284869385E-11	2.86600119129479E-02	1E-30	9.57202364629505E-12	2.68262755807447E-02	1E-30	5.3285303101261E-10	1.39164534787088E-02	6.03745805836049E-05	8.25219383402234E-11	2.94360556173789E-03	2.50920702932771E-05	9.22634457392993E-11	3.1756787514058E-03	1.15338604636182E-11	9.41218809976465E-11	9.57871984245645	1.30588746950873E-12	3.14364598792347E-10	125.640971832157	1E10	1E-30	1E-10	1E10	1E-30	1E-10	1E10	1E-30	1E-10
56	1.77813742999836E-05	1E10	2272727.27272727	1E-30	7.18767297680599E-11	1E10	1E-30	1E10	2.03536448976999E-03	8.83551332995181E-04	1E10	6.2873420876026	9.43388761780088E-04	1E10	0.535991991008235	8.69312555666802E-04	1E10	6.06835063198029E-02	8.87170914661834E-04	1E10	5.91631732894989E-03	3.76731448870294E-04	1E10	8.38196138573635E-04	1E-30	6.38411284869385E-11	2.86600119129479E-02	1E-30	9.57202364629505E-12	2.68262755807447E-02	1E-30	5.3285303101261E-10	1.39164534787088E-02	6.03745805836049E-05	8.25219383402234E-11	2.94360556173789E-03	2.50920702932771E-05	9.22634457392993E-11	3.1756787514058E-03	1.15338604636182E-11	9.41218809976465E-11	9.57871984245645	1.30588746950873E-12	3.14364598792347E-10	125.640971832157	1E10	1E-30	1E-10	1E10	1E-30	1E-10	1E10	1E-30	1E-10
57	1.77813742999836E-05	1E10	2272727.27272727	1E-30	7.18767297680599E-11	1E10	1E-30	1E10	2.03536448976999E-03	8.83551332995181E-04	1E10	6.2873420876026	9.43388761780088E-04	1E10	0.535991991008235	8.69312555666802E-04	1E10	6.06835063198029E-02	8.87170914661834E-04	1E10	5.91631732894989E-03	3.76731448870294E-04	1E10	8.38196138573635E-04	1E-30	6.38411284869385E-11	2.86600119129479E-02	1E-30	9.57202364629505E-12	2.68262755807447E-02	1E-30	5.3285303101261E-10	1.39164534787088E-02	6.03745805836049E-05	8.25219383402234E-11	2.94360556173789E-03	2.50920702932771E-05	9.22634457392993E-11	3.1756787514058E-03	1.15338604636182E-11	9.41218809976465E-11	9.57871984245645	1.30588746950873E-12	3.14364598792347E-10	125.640971832157	1E10	1E-30	1E-10	1E10	1E-30	1E-10	1E10	1E-30	1E-10
58	1.67276525432143E-05	1E10	2272727.27272727	1E-30	1.25421255958386E-10	1E10	1E-30	1E10	2.66873026900671E-03	7.27977768965061E-04	1E10	7.2875367846356	9.01951311016398E-04	1E10	0.63884889689574	8.81982190653819E-04	1E10	8.49326662522971E-02	9.22216863926276E-04	1E10	9.89881615040673E-03	1.18501237369271E-03	1E10	1.50768899339372E-03	1E-30	1.86060905607382E-11	4.09015876636297E-02	1E-30	7.23524073443537E-11	2.33066053321741E-02	1E-30	4.60842642588713E-10	1.35262225445643E-02	5.36524535975323E-05	7.58299799869634E-11	3.38080639637941E-03	3.01617695525228E-05	7.06201434640236E-11	3.61134999269174E-03	1.90941556536563E-11	8.07232351247275E-11	5.62802241671578	1.7507831558211E-12	2.66941702980665E-10	135.293619324647	1E10	1E-30	1E-10	1E10	1E-30	1E-10	1E10	1E-30	1E-10
59	1.77813742999836E-05	1E10	2272727.27272727	1E-30	7.18767297680599E-11	1E10	1E-30	1E10	2.03536448976999E-03	8.83551332995181E-04	1E10	6.2873420876026	9.43388761780088E-04	1E10	0.535991991008235	8.69312555666802E-04	1E10	6.06835063198029E-02	8.87170914661834E-04	1E10	5.91631732894989E-03	3.76731448870294E-04	1E10	8.38196138573635E-04	1E-30	6.38411284869385E-11	2.86600119129479E-02	1E-30	9.57202364629505E-12	2.68262755807447E-02	1E-30	5.3285303101261E-10	1.39164534787088E-02	6.03745805836049E-05	8.25219383402234E-11	2.94360556173789E-03	2.50920702932771E-05	9.22634457392993E-11	3.1756787514058E-03	1.15338604636182E-11	9.41218809976465E-11	9.57871984245645	1.30588746950873E-12	3.14364598792347E-10	125.640971832157	1E10	1E-30	1E-10	1E10	1E-30	1E-10	1E10	1E-30	1E-10
60	1.77813742999836E-05	1E10	2272727.27272727	1E-30	7.18767297680599E-11	1E10	1E-30	1E10	2.03536448976999E-03	8.83551332995181E-04	1E10	6.2873420876026	9.43388761780088E-04	1E10	0.535991991008235	8.69312555666802E-04	1E10	6.06835063198029E-02	8.87170914661834E-04	1E10	5.91631732894989E-03	3.76731448870294E-04	1E10	8.38196138573635E-04	1E-30	6.38411284869385E-11	2.86600119129479E-02	1E-30	9.57202364629505E-12	2.68262755807447E-02	1E-30	5.3285303101261E-10	1.39164534787088E-02	6.03745805836049E-05	8.25219383402234E-11	2.94360556173789E-03	2.50920702932771E-05	9.22634457392993E-11	3.1756787514058E-03	1.15338604636182E-11	9.41218809976465E-11	9.57871984245645	1.30588746950873E-12	3.14364598792347E-10	125.640971832157	1E10	1E-30	1E-10	1E10	1E-30	1E-10	1E10	1E-30	1E-10
61	1.77813742999836E-05	1E10	2272727.27272727	1E-30	7.18767297680599E-11	1E10	1E-30	1E10	2.03536448976999E-03	8.83551332995181E-04	1E10	6.2873420876026	9.43388761780088E-04	1E10	0.535991991008235	8.69312555666802E-04	1E10	6.06835063198029E-02	8.87170914661834E-04	1E10	5.91631732894989E-03	3.76731448870294E-04	1E10	8.38196138573635E-04	1E-30	6.38411284869385E-11	2.86600119129479E-02	1E-30	9.57202364629505E-12	2.68262755807447E-02	1E-30	5.3285303101261E-10	1.39164534787088E-02	6.03745805836049E-05	8.25219383402234E-11	2.94360556173789E-03	2.50920702932771E-05	9.22634457392993E-11	3.1756787514058E-03	1.15338604636182E-11	9.41218809976465E-11	9.57871984245645	1.30588746950873E-12	3.14364598792347E-10	125.640971832157	1E10	1E-30	1E-10	1E10	1E-30	1E-10	1E10	1E-30	1E-10
62	1.77813742999836E-05	1E10	2272727.27272727	1E-30	7.18767297680599E-11	1E10	1E-30	1E10	2.03536448976999E-03	8.83551332995181E-04	1E10	6.2873420876026	9.43388761780088E-04	1E10	0.535991991008235	8.69312555666802E-04	1E10	6.06835063198029E-02	8.87170914661834E-04	1E10	5.91631732894989E-03	3.76731448870294E-04	1E10	8.38196138573635E-04	1E-30	6.38411284869385E-11	2.86600119129479E-02	1E-30	9.57202364629505E-12	2.68262755807447E-02	1E-30	5.3285303101261E-10	1.39164534787088E-02	6.03745805836049E-05	8.25219383402234E-11	2.94360556173789E-03	2.50920702932771E-05	9.22634457392993E-11	3.1756787514058E-03	1.15338604636182E-11	9.41218809976465E-11	9.57871984245645	1.30588746950873E-12	3.14364598792347E-10	125.640971832157	1E10	1E-30	1E-10	1E10	1E-30	1E-10	1E10	1E-30	1E-10
63	1.56521428931566E-05	1E10	2272727.27272727	1E-30	9.52427645456594E-11	1E10	1E-30	1E10	2.5547895572095E-03	3.17705436494157E-04	1E10	17.8926320272032	4.25822269772879E-04	1E10	1.18907349869703	4.20152562037305E-04	1E10	0.119930829105361	3.5574268581622E-04	1E10	0.01435795113978	3.23037959612432E-04	1E10	1.56998835621098E-03	1E-30	1.92832690526327E-11	3.44209419243877E-02	1E-30	6.01771415654294E-11	2.23261987438238E-02	1E-30	4.30286145193006E-10	1.40691494288047E-02	4.06062113014365E-05	9.84793389591101E-11	4.28052082088067E-03	1.86497053689191E-05	1.02760497955147E-10	4.54475893207915E-03	1.93799331295672E-11	6.6236963211636E-11	11.5154299417173	1.2946193986208E-12	3.27071324172008E-10	94.8764155505662	1E10	1E-30	1E-10	1E10	1E-30	1E-10	1E10	1E-30	1E-10
64	3.31158270542509E-05	1E10	1063829.78723404	1E-30	8.58197877458667E-11	1E10	1E-30	1E10	2.24629924298235E-03	7.74961444905019E-04	1E10	6.16675701855041	9.75835590447215E-04	1E10	0.541890877268298	1.15589307000006E-03	1E10	7.10586436765175E-02	9.61878515831356E-04	1E10	2.04885859470516E-02	6.82434324789964E-04	1E10	3.85563238953592E-03	1E-30	2.10161686767878E-11	6.55207875082024E-02	1E-30	8.11560505508178E-11	2.57602868999929E-02	1E-30	5.27883537262607E-10	1.11440215585258E-02	9.03700486228171E-05	1.21459955472484E-10	2.83529139414259E-03	6.20624058253282E-05	8.74559109330474E-11	2.96452484617554E-03	1.14477828283209E-11	8.23675283441403E-11	10.1038508627439	1.58019138743265E-12	2.28780092865799E-10	242.804411920272	1E10	1E-30	1E-10	1E10	1E-30	1E-10	1E10	1E-30	1E-10
65	3.33387344050337E-05	1E10	1063830	1E-30	9.40694807481542E-11	1E10	1E-30	1E10	2.20924654612224E-03	7.46969709295305E-04	1E10	6.77702489050219	8.73840438487073E-04	1E10	0.573707946280663	7.84822693734488E-04	1E10	0.071595864118503	6.84873121538556E-04	1E10	9.06385215483474E-03	1.59991222118532E-03	1E10	6.06801984493687E-04	1E-30	1.82184650319908E-11	6.03284310947963E-02	1E-30	7.51299956357282E-11	2.71490815733735E-02	1E-30	4.49299349120154E-10	1.18275794789869E-02	8.34699218733735E-05	1.04387968512617E-10	2.56070961275738E-03	3.42739034383158E-05	1.2615801958097E-10	3.55507436300029E-03	1.42955812618464E-11	7.93595088170838E-11	9.55715882449355	1.80318660693649E-12	2.28252618164646E-10	166.263606247232	1E10	1E-30	1E-10	1E10	1E-30	1E-10	1E10	1E-30	1E-10
66	3.33387344050337E-05	1E10	1063829.78723404	1E-30	9.40694807481542E-11	1E10	1E-30	1E10	2.20924654612224E-03	7.46969709295305E-04	1E10	6.77702489050219	8.73840438487073E-04	1E10	0.573707946280663	7.84822693734488E-04	1E10	0.071595864118503	6.84873121538556E-04	1E10	9.06385215483474E-03	1.59991222118532E-03	1E10	6.06801984493687E-04	1E-30	1.82184650319908E-11	6.03284310947963E-02	1E-30	7.51299956357282E-11	2.71490815733735E-02	1E-30	4.49299349120154E-10	1.18275794789869E-02	8.34699218733735E-05	1.04387968512617E-10	2.56070961275738E-03	3.42739034383158E-05	1.2615801958097E-10	3.55507436300029E-03	1.42955812618464E-11	7.93595088170838E-11	9.55715882449355	1.80318660693649E-12	2.28252618164646E-10	166.263606247232	1E10	1E-30	1E-10	1E10	1E-30	1E-10	1E10	1E-30	1E-10
END DSCRDATA
