BEGIN DSCRDATA
% INDEX	K01	L01	M01	K02	L02	M02	K03	L03	M03	K04	L04	M04	K05	L05	M05	K06	L06	M06	K07	L07	M07	K08	L08	M08	K09	L09	M09	K10	L10	M10	K11	L11	M11	K12	L12	M12	K13	L13	M13	K14	L14	M14	K15	L15	M15	K16	L16	M16	K17	L17	M17	K18	L18	M18
0	0	0	0	0	0	0	0	0	0	0	0	0	0	0	0	0	0	0	0	0	0	0	0	0	0	0	0	0	0	0	0	0	0	0	0	0	0	0	0	0	0	0	0	0	0	0	0	0	0	0	0	0	0	0
1	1.0352681857614E-07	1E10	1E9	1E-30	1.94722016204348E-11	1E10	1E-30	1E10	1.92325435707299E-02	3.85267977211285E-05	1E10	55.0395886243733	6.62154712627439E-05	1E10	6.45223505684201	6.76415820033094E-05	1E10	1.72798781253981	5.95702763400568E-05	1E10	0.531946334881945	4.80700839384273E-05	1E10	0.143688452169304	4.06715946266273E-05	1E10	3.11607931662586E-02	1E-30	4.37446024697467E-11	1.10370880885783E-02	1E-30	2.30701331846848E-10	7.26259161969036E-03	6.85523201201373E-07	1.74578236999652E-11	2.86160732230808E-02	7.60465604909014E-09	1.57444035424461E-10	7.46315888049167E-02	8.7147067272003E-12	5.95149385543744E-10	108.180110540874	3.52881154749977E-12	8.47713312154487E-10	126.886220919708	1E10	1E-30	1E-10	1E10	1E-30	1E-10	1E10	1E-30	1E-10
2	1.2885028563651E-07	1E10	769230769.23	1E-30	3.03028479436121E-10	1E10	1E-30	1E10	1.19523753980804E-02	2.89098822352374E-05	1E10	5.01187233627267E-02	1E-30	1.83393411540002E-10	9.12010839355898E-02	1E-30	3.95465392282496E-12	2.51188643150955E-02	1E-30	2.98489197319048E-10	8.91250938133734E-03	3.12360687435147E-07	1.05015224806735E-10	0.159261915393512	1.52864555973922E-07	7.79608793976459E-11	0.162307910615641	2.84141760576267E-07	1.94944655780252E-11	0.024459961604968	2.088740897687E-07	1.546734519672E-11	3.92072138549475E-02	4.05074539248573E-12	9.63100355995956E-10	202.58455759999	1E10	1E-30	1E-10	1E10	1E-30	1E-10	1E10	1E-30	1E-10	1E10	1E-30	1E-10	1E10	1E-30	1E-10	1E10	1E-30	1E-10
3	1.51278530290864E-07	1E10	666666666.666666	1E-30	4.26235604029763E-23	1E10	1E-30	1E10	1.54388480726185E-02	5.26123232609488E-05	1E10	35.1672540291039	8.23395128748817E-05	1E10	3.51054221040327	8.58595135734076E-05	1E10	0.786074026976529	6.6011359823312E-05	1E10	0.201426262547783	5.30740633012982E-05	1E10	3.63448663799039E-02	1E-30	1.15024457612132E-10	2.58031679219101E-02	1E-30	3.11972797090541E-10	7.4008120898488E-03	5.5858948322025E-07	4.2762196138715E-11	4.78666256359039E-02	1.13098528731305E-07	6.0786664460339E-11	4.52628470165514E-02	2.14636097583084E-09	1.06481373523287E-10	6.49525918439433E-02	3.92711590526009E-12	1.02853743263019E-09	285.430969549702	9.0537054205404E-12	2.96633029360141E-10	101.105489478446	1E10	1E-30	1E-10	1E10	1E-30	1E-10	1E10	1E-30	1E-10
4	2.213945003918E-07	1E10	454545454.545454	1E-30	1.19143862640139E-14	1E10	1E-30	1E10	1.27599889774283E-02	7.6137640678856E-05	1E10	25.3617527135416	1.23232092056105E-04	1E10	2.54714048059519	1.24301744117662E-04	1E10	0.614512900877491	9.80270963784742E-05	1E10	0.1597755486103	7.87606594986485E-05	1E10	3.02895889339057E-02	1E-30	2.66951511450435E-10	6.99510412385212E-02	1E-30	4.14618878593711E-10	7.09723770423315E-03	7.90916926364159E-07	5.82627841290606E-11	6.12124684732728E-02	2.5811327461648E-07	5.80956927054928E-11	4.95458566986727E-02	3.04138949603813E-12	1.30517504166563E-09	232.305732854216	1E10	1E-30	1E-10	1E10	1E-30	1E-10	1E10	1E-30	1E-10	1E10	1E-30	1E-10	1E10	1E-30	1E-10
5	2.23646941985303E-07	1E10	454545454.545454	1E-30	2.92806227835904E-11	1E10	1E-30	1E10	1.39665872932745E-02	7.57337976841199E-05	1E10	19.8826530326494	1.32361783971436E-04	1E10	2.14870041001843	1.05815902331028E-04	1E10	0.654077413568541	9.23032431191596E-05	1E10	0.14711339361768	8.87562830454922E-05	1E10	2.68617480813425E-02	1E-30	2.19129331245997E-10	6.49472259411515E-02	1E-30	3.07446390626801E-10	7.38876854892922E-03	1.13375346679618E-06	2.54358823103573E-11	2.58168196342834E-02	2.80813807600647E-07	2.97098670019212E-11	2.56207829710053E-02	5.72482793815535E-12	8.46751005524851E-10	185.406105989566	5.54275261172418E-12	5.35281929579252E-10	88.6894059576749	1E10	1E-30	1E-10	1E10	1E-30	1E-10	1E10	1E-30	1E-10	1E10	1E-30	1E-10
6	2.25696978427753E-07	1E10	454545454.55	1E-30	3.94174904163912E-10	1E10	1E-30	1E10	1.02024355436598E-02	6.7771378983349E-05	1E10	0.021379620895022	1E-30	2.05153873105956E-12	0.093325430079698	1E-30	3.16896403628157E-10	7.76247116628682E-02	1E-30	4.4570256345797E-10	7.41310241300908E-03	5.72261047907592E-07	1.05158524706496E-10	0.106247928251168	2.82998771146086E-07	7.44602324262391E-11	0.107953665989956	4.17196337796869E-12	8.9302990539958E-10	228.783994058532	1E10	1E-30	1E-10	1E10	1E-30	1E-10	1E10	1E-30	1E-10	1E10	1E-30	1E-10	1E10	1E-30	1E-10	1E10	1E-30	1E-10	1E10	1E-30	1E-10	1E10	1E-30	1E-10
7	2.25706742310875E-07	1E10	454545454.55	1E-30	2.65525653556586E-11	1E10	1E-30	1E10	1.34152084867776E-02	5.12709404075211E-05	1E10	82.0000909176106	9.66316492807193E-05	1E10	4.90557349729788	9.35664764698382E-05	1E10	0.986107602180227	7.80097769806994E-05	1E10	0.200418438080124	6.80975824440373E-05	1E10	3.24789961177789E-02	1E-30	2.45785380345124E-11	6.16111444284918E-02	1E-30	2.75611749866991E-10	8.70915726175734E-03	1E-30	3.95977883177317E-13	4.77012568843908E-03	9.05818386119939E-07	3.19273906317607E-11	2.93221360147202E-02	2.40556639672766E-07	3.66875423218053E-11	3.27793748160491E-02	1.12300910023873E-08	1.30561542030174E-10	4.99690558158818E-02	8.80515821286211E-12	5.89828442598034E-10	118.250134819184	3.76113198800666E-12	8.02394237858118E-10	133.656083700086	1E10	1E-30	1E-10	1E10	1E-30	1E-10
8	2.72576336067913E-07	1E10	370370370.37037	1E-30	2.42954924071003E-18	1E10	1E-30	1E10	1.13008005141508E-02	8.81304562748289E-05	1E10	23.7320792553188	1.37570673733949E-04	1E10	2.29283847952228	1.56290501140339E-04	1E10	0.525264896553079	1.14944978723042E-04	1E10	0.151568714699411	9.52356566104333E-05	1E10	2.92130320729615E-02	1E-30	3.12449789679368E-10	0.067033467688206	1E-30	4.19771582759848E-10	6.04325976991308E-03	8.36703395968654E-07	7.73653471613467E-11	8.07231836080537E-02	3.59828753643026E-07	6.21632716020075E-11	6.23020995328546E-02	2.85387392430459E-12	1.20487808554926E-09	336.706924775061	1E10	1E-30	1E-10	1E10	1E-30	1E-10	1E10	1E-30	1E-10	1E10	1E-30	1E-10	1E10	1E-30	1E-10
9	3.30816169906106E-07	1E10	303030303.030303	1E-30	5.68860502458698E-11	1E10	1E-30	1E10	1.04012953253645E-02	1.20490062886624E-04	1E10	16.1545756167687	1.80727571769723E-04	1E10	1.76588702974246	1.8866351087464E-04	1E10	0.425129905835681	1.43516765633371E-04	1E10	0.121178956685091	1.4029744798817E-04	1E10	2.09534974387521E-02	1E-30	2.63698844221845E-10	5.23669111804407E-02	1E-30	3.27799310801001E-11	4.61952640985868E-02	1E-30	2.643977526069E-10	5.10068567641389E-03	1.2049566704783E-06	4.69840536483181E-11	4.21013141343228E-02	4.19114300607511E-07	4.42256947837646E-11	4.18897177253846E-02	6.34413929127175E-12	6.77286041848305E-10	119.823092327761	4.85015583171367E-12	5.60927893354463E-10	441.666575042345	1E10	1E-30	1E-10	1E10	1E-30	1E-10	1E10	1E-30	1E-10
10	3.30185617730901E-07	1E10	303030303.030303	1E-30	1.64114433680508E-17	1E10	1E-30	1E10	0.010856483549424	1.06629173928738E-04	1E10	18.8747492346077	1.67212434816995E-04	1E10	1.99714236937082	1.78110559085739E-04	1E10	0.490902334761806	1.32303368655777E-04	1E10	0.140564140806349	1.17492025460548E-04	1E10	2.52961404874435E-02	1E-30	2.86766690583833E-10	0.067152603767017	1E-30	4.10366493180406E-10	6.52417733985835E-03	1.27406825869367E-06	4.4624529545067E-11	3.91565663527242E-02	4.6282033934463E-07	3.97563576040713E-11	3.55437579313576E-02	4.76098124252863E-12	8.61136055037744E-10	243.898594406007	6.351710111057E-12	4.32486328551046E-10	158.818679662208	1E10	1E-30	1E-10	1E10	1E-30	1E-10	1E10	1E-30	1E-10	1E10	1E-30	1E-10
11	4.78950946180327E-07	1E10	212765957.446809	1E-30	3.90586446721326E-18	1E10	1E-30	1E10	7.62080732923405E-03	1.9250929688578E-04	1E10	0.136983476530074	2.46894286104687E-04	1E10	3.14757442956872E-02	1.64310960628698E-04	1E10	9.28167360864271E-03	1E-30	1.53030599800087E-10	3.90676084156126E-02	1E-30	2.20038645713416E-10	3.58827624521712E-02	1E-30	6.89493640950774E-10	6.4967164274542E-03	1.4180863218563E-06	7.42431032502325E-11	5.13517412551921E-02	6.96400836623117E-07	5.30096809164649E-11	4.67825421716951E-02	2.6673242849938E-12	1.16753016327424E-09	558.554692979727	1.55276013361864E-10	9.97844418309598E-12	57783.9397812107	1E10	1E-30	1E-10	1E10	1E-30	1E-10	1E10	1E-30	1E-10	1E10	1E-30	1E-10	1E10	1E-30	1E-10
12	4.49738863315621E-07	1E10	212765957.446808	1E-30	9.49005388345549E-17	1E10	1E-30	1E10	8.34381154564644E-03	1.63780276849449E-04	1E10	12.5820401009492	2.58237828972109E-04	1E10	1.39436771733213	2.72759028156239E-04	1E10	0.348310345010256	2.09195708282194E-04	1E10	9.97956026631295E-02	1.71135289439942E-04	1E10	1.90697445606887E-02	1E-30	1.9403607365057E-10	4.56287631545233E-02	1E-30	1.22465731569624E-10	2.59320073963582E-02	1E-30	5.22242950379414E-10	6.74755895059554E-03	8.30467745097043E-07	2.59658712840254E-10	0.138864399333742	7.91588200726077E-07	6.43569801913442E-11	6.19310592649178E-02	1.71603230736005E-06	2.13644865351864E-11	3.27917339525595E-02	4.57072042623E-07	3.18361597075032E-11	2.54984698201818E-02	5.99623074627454E-12	7.23865825990837E-10	178.905107536338	5.40855205870418E-12	5.45110273865755E-10	155.087156675059	1E10	1E-30	1E-10
13	4.5313131723135E-07	1E10	212765957.446808	1E-30	1.04215041953923E-11	1E10	1E-30	1E10	9.04208007054716E-03	1.68069054870419E-04	1E10	12.9103881042362	2.60673708124461E-04	1E10	1.54064675874414	2.6408382721353E-04	1E10	0.407790235487691	2.04960810444333E-04	1E10	0.122664192225426	1.8182455536806E-04	1E10	2.40697135497005E-02	1E-30	2.95787245201966E-11	7.36714275524152E-02	1E-30	4.28718772429451E-10	4.56066549494277E-03	1.32901708489236E-06	7.36421007768692E-11	5.34993204060984E-02	7.99804297993829E-07	4.38952376713252E-11	5.10053934169596E-02	7.33014986145978E-10	4.44097837950172E-10	6.53837144413199E-02	3.68301023255315E-12	8.50872038332017E-10	311.894015586216	8.07923491882477E-12	3.02415986169329E-10	270.374809013118	1E10	1E-30	1E-10	1E10	1E-30	1E-10	1E10	1E-30	1E-10
14	4.59820063788395E-07	1E10	212765957.446808	1E-30	1.24392508776616E-16	1E10	1E-30	1E10	9.02450959802728E-03	1.50969905050524E-04	1E10	13.6188479423168	2.37493061265487E-04	1E10	1.5031657730858	2.49678394516106E-04	1E10	0.37841671927084	1.89858907609541E-04	1E10	0.10999410915036	1.66500169118133E-04	1E10	2.02260931575231E-02	1E-30	5.54008340128711E-10	5.52992201098217E-03	1.53042622202099E-06	6.41660460499818E-11	4.69691472030509E-02	8.83005744698414E-07	3.93655888819081E-11	4.31298991682262E-02	1.06707221908632E-09	3.97901603691127E-10	0.075086029897504	2.70675329095859E-12	1.1576511138233E-09	426.733616333902	1E10	1E-30	1E-10	1E10	1E-30	1E-10	1E10	1E-30	1E-10	1E10	1E-30	1E-10	1E10	1E-30	1E-10
15	5.67175513411828E-07	1E10	178571428.571428	1E-30	9.62775201025291E-10	1E10	1E-30	1E10	7.79765775234717E-03	2.37860477477243E-04	1E10	0.126863463299228	3.66990915497892E-04	1E10	2.92751076402265E-02	1.86730308255649E-04	1E10	1.14018803519486E-02	1E-30	3.03271748033569E-10	0.055463808322455	1E-30	1.91218635865084E-11	2.06296220145667E-02	1E-30	6.98162462388338E-10	7.30342841195957E-03	1.64003258156049E-05	7.35275148274536E-12	8.53238195838578E-03	2.8204821601676E-06	3.60524836686624E-11	2.29734954429671E-02	7.69336632868755E-07	4.52440338349576E-11	2.62116548416483E-02	6.26062466392914E-12	5.61437763519619E-10	76.1325798487399	3.05651975471843E-10	8.37625689021881E-12	129.783659137116	1E10	1E-30	1E-10	1E10	1E-30	1E-10	1E10	1E-30	1E-10	1E10	1E-30	1E-10
16	5.41708868785087E-07	1E10	178571428.571428	1E-30	2.90687845051271E-24	1E10	1E-30	1E10	8.4375581429413E-03	2.03941712346048E-04	1E10	9.92293465851324	3.18213106863847E-04	1E10	1.15960494594277	3.31158282933916E-04	1E10	0.293219681487753	2.59157693863875E-04	1E10	8.50203351332597E-02	2.12452240922962E-04	1E10	1.70622029881391E-02	1E-30	4.29255199318084E-10	4.10128310159613E-03	8.00390404783762E-07	3.17745252168669E-10	0.139179649729277	7.70804931589777E-07	9.37299125376178E-11	7.26310937203186E-02	2.02237284381309E-06	2.28997651652779E-11	3.18664628588869E-02	2.48280532204161E-07	8.61215145388151E-11	3.15615171218853E-02	7.59207117828831E-10	3.06237415416767E-10	9.07202964921077E-02	3.30397721029188E-12	1.11558883038678E-09	470.728502002116	2.98256160120123E-11	8.18869820215785E-11	30.8416355205506	1E10	1E-30	1E-10	1E10	1E-30	1E-10
17	5.64490848509301E-07	1E10	178571428.571428	1E-30	7.78436319981375E-22	1E10	1E-30	1E10	8.42109709862914E-03	2.14696594414475E-04	1E10	10.3140058717549	3.07341716203937E-04	1E10	1.23597748036824	3.48731940977547E-04	1E10	0.282787626070199	2.53336647568666E-04	1E10	9.30923235099789E-02	2.27568148895067E-04	1E10	1.60713165826288E-02	1E-30	1.95154064166473E-11	8.68326286701128E-02	1E-30	2.76609216716973E-10	6.13892028129749E-02	1E-30	1.39724832407203E-10	6.23819982305611E-03	1E-30	4.94775414989554E-10	5.51027314004168E-03	1.52516573752672E-06	9.06608319868934E-11	5.29474019377208E-02	3.58687849646583E-07	1.26438147028174E-10	4.40507903089048E-02	3.87209414192046E-12	1.04796239469804E-09	316.620548466436	1.22123036021392E-11	2.20331174434346E-10	105.922640264522	1E10	1E-30	1E-10	1E10	1E-30	1E-10
18	5.87372660089569E-07	1E10	178571428.57	1E-30	1.32710448428931E-16	1E10	1E-30	1E10	8.5986179993259E-03	1.95573114246497E-04	1E10	10.9647640016989	2.81822570669239E-04	1E10	1.26156507793735	3.15185923963064E-04	1E10	0.287882373094752	2.4701200321552E-04	1E10	8.83402189011843E-02	2.39259884287143E-04	1E10	1.54721295510509E-02	1E-30	3.01633750965245E-10	4.93701606535408E-02	1E-30	3.10637184232717E-11	3.15954886033485E-02	1E-30	4.0830279440521E-10	5.47648984266595E-03	2.21171210178365E-06	4.93457619400558E-11	3.24998244291783E-02	8.14235633482251E-07	4.50649433925991E-11	0.031983860345642	4.31920815109741E-12	9.09335797638826E-10	264.449884888476	7.16801701329127E-12	3.77875997199559E-10	181.651238712519	1E10	1E-30	1E-10	1E10	1E-30	1E-10	1E10	1E-30	1E-10
19	5.62450332818721E-07	1E10	178571428.571428	1E-30	1.2123430261113E-11	1E10	1E-30	1E10	7.95911453403125E-03	2.00336987925131E-04	1E10	11.0674276620113	3.12466937004437E-04	1E10	1.30041197615558	3.28003380845578E-04	1E10	0.332081427156276	2.51388807395584E-04	1E10	0.099815419531374	2.05088486055682E-04	1E10	1.90580402765446E-02	1E-30	2.10826556035153E-10	0.039873310377468	1E-30	1.16588152657033E-10	2.28339604397309E-02	1E-30	5.70024842249915E-10	6.66583520024674E-03	1.52964500178142E-06	9.19856515919849E-11	5.97165335410183E-02	7.74664528150929E-07	6.56929026877563E-11	5.74207212346997E-02	8.02462726418344E-08	3.21234945504992E-11	7.09745530370715E-03	5.69664592621508E-12	6.66318591640426E-10	178.960032276492	4.74027442111032E-12	5.64581245602734E-10	272.826399444859	1E10	1E-30	1E-10	1E10	1E-30	1E-10
20	6.98643019581417E-07	1E10	147058823.529412	1E-30	1.80446062930501E-16	1E10	1E-30	1E10	6.65251413333586E-03	3.28796599690931E-04	1E10	9.13187216262624E-02	4.28711957663403E-04	1E10	2.66004479554426E-02	2.43232459475691E-04	1E10	9.52818050615741E-03	1E-30	2.7330780212415E-10	4.07637674434602E-02	1E-30	8.48819310838395E-11	3.47869577417596E-02	1E-30	7.73563964994929E-10	6.26136503659942E-03	2.57648605044566E-06	5.69868003159111E-11	3.37646123904867E-02	1.02269867535126E-06	4.97934508241867E-11	3.31704960655279E-02	2.81882268673597E-12	1.19981076977122E-09	417.689391087573	1E10	1E-30	1E-10	1E10	1E-30	1E-10	1E10	1E-30	1E-10	1E10	1E-30	1E-10	1E10	1E-30	1E-10	1E10	1E-30	1E-10
21	6.18564144236676E-07	1E10	147058823.529411	1E-30	2.99810130789372E-19	1E10	1E-30	1E10	9.37104827650699E-03	2.26492853336786E-04	1E10	9.8471950760954	3.49702069931859E-04	1E10	1.12333545146033	3.95134307014519E-04	1E10	0.273248606352793	2.95899232860224E-04	1E10	8.65626292183069E-02	3.11235794647951E-04	1E10	1.63115920383895E-02	1E-30	3.4365260523896E-10	4.91875488108279E-02	1E-30	5.1753110090578E-11	2.30769291931637E-02	1E-30	5.72223286244585E-10	7.93147039174812E-03	1.92931268036041E-06	7.23326003582131E-11	5.19840585793713E-02	9.53155110719228E-07	5.23809619157569E-11	4.89127007737155E-02	6.00671018273702E-12	6.55446996414692E-10	270.286105073341	4.6281537325405E-12	6.37665265629094E-10	181.508465337835	1E10	1E-30	1E-10	1E10	1E-30	1E-10	1E10	1E-30	1E-10
22	7.01090738307489E-07	1E10	147058823.529412	1E-30	2.08820996343881E-11	1E10	1E-30	1E10	7.23600246865819E-03	2.51664184365674E-04	1E10	8.72770131746138	3.52209944616274E-04	1E10	1.02284174198208	4.06352831689102E-04	1E10	0.224705725517055	3.19170618411425E-04	1E10	7.08561365024199E-02	3.04612622442203E-04	1E10	1.22347637390772E-02	1E-30	2.344072824326E-10	3.90833367444115E-02	1E-30	7.71608956284163E-11	1.79664413687357E-02	1E-30	5.28536369876688E-10	5.6498105148755E-03	2.28762581167351E-06	6.41883707359864E-11	3.50949803735013E-02	8.75303787965259E-07	5.80104615267121E-11	3.51919672871182E-02	2.79063265706153E-12	1.18249351505075E-09	372.169403374916	1E10	1E-30	1E-10	1E10	1E-30	1E-10	1E10	1E-30	1E-10	1E10	1E-30	1E-10
23	6.66278177410858E-07	1E10	147058823.529411	1E-30	5.91248053171481E-10	1E10	1E-30	1E10	7.29559041051884E-03	2.39745502582759E-04	1E10	9.03286204513662	3.60295050923479E-04	1E10	1.04858777919708	4.05220282954426E-04	1E10	0.251697581967835	3.07914340710558E-04	1E10	7.84782822965686E-02	2.53299235251462E-04	1E10	1.54021295582803E-02	1E-30	1.79588152123293E-10	3.30578075791073E-02	1E-30	1.15331570196015E-10	2.67265279357471E-02	1E-30	6.28049677139491E-10	6.67250942344477E-03	1.60897977875099E-06	1.69678231304669E-10	7.75425101424921E-02	7.95289300561781E-07	7.26840601729755E-11	4.00977910365501E-02	8.60763551799488E-07	2.03085963014745E-11	1.63604502878146E-02	1.28399404333708E-10	3.28048591427721E-11	300.940136349886	4.77128548268674E-12	6.44266281282223E-10	98.2997611250799	1E10	1E-30	1E-10	1E10	1E-30	1E-10
24	1.00894382290346E-06	1E10	1E8	1E-30	2.44154210499217E-16	1E10	1E-30	1E10	6.5869462309205E-03	2.15454215375213E-04	1E10	10.2458052164299	7.47429627984536E-04	1E10	1.02116020908513	5.34510491543476E-04	1E10	0.229926872901361	6.42063580551237E-04	1E10	5.56751392083925E-02	3.95190575000143E-04	1E10	1.53101798158346E-02	1E-30	3.91702478640078E-10	4.30998504599956E-02	1E-30	5.75480982397769E-11	2.28436768880596E-02	1E-30	7.60277728352922E-10	6.1319051447018E-03	2.99358775451663E-06	8.88063808413807E-11	4.35500991371157E-02	1.48946174964041E-06	6.58907918491086E-11	4.23936364825841E-02	2.91054351656598E-12	1.24808720078228E-09	390.101082348298	1E10	1E-30	1E-10	1E10	1E-30	1E-10	1E10	1E-30	1E-10	1E10	1E-30	1E-10
25	9.56465175330659E-07	1E10	1E9	1E-30	9.36364810444453E-17	1E10	1E-30	1E10	7.11283990954796E-03	3.2390855451778E-04	1E10	7.16226603036869	5.02273474822789E-04	1E10	0.803699160299299	5.59732349905403E-04	1E10	0.197045488901058	4.56316273535438E-04	1E10	6.25859809678857E-02	4.00895877975674E-04	1E10	1.30408356179192E-02	1E-30	4.78317873400713E-10	6.05252042416707E-02	1E-30	3.37437597365237E-11	4.29423717121319E-02	1E-30	6.35842884702035E-10	5.64450565268752E-03	1.95972143741409E-06	1.97147998838983E-10	6.94874539696077E-02	1.93822881897313E-06	5.99553059837712E-11	0.037985630109563	2.26741754196266E-06	1.63332137912218E-11	1.03524718570503E-02	6.11669246065785E-12	5.4336190282566E-10	414.472148159996	5.3110082351276E-12	5.96830203319458E-10	151.16627206417	1E10	1E-30	1E-10	1E10	1E-30	1E-10
26	1.01972968525598E-06	1E10	1E8	1E-30	9.78795028865493E-18	1E10	1E-30	1E10	8.24150537989018E-03	3.51045043039742E-04	1E10	6.24787827857899	5.82899651118341E-04	1E10	0.821445761263572	5.34999972099684E-04	1E10	0.227026504956007	5.0253884511755E-04	1E10	6.66506359011456E-02	3.81095812203379E-04	1E10	0.015329355380711	1E-30	5.0585723492311E-10	4.73408070355563E-02	1E-30	3.61709901652125E-11	2.68737480569437E-02	1E-30	7.56655085822992E-10	5.98494365150865E-03	3.56403214937482E-06	7.43023462445443E-11	3.59374337116002E-02	1.7231689596515E-06	5.55085106517153E-11	3.21589566213295E-02	2.98323385153608E-12	1.28238990922942E-09	388.927914254526	1E10	1E-30	1E-10	1E10	1E-30	1E-10	1E10	1E-30	1E-10	1E10	1E-30	1E-10
27	9.20595580284616E-07	1E10	1E9	1E-30	4.24781667593447E-21	1E10	1E-30	1E10	6.80535632293281E-03	1.5900381908579E-04	1E10	15.5407759713237	8.33025623602675E-04	1E10	1.53476832217141	3.84502464571052E-04	1E10	0.400581181327979	4.71940374807264E-04	1E10	5.96628418785827E-02	3.75318680820371E-04	1E10	1.65127342979385E-02	1E-30	6.53723550647064E-10	4.35682215387609E-03	1.82818555240831E-06	2.01786760175787E-10	0.068245895571967	1.56377692533506E-06	6.55445826234997E-11	3.42429168882296E-02	6.6920399135627E-08	3.61641853662162E-10	3.76452413368116E-02	1.19185684124384E-09	1.56549264056416E-10	8.09596509140549E-02	2.69041451361796E-12	1.17441699359981E-09	493.216679928881	1E10	1E-30	1E-10	1E10	1E-30	1E-10	1E10	1E-30	1E-10	1E10	1E-30	1E-10
28	1.11544155534531E-06	1E10	83333333.3333333	1E-30	6.77042389572816E-23	1E10	1E-30	1E10	6.26382925958115E-03	3.76313812120868E-04	1E10	6.16441435660273	6.18744609342214E-04	1E10	0.67704954411657	8.60641140744326E-04	1E10	0.156568712031272	5.84002546609962E-04	1E10	5.25900486145518E-02	5.21645581033223E-04	1E10	1.08562187288678E-02	1E-30	4.15425663644315E-10	5.69772461298235E-02	1E-30	2.45933993976768E-11	2.32911080528873E-02	1E-30	7.07555805673792E-10	5.78656875605853E-03	1.94218321355045E-06	2.87710399882855E-10	9.44156743457604E-02	1.29654233226982E-06	1.09790867770606E-10	4.14324098223288E-02	1.5445041919784E-06	3.0215733576857E-11	2.20911164832723E-02	3.87248038942571E-12	1.06477764812385E-09	369.562298556977	1.62267882745635E-11	1.6799295887375E-10	65.7343438411691	1E10	1E-30	1E-10	1E10	1E-30	1E-10
29	1.13650273608201E-06	1E10	83333333.3333333	1E-30	3.73607189016132E-16	1E10	1E-30	1E10	6.59175942088644E-03	2.73686865011119E-04	1E10	9.18514714836985	9.49298743326329E-04	1E10	0.62695018162157	6.4906256543751E-04	1E10	0.210148547946178	5.94990389658333E-04	1E10	0.055147886896304	5.0442936251284E-04	1E10	1.33966575039086E-02	1E-30	4.4654772525747E-10	6.03963468603871E-02	1E-30	1.76797229648243E-11	3.90608586068396E-02	1E-30	7.40949437542835E-10	6.23903506799028E-03	1.95216671401368E-06	2.92291744810107E-10	9.73673514904782E-02	1.36130440631871E-06	1.07894434170484E-10	4.22935015774525E-02	1.63404593167154E-06	2.93189333462759E-11	2.16336303468262E-02	4.19809952137792E-12	8.5874507364414E-10	284.867001151036	7.09474284191562E-12	3.66995071307225E-10	199.590294489838	1E10	1E-30	1E-10	1E10	1E-30	1E-10
30	1.42615982237078E-06	1E10	66666666.6666666	1E-30	1.12915011333826E-17	1E10	1E-30	1E10	5.08549272417941E-03	2.21084829960394E-04	1E10	17.3180549794701	1.0904111204348E-03	1E10	0.550808417567771	8.00906861189856E-04	1E10	0.179766175248559	8.56656772890079E-04	1E10	4.32373099442268E-02	6.0795273054615E-04	1E10	1.15619747817721E-02	1E-30	3.93870601291191E-10	4.92386284756823E-02	1E-30	3.15813652692768E-11	0.016487134898564	1E-30	8.98404961805842E-10	6.0375362491743E-03	3.12802690281221E-06	1.87716462100472E-10	5.72221752788197E-02	1.88460910365122E-06	8.48595971360483E-11	3.22622655107972E-02	2.2692138396034E-06	2.22028792489747E-11	1.31263467159699E-02	2.30675748433051E-12	1.48813662829631E-09	742.258772173909	1E10	1E-30	1E-10	1E10	1E-30	1E-10	1E10	1E-30	1E-10
31	1.39123533245647E-06	1E10	66666666.6666666	1E-30	4.28792889304567E-24	1E10	1E-30	1E10	5.15669207609174E-03	4.99395522115641E-04	1E10	4.83837911503403	7.48616445263878E-04	1E10	0.621227329401064	9.26826891502024E-04	1E10	0.156943182909746	8.46591320401824E-04	1E10	4.51793311291622E-02	6.32051957862368E-04	1E10	1.18145636774152E-02	1E-30	2.83725204311594E-11	3.18986501846809E-02	1E-30	7.02923384180231E-10	3.73682252527899E-03	3.60421550619734E-06	1.64083967576165E-10	5.77163338337829E-02	4.36221709248783E-06	3.78141842824598E-11	4.14953591841181E-02	3.19991371661523E-06	1.32617144181733E-11	1.02757488431427E-02	1.60789482201258E-09	6.17176030559325E-10	4.81292284510767E-02	3.10814807490276E-12	1.18355406322871E-09	431.530425166126	1E10	1E-30	1E-10	1E10	1E-30	1E-10	1E10	1E-30	1E-10
32	2.02844585021115E-06	1E10	45454545.4545454	1E-30	1.10118008194101E-16	1E10	1E-30	1E10	5.4723676777431E-03	3.89204873628616E-04	1E10	9.94843125197768	1.48032383330221E-03	1E10	0.366545912323093	1.303209175496E-3	1E10	0.123286413802011	1.1861031323981E-03	1E10	3.54681501364688E-02	8.92326672332318E-04	1E10	9.16763841140711E-03	1E-30	4.71688434500604E-10	0.048539011664613	1E-30	3.08596495705467E-11	1.90571366254728E-02	1E-30	1.03408943265984E-09	5.9941412113372E-03	3.61072569066569E-06	2.99089543042501E-10	5.56247999560432E-02	2.47957426094228E-06	1.12973330492256E-10	3.07765343398124E-02	2.48292194052018E-06	3.79316883987435E-11	1.72569911909666E-02	3.17635201885588E-12	1.2447484055928E-09	372.27329974091	1E10	1E-30	1E-10	1E10	1E-30	1E-10	1E10	1E-30	1E-10
33	2.03012397839059E-06	1E10	45454545.4545454	1E-30	6.09100534536221E-18	1E10	1E-30	1E10	5.17626472827043E-03	7.63625314592329E-04	1E10	2.97981569378742	1.22030737797196E-03	1E10	0.446695908192599	1.08315187935721E-03	1E10	0.127332824640492	1.24450464143761E-03	1E10	3.59720792328921E-02	7.94501241532645E-04	1E10	9.8818020447437E-03	1E-30	5.34034533550768E-10	4.95378491128672E-02	1E-30	2.42536722096595E-11	2.00484640116297E-02	1E-30	9.13233942855025E-10	5.30951516790045E-03	3.67958202289048E-06	2.88310847641843E-10	0.063907420018916	2.5777506471266E-06	1.10661548447331E-10	3.10816425310931E-02	2.6879132154007E-06	3.54122562172366E-11	0.016568300941973	3.2375421240719E-12	1.21036604441079E-09	357.762736415789	1E10	1E-30	1E-10	1E10	1E-30	1E-10	1E10	1E-30	1E-10
END DSCRDATA
