BEGIN DSCRDATA
% INDEX	K01	L01	M01	K02	L02	M02	K03	L03	M03	K04	L04	M04	K05	L05	M05	K06	L06	M06	K07	L07	M07	K08	L08	M08	K09	L09	M09	K10	L10	M10	K11	L11	M11	K12	L12	M12	K13	L13	M13	K14	L14	M14	K15	L15	M15	K16	L16	M16	K17	L17	M17	K18	L18	M18
0	0	0	0	0	0	0	0	0	0	0	0	0	0	0	0	0	0	0	0	0	0	0	0	0	0	0	0	0	0	0	0	0	0	0	0	0	0	0	0	0	0	0	0	0	0	0	0	0	0	0	0	0	0	0
1	1.01666890585199E-07	1E10	1E9	1E-30	3.22677050667831E-22	1E10	1E-30	1E10	1.85881138647472E-02	3.66919113939642E-05	1E10	51.8091001215519	5.54093497378195E-05	1E10	5.7653886999068	5.83609145189397E-05	1E10	1.27642725063596	4.42965187113889E-05	1E10	0.350669661181622	3.23172563331387E-05	1E10	6.57747257073612E-02	1E-30	2.13543924758443E-10	6.12175341411764E-03	5.46368041169518E-07	2.23717419069658E-11	3.73384444238378E-02	1.03093022898928E-08	1.71167384534493E-10	0.080307863848425	6.18637782201162E-12	8.4013190206047E-10	169.305213133876	4.84229920811202E-12	6.34858071662293E-10	69.7712340513125	1E10	1E-30	1E-10	1E10	1E-30	1E-10	1E10	1E-30	1E-10	1E10	1E-30	1E-10	1E10	1E-30	1E-10
2	1.2885028563651E-07	1E10	769230769.230769	1E-30	3.03028479436121E-10	1E10	1E-30	1E10	1.19523753980804E-02	2.89098822352374E-05	1E10	5.01187233627267E-02	1E-30	1.83393411540002E-10	9.12010839355898E-02	1E-30	3.95465392282496E-12	2.51188643150955E-02	1E-30	2.98489197319048E-10	8.91250938133734E-03	3.12360687435147E-07	1.05015224806734E-10	0.159261915393512	1.52864555973922E-07	7.79608793976459E-11	0.162307910615641	2.84141760576266E-07	1.94944655780252E-11	0.024459961604968	2.088740897687E-07	1.546734519672E-11	3.92072138549475E-02	4.05074539248573E-12	9.63100355995956E-10	202.58455759999	1E10	1E-30	1E-10	1E10	1E-30	1E-10	1E10	1E-30	1E-10	1E10	1E-30	1E-10	1E10	1E-30	1E-10	1E10	1E-30	1E-10
3	1.58478565244465E-07	1E10	666666666.666666	1E-30	3.32900378862488E-18	1E10	1E-30	1E10	1.48930401811403E-02	5.34509755099967E-05	1E10	37.3646919697524	8.37836269355869E-05	1E10	4.01717599293883	8.52401319651428E-05	1E10	0.928063770164157	6.54853110503907E-05	1E10	0.246229731166665	5.18837449946323E-05	1E10	4.59327904432646E-02	1E-30	2.76297361894914E-10	4.65224609459519E-03	1E-30	1.17097778295556E-10	1.9760178317947E-03	5.14822707238325E-07	5.04170882751369E-11	5.50385568981413E-02	1.50917658495945E-07	5.37881583426474E-11	0.056043216674821	5.56224030915947E-08	3.15653118639582E-11	3.16436987013742E-02	2.10207165533785E-07	3.405515709986E-12	2.35877332579336E-02	2.44773507391727E-09	1.3622008929817E-10	4.58373002839051E-02	2.76183016513099E-12	1.35879509508277E-09	284.074957585809	1E10	1E-30	1E-10	1E10	1E-30	1E-10
4	2.21386218407652E-07	1E10	454545454.545454	1E-30	5.45195736933169E-16	1E10	1E-30	1E10	1.28324935118945E-02	8.21452577431575E-05	1E10	24.4057775342422	1.2956898177939E-04	1E10	2.56823848674621	1.33105025359953E-04	1E10	0.627902560472276	1.02021116034346E-04	1E10	0.170791213945153	8.11009386590241E-05	1E10	3.32223147591211E-02	1E-30	9.18352248330786E-11	1.99901443004904E-02	1E-30	5.82315317613875E-10	9.24885215204408E-03	6.7479410288135E-07	6.90388085007823E-11	6.57406210950779E-02	2.08052911562809E-07	7.3926553212453E-11	5.99861642012424E-02	1.33019774647885E-08	1.15578652149922E-10	5.73118969553602E-02	2.94043838052939E-12	1.37799406654763E-09	239.165560883392	1E10	1E-30	1E-10	1E10	1E-30	1E-10	1E10	1E-30	1E-10	1E10	1E-30	1E-10
5	2.23646941985303E-07	1E10	454545454.545454	1E-30	2.92806227835904E-11	1E10	1E-30	1E10	1.39665872932745E-02	7.57337976841199E-05	1E10	19.8826530326494	1.32361783971436E-04	1E10	2.14870041001843	1.05815902331028E-04	1E10	0.654077413568541	9.23032431191596E-05	1E10	0.14711339361768	8.87562830454922E-05	1E10	2.68617480813425E-02	1E-30	2.19129331245997E-10	6.49472259411515E-02	1E-30	3.07446390626801E-10	7.38876854892922E-03	1.13375346679618E-06	2.54358823103573E-11	2.58168196342834E-02	2.80813807600647E-07	2.97098670019212E-11	2.56207829710053E-02	5.72482793815535E-12	8.46751005524851E-10	185.406105989566	5.54275261172418E-12	5.35281929579252E-10	88.6894059576749	1E10	1E-30	1E-10	1E10	1E-30	1E-10	1E10	1E-30	1E-10	1E10	1E-30	1E-10
6	2.25696978427753E-07	1E10	454545454.545454	1E-30	3.94174904163912E-10	1E10	1E-30	1E10	1.02024355436598E-02	6.7771378983349E-05	1E10	0.021379620895022	1E-30	2.05153873105956E-12	0.093325430079698	1E-30	3.16896403628157E-10	7.76247116628682E-02	1E-30	4.4570256345797E-10	7.41310241300908E-03	5.72261047907592E-07	1.05158524706496E-10	0.106247928251168	2.82998771146086E-07	7.44602324262391E-11	0.107953665989956	4.17196337796869E-12	8.9302990539958E-10	228.783994058532	1E10	1E-30	1E-10	1E10	1E-30	1E-10	1E10	1E-30	1E-10	1E10	1E-30	1E-10	1E10	1E-30	1E-10	1E10	1E-30	1E-10	1E10	1E-30	1E-10	1E10	1E-30	1E-10
7	2.24152445217105E-07	1E10	454545454.545454	1E-30	1.42354444455579E-17	1E10	1E-30	1E10	1.39899392554479E-02	7.60338029379021E-05	1E10	21.0237240306472	1.40912833249602E-04	1E10	2.12691495082745	1.13008039594702E-04	1E10	0.708720464746357	9.57680644813035E-05	1E10	0.162898004960695	8.60235479464626E-05	1E10	3.20302113354208E-02	1E-30	4.13532319941094E-10	9.79631175000778E-03	7.78147991756968E-07	3.82284017892255E-11	0.029786365011358	2.0552635755624E-07	4.38146581601132E-11	3.45274606346262E-02	7.09737807807886E-09	1.51558741119595E-10	6.26712741491464E-02	6.96977788131549E-12	7.20304735906072E-10	153.668228518828	4.01819813936097E-12	7.83420733931E-10	120.684754903958	1E10	1E-30	1E-10	1E10	1E-30	1E-10	1E10	1E-30	1E-10	1E10	1E-30	1E-10
8	2.62940603919022E-07	1E10	370370370.37037	1E-30	1.04210831712595E-22	1E10	1E-30	1E10	1.07437187898111E-02	9.23878329584336E-05	1E10	21.8307828497975	1.48356254606767E-04	1E10	2.31598054299295	1.53311265472085E-04	1E10	0.580489931757866	1.19046204077845E-04	1E10	0.161755381618303	9.40486663385564E-05	1E10	3.32879724194109E-02	1E-30	3.803279925333E-10	3.69144822182733E-03	1E-30	3.80509811541281E-10	9.26547809544788E-04	1.16741605103314E-06	5.41992713230307E-11	7.47719877627242E-02	7.29900531483898E-07	3.04845995583232E-11	5.96552415786481E-02	9.78507796027746E-10	5.78179500883867E-10	8.30299133279743E-02	2.85669340345378E-12	1.29229229417228E-09	387.630346010056	1E10	1E-30	1E-10	1E10	1E-30	1E-10	1E10	1E-30	1E-10	1E10	1E-30	1E-10
9	3.30816169906106E-07	1E10	303030303.030303	1E-30	5.68860502458698E-11	1E10	1E-30	1E10	1.04012953253645E-02	1.20490062886624E-04	1E10	16.1545756167687	1.80727571769723E-04	1E10	1.76588702974246	1.8866351087464E-04	1E10	0.425129905835681	1.43516765633371E-04	1E10	0.121178956685091	1.4029744798817E-04	1E10	2.09534974387521E-02	1E-30	2.63698844221845E-10	5.23669111804407E-02	1E-30	3.27799310801001E-11	4.61952640985868E-02	1E-30	2.643977526069E-10	5.10068567641389E-03	1.2049566704783E-06	4.69840536483181E-11	4.21013141343228E-02	4.19114300607511E-07	4.42256947837646E-11	4.18897177253846E-02	6.34413929127175E-12	6.77286041848305E-10	119.823092327761	4.85015583171367E-12	5.60927893354463E-10	441.666575042345	1E10	1E-30	1E-10	1E10	1E-30	1E-10	1E10	1E-30	1E-10
10	3.27218000863972E-07	1E10	303030303.030303	1E-30	3.586924803754E-15	1E10	1E-30	1E10	1.12587672019585E-02	1.10808170291273E-04	1E10	18.3818894949625	1.7528736571629E-04	1E10	1.99688484384327	1.83719874260698E-04	1E10	0.506864975881967	1.42243536287275E-04	1E10	0.144129681726641	1.38154406064215E-04	1E10	2.94142042354146E-02	1E-30	4.96923791261247E-10	8.1734994264928E-03	1E-30	4.61881451230618E-11	4.82092658875947E-03	1.00937423330504E-06	5.53321309755773E-11	3.74185783486646E-02	2.93943328843949E-07	6.05813023317545E-11	4.20640229181105E-02	9.00454873008076E-09	1.55629828955575E-10	5.89738614539951E-02	3.03566083244201E-12	1.32443712274406E-09	258.473286802891	1E10	1E-30	1E-10	1E10	1E-30	1E-10	1E10	1E-30	1E-10	1E10	1E-30	1E-10
11	4.72932009112305E-07	1E10	212765957.446809	1E-30	2.76813439536337E-19	1E10	1E-30	1E10	8.72414279367962E-03	2.15719517277374E-04	1E10	0.131731278380668	3.10862377157214E-04	1E10	3.56147062403007E-02	1.85335404612052E-04	1E10	1.19518223578163E-02	1E-30	2.9879754316666E-10	5.89360301633073E-02	1E-30	2.26890360509798E-11	2.09793123646692E-02	1E-30	6.15976788081012E-10	6.78651399567033E-03	1.38915165949681E-06	7.39037287311162E-11	5.27758885771245E-02	6.75902448620352E-07	5.32360681100691E-11	4.65582336702296E-02	4.50832741022199E-12	7.54920829093279E-10	242.75349237569	7.97055998655927E-12	4.25990324463632E-10	1025.80526580627	1E10	1E-30	1E-10	1E10	1E-30	1E-10	1E10	1E-30	1E-10	1E10	1E-30	1E-10	1E10	1E-30	1E-10
12	4.42495302032261E-07	1E10	212765957.446808	1E-30	4.28277313739587E-11	1E10	1E-30	1E10	9.19586552285155E-03	1.56121580868234E-04	1E10	13.5014784924889	2.53354331435239E-04	1E10	1.52859744634973	2.62459158547931E-04	1E10	0.39932235201324	1.98322903531167E-04	1E10	0.118085071158766	1.62563319180211E-04	1E10	2.34115617396055E-02	1E-30	1.88889569167161E-10	4.51596859427706E-02	1E-30	1.42339626082098E-10	3.12359266313059E-02	1E-30	6.03001401496761E-10	7.98049067495471E-03	8.28807736706626E-07	2.56800997199368E-10	0.135044434961087	4.88199256669746E-07	9.35056790850294E-11	5.78082974756716E-02	5.66243888895707E-07	2.58825601838281E-11	2.71580742376134E-02	6.75705978463271E-12	5.83215543993242E-10	139.834104509149	4.3770286502754E-12	6.07696063270094E-10	182.819606906973	1E10	1E-30	1E-10	1E10	1E-30	1E-10
13	4.5313131723135E-07	1E10	212765957.446808	1E-30	1.04215041953923E-11	1E10	1E-30	1E10	9.04208007054716E-03	1.68069054870419E-04	1E10	12.9103881042362	2.60673708124461E-04	1E10	1.54064675874414	2.6408382721353E-04	1E10	0.407790235487691	2.04960810444333E-04	1E10	0.122664192225426	1.8182455536806E-04	1E10	2.40697135497005E-02	1E-30	2.95787245201966E-11	7.36714275524152E-02	1E-30	4.28718772429451E-10	4.56066549494277E-03	1.32901708489236E-06	7.36421007768692E-11	5.34993204060984E-02	7.99804297993829E-07	4.38952376713252E-11	5.10053934169596E-02	7.33014986145978E-10	4.44097837950172E-10	6.53837144413199E-02	3.68301023255315E-12	8.50872038332017E-10	311.894015586216	8.07923491882477E-12	3.02415986169329E-10	270.374809013118	1E10	1E-30	1E-10	1E10	1E-30	1E-10	1E10	1E-30	1E-10
14	4.603008676348E-07	1E10	212765957.446808	1E-30	5.22508935677261E-11	1E10	1E-30	1E10	8.96345472761681E-03	1.56377341394086E-04	1E10	15.2182553054863	2.48329048521547E-04	1E10	1.62023005939608	2.80546899448382E-04	1E10	0.41162830292346	1.9643790184156E-04	1E10	0.132979767553488	1.65287861753344E-04	1E10	2.53798946990675E-02	1E-30	3.08817044479417E-10	0.062951043999174	1E-30	4.40521885494141E-11	8.28227982063539E-03	1E-30	5.35361900409389E-10	7.01031596485416E-03	1.32980685289957E-06	7.33222609038657E-11	5.48248668438875E-02	6.25651945589925E-07	5.42494510143429E-11	0.049752061005753	2.52749776496429E-12	1.09649323005417E-09	468.341069682671	1E10	1E-30	1E-10	1E10	1E-30	1E-10	1E10	1E-30	1E-10	1E10	1E-30	1E-10
15	5.80832916688502E-07	1E10	178571428.571428	1E-30	8.53275402556762E-19	1E10	1E-30	1E10	7.63707879918407E-03	2.63678528698403E-04	1E10	0.105783551385712	3.83570862323098E-04	1E10	3.26555839672235E-02	2.08904066845622E-04	1E10	1.15848275293596E-02	1E-30	3.31047627655974E-10	6.49116229416224E-02	1E-30	6.72696794072766E-10	7.40417357471562E-03	2.50840793634849E-06	4.36852041818873E-11	3.06018023340759E-02	1.00408643341799E-06	3.67641612028744E-11	3.11794423972969E-02	6.64304509263127E-12	6.19168756559206E-10	266.644717983701	4.38771354518538E-12	7.08651730808846E-10	190.525502120845	1E10	1E-30	1E-10	1E10	1E-30	1E-10	1E10	1E-30	1E-10	1E10	1E-30	1E-10	1E10	1E-30	1E-10	1E10	1E-30	1E-10
16	5.56054869721435E-07	1E10	178571428.571428	1E-30	8.6448575612384E-18	1E10	1E-30	1E10	8.85650020857134E-03	2.07860278626192E-04	1E10	9.86425035708642	3.24771747565982E-04	1E10	1.18664331012501	3.46390041120889E-04	1E10	0.30401337366908	2.67389578800057E-04	1E10	0.091951122736193	2.6014501041411E-04	1E10	1.93936141702257E-02	1E-30	5.12700938954764E-10	4.46797736736704E-03	8.57517278131915E-07	3.07993313801796E-10	0.13089241324799	1.05527429306345E-06	7.22150760638862E-11	0.069114720278476	1.13317863741644E-06	4.37668487962602E-11	3.03170070855915E-02	8.68208392425111E-07	2.59850855659522E-11	2.98813568292064E-02	9.36338654922096E-10	3.98118162261334E-10	8.38969479165878E-02	3.30643567427821E-12	1.06826704819072E-09	420.625435443268	1.58553226385089E-11	1.55642039264351E-10	79.0621827925248	1E10	1E-30	1E-10	1E10	1E-30	1E-10
17	5.64490848509301E-07	1E10	178571428.571428	1E-30	7.78436319981375E-22	1E10	1E-30	1E10	8.42109709862914E-03	2.14696594414475E-04	1E10	10.3140058717549	3.07341716203937E-04	1E10	1.23597748036824	3.48731940977547E-04	1E10	0.282787626070199	2.53336647568666E-04	1E10	9.30923235099789E-02	2.27568148895067E-04	1E10	1.60713165826288E-02	1E-30	1.95154064166473E-11	8.68326286701128E-02	1E-30	2.76609216716973E-10	6.13892028129749E-02	1E-30	1.39724832407203E-10	6.23819982305611E-03	1E-30	4.94775414989554E-10	5.51027314004168E-03	1.52516573752672E-06	9.06608319868934E-11	5.29474019377208E-02	3.58687849646583E-07	1.26438147028174E-10	4.40507903089048E-02	3.87209414192046E-12	1.04796239469804E-09	316.620548466436	1.22123036021392E-11	2.20331174434346E-10	105.922640264522	1E10	1E-30	1E-10	1E10	1E-30	1E-10
18	5.87372660089569E-07	1E10	178571428.57	1E-30	1.32710448428931E-16	1E10	1E-30	1E10	8.5986179993259E-03	1.95573114246497E-04	1E10	10.9647640016989	2.81822570669239E-04	1E10	1.26156507793735	3.15185923963064E-04	1E10	0.287882373094752	2.4701200321552E-04	1E10	8.83402189011843E-02	2.39259884287143E-04	1E10	1.54721295510509E-02	1E-30	3.01633750965245E-10	4.93701606535408E-02	1E-30	3.10637184232717E-11	3.15954886033485E-02	1E-30	4.0830279440521E-10	5.47648984266595E-03	2.21171210178365E-06	4.93457619400558E-11	3.24998244291783E-02	8.14235633482251E-07	4.50649433925991E-11	0.031983860345642	4.31920815109741E-12	9.09335797638826E-10	264.449884888476	7.16801701329127E-12	3.77875997199559E-10	181.651238712519	1E10	1E-30	1E-10	1E10	1E-30	1E-10	1E10	1E-30	1E-10
19	6.05743337748249E-07	1E10	178571428.571428	1E-30	1.6055254883877E-17	1E10	1E-30	1E10	8.24139422934549E-03	1.91663907414486E-04	1E10	11.7324139873128	2.96052802439684E-04	1E10	1.35546822926135	3.35914177660106E-04	1E10	0.330679233606142	2.39327335064335E-04	1E10	0.109259983540967	2.06014520345306E-04	1E10	2.07368281698969E-02	1E-30	1.72274007506913E-10	2.92422351140784E-02	1E-30	1.39528114633142E-10	2.78237591723263E-02	1E-30	7.14191977466015E-10	8.61290057825783E-03	1.52392571299346E-06	1.85960774997578E-10	9.06571898581587E-02	8.27300621604003E-07	7.45520348601983E-11	4.49106643083834E-02	7.38210222665992E-07	2.55511580295057E-11	2.12189480375556E-02	2.90524845033905E-12	1.27405043064432E-09	310.112084646793	1E10	1E-30	1E-10	1E10	1E-30	1E-10	1E10	1E-30	1E-10
20	7.05271804566086E-07	1E10	147058823.529412	1E-30	1.08696033332823E-18	1E10	1E-30	1E10	8.90095486990055E-03	2.38150906425077E-04	1E10	9.65662992107371E-02	4.1297554362865E-04	1E10	1.41792064720092E-02	3.9910081242414E-04	1E10	3.41775515781139E-03	1E-30	3.22076629547223E-10	6.28863174668879E-02	1E-30	7.91240297735808E-12	1.11261935873756E-02	1E-30	3.67955964441697E-10	5.38389203520297E-03	2.97012136632979E-06	4.91198210104178E-11	3.00950832883591E-02	9.56481602155379E-07	5.19072242170579E-11	2.80096346657846E-02	2.87475027768092E-12	1.24135258555821E-09	438.370637684223	1E10	1E-30	1E-10	1E10	1E-30	1E-10	1E10	1E-30	1E-10	1E10	1E-30	1E-10	1E10	1E-30	1E-10	1E10	1E-30	1E-10
21	6.18564144236676E-07	1E10	147058823.529411	1E-30	2.99810130789372E-19	1E10	1E-30	1E10	9.37104827650699E-03	2.26492853336786E-04	1E10	9.8471950760954	3.49702069931859E-04	1E10	1.12333545146033	3.95134307014519E-04	1E10	0.273248606352793	2.95899232860224E-04	1E10	8.65626292183069E-02	3.11235794647951E-04	1E10	1.63115920383895E-02	1E-30	3.4365260523896E-10	4.91875488108279E-02	1E-30	5.1753110090578E-11	2.30769291931637E-02	1E-30	5.72223286244585E-10	7.93147039174812E-03	1.92931268036041E-06	7.23326003582131E-11	5.19840585793713E-02	9.53155110719228E-07	5.23809619157569E-11	4.89127007737155E-02	6.00671018273702E-12	6.55446996414692E-10	270.286105073341	4.6281537325405E-12	6.37665265629094E-10	181.508465337835	1E10	1E-30	1E-10	1E10	1E-30	1E-10	1E10	1E-30	1E-10
22	7.01090738307489E-07	1E10	147058823.529412	1E-30	2.08820996343881E-11	1E10	1E-30	1E10	7.23600246865819E-03	2.51664184365674E-04	1E10	8.72770131746138	3.52209944616274E-04	1E10	1.02284174198208	4.06352831689102E-04	1E10	0.224705725517055	3.19170618411425E-04	1E10	7.08561365024199E-02	3.04612622442203E-04	1E10	1.22347637390772E-02	1E-30	2.344072824326E-10	3.90833367444115E-02	1E-30	7.71608956284163E-11	1.79664413687357E-02	1E-30	5.28536369876688E-10	5.6498105148755E-03	2.28762581167351E-06	6.41883707359864E-11	3.50949803735013E-02	8.75303787965259E-07	5.80104615267121E-11	3.51919672871182E-02	2.79063265706153E-12	1.18249351505075E-09	372.169403374916	1E10	1E-30	1E-10	1E10	1E-30	1E-10	1E10	1E-30	1E-10	1E10	1E-30	1E-10
23	6.69524318092169E-07	1E10	147058823.529411	1E-30	1.83484706861838E-17	1E10	1E-30	1E10	7.79479474652579E-03	2.50146531683778E-04	1E10	8.68848864757689	3.79860695694226E-04	1E10	1.04307687908092	4.33290143028687E-04	1E10	0.247724292450013	3.22907798018104E-04	1E10	8.15986592797727E-02	3.07072249306554E-04	1E10	1.64715355119463E-02	1E-30	1.62709878665583E-10	3.44519469062003E-02	1E-30	1.49881305386089E-10	2.81863430376985E-02	1E-30	6.1358647592868E-10	7.15410704155216E-03	1.51022981780959E-06	1.82219138703802E-10	7.79803804190776E-02	7.62693578745149E-07	7.49069615696236E-11	4.04309600084609E-02	9.95237404534279E-07	1.77823137759752E-11	1.62010554353571E-02	5.57069597316803E-12	7.01986949936556E-10	215.378465740184	5.19873604254193E-12	5.21393003517671E-10	176.209346543098	1E10	1E-30	1E-10	1E10	1E-30	1E-10
24	1.04593489410201E-06	1E10	1E8	1E-30	3.10117126624277E-23	1E10	1E-30	1E10	7.04168295066055E-03	2.42220687586209E-04	1E10	6.86059104028782	8.86954915939749E-04	1E10	1.37978050813288	5.04952069884511E-04	1E10	0.228964235425423	6.96653145611773E-04	1E10	4.53584312504398E-02	4.13213720305847E-04	1E10	1.38695805857994E-02	1E-30	4.19325590876614E-10	5.15159319312674E-02	1E-30	2.37871534617319E-11	2.22468706877823E-02	1E-30	7.83755038400238E-10	6.61073042888263E-03	2.88581115350996E-06	9.85644292701974E-11	4.37568886141972E-02	1.49877768612888E-06	7.01646377871997E-11	4.29066260239548E-02	3.65501407581782E-12	1.11417804784322E-09	446.992263746726	1.8270876946688E-11	1.46346528508237E-10	40.1115414528589	1E10	1E-30	1E-10	1E10	1E-30	1E-10	1E10	1E-30	1E-10
25	9.56465175330659E-07	1E10	1E8	1E-30	9.36364810444453E-17	1E10	1E-30	1E10	7.11283990954796E-03	3.2390855451778E-04	1E10	7.16226603036869	5.02273474822789E-04	1E10	0.803699160299299	5.59732349905403E-04	1E10	0.197045488901058	4.56316273535438E-04	1E10	6.25859809678857E-02	4.00895877975674E-04	1E10	1.30408356179192E-02	1E-30	4.78317873400713E-10	6.05252042416707E-02	1E-30	3.37437597365237E-11	4.29423717121319E-02	1E-30	6.35842884702035E-10	5.64450565268752E-03	1.95972143741409E-06	1.97147998838983E-10	6.94874539696077E-02	1.93822881897313E-06	5.99553059837712E-11	0.037985630109563	2.26741754196266E-06	1.63332137912218E-11	1.03524718570503E-02	6.11669246065785E-12	5.4336190282566E-10	414.472148159996	5.3110082351276E-12	5.96830203319458E-10	151.16627206417	1E10	1E-30	1E-10	1E10	1E-30	1E-10
26	1.01972968525598E-06	1E10	1E8	1E-30	9.78795028865493E-18	1E10	1E-30	1E10	8.24150537989018E-03	3.51045043039742E-04	1E10	6.24787827857899	5.82899651118341E-04	1E10	0.821445761263572	5.34999972099684E-04	1E10	0.227026504956007	5.0253884511755E-04	1E10	6.66506359011456E-02	3.81095812203379E-04	1E10	0.015329355380711	1E-30	5.0585723492311E-10	4.73408070355563E-02	1E-30	3.61709901652125E-11	2.68737480569437E-02	1E-30	7.56655085822992E-10	5.98494365150865E-03	3.56403214937482E-06	7.43023462445443E-11	3.59374337116002E-02	1.7231689596515E-06	5.55085106517153E-11	3.21589566213295E-02	2.98323385153608E-12	1.28238990922942E-09	388.927914254526	1E10	1E-30	1E-10	1E10	1E-30	1E-10	1E10	1E-30	1E-10	1E10	1E-30	1E-10
27	9.13387275994247E-07	1E10	1E9	1E-30	3.96290439942377E-23	1E10	1E-30	1E10	7.51942163936958E-03	3.32150178925492E-04	1E10	6.34424423627602	5.46463171147927E-04	1E10	0.811160681666506	5.11059392353912E-04	1E10	0.220518190673659	4.72409572577749E-04	1E10	0.063517642785323	3.96355968607423E-04	1E10	1.31580811899477E-02	1E-30	4.11229364670189E-10	5.93397505873783E-02	1E-30	2.1422180092948E-11	3.66679422258803E-02	1E-30	6.82218013299299E-10	6.75582738632675E-03	1.79320015935536E-06	2.10101247529297E-10	8.00782236203922E-02	1.27496621072299E-06	8.44262543483725E-11	4.35168628430033E-02	1.40657720886586E-06	2.41975025547555E-11	1.48615352578268E-02	3.06401454459217E-12	1.14383652093256E-09	572.89472972994	7.35831738362928E-11	2.72020306388529E-11	9.33247678045132	1E10	1E-30	1E-10	1E10	1E-30	1E-10
28	1.11544155534531E-06	1E10	83333333.3333333	1E-30	6.77042389572816E-23	1E10	1E-30	1E10	6.26382925958115E-03	3.76313812120868E-04	1E10	6.16441435660273	6.18744609342214E-04	1E10	0.67704954411657	8.60641140744326E-04	1E10	0.156568712031272	5.84002546609962E-04	1E10	5.25900486145518E-02	5.21645581033223E-04	1E10	1.08562187288678E-02	1E-30	4.15425663644315E-10	5.69772461298235E-02	1E-30	2.45933993976768E-11	2.32911080528873E-02	1E-30	7.07555805673792E-10	5.78656875605853E-03	1.94218321355045E-06	2.87710399882855E-10	9.44156743457604E-02	1.29654233226982E-06	1.09790867770606E-10	4.14324098223288E-02	1.5445041919784E-06	3.0215733576857E-11	2.20911164832723E-02	3.87248038942571E-12	1.06477764812385E-09	369.562298556977	1.62267882745635E-11	1.6799295887375E-10	65.7343438411691	1E10	1E-30	1E-10	1E10	1E-30	1E-10
29	1.17003945088479E-06	1E10	83333333.3333333	1E-30	3.27550346244547E-11	1E10	1E-30	1E10	6.87153044826701E-03	2.66247407519636E-04	1E10	7.09196682804835	6.87900483608611E-04	1E10	3.88305273297832	5.14824121513341E-04	1E10	0.292438101913069	6.3950689434685E-04	1E10	4.76200460897575E-02	4.92013993825002E-04	1E10	1.21765751328876E-02	1E-30	4.62521914778392E-10	5.56560197087174E-02	1E-30	4.09810739517936E-11	1.34599605348644E-02	1E-30	7.65768949092774E-10	6.14787184855804E-03	2.06312882437144E-06	2.81749153698991E-10	8.26897567832599E-02	1.36787592725587E-06	1.05237240370897E-10	3.41894165247928E-02	1.99452795262912E-06	2.39106441041342E-11	1.55332345496351E-02	3.91097978596197E-12	9.07690754528533E-10	295.470302516253	9.21058290678142E-12	2.80902205697743E-10	113.067850192739	1E10	1E-30	1E-10	1E10	1E-30	1E-10
30	1.40594721369099E-06	1E10	66666666.6666666	1E-30	6.37061512603193E-10	1E10	1E-30	1E10	5.53492058060416E-03	4.60022180404496E-04	1E10	4.78280960654134	9.41431421779347E-04	1E10	0.595024117398483	8.5930730132273E-04	1E10	0.15655672448573	8.0150503157989E-04	1E10	4.60565825698174E-02	6.14150906122519E-04	1E10	1.17473918314171E-02	1E-30	4.33665029819593E-10	4.74173402553921E-02	1E-30	8.11343576587491E-10	5.56825166457772E-03	3.20879336523045E-06	1.83303539519346E-10	5.52723385023898E-02	2.30780644821308E-06	6.882234479049E-11	2.86269870403528E-02	1.32360994734546E-06	4.16466044768271E-11	1.36948414903986E-02	9.07594391942405E-09	3.61467444492549E-11	2.07930597952389E-02	1.10780624974733E-10	3.27405907610709E-11	290.640171394114	6.28337202574705E-12	5.11242675050183E-10	84.6955413557621	1E10	1E-30	1E-10	1E10	1E-30	1E-10
31	1.39123533245647E-06	1E10	66666666.6666666	1E-30	4.28792889304567E-24	1E10	1E-30	1E10	5.15669207609174E-03	4.99395522115641E-04	1E10	4.83837911503403	7.48616445263878E-04	1E10	0.621227329401064	9.26826891502024E-04	1E10	0.156943182909746	8.46591320401824E-04	1E10	4.51793311291622E-02	6.32051957862368E-04	1E10	1.18145636774152E-02	1E-30	2.83725204311594E-11	3.18986501846809E-02	1E-30	7.02923384180231E-10	3.73682252527899E-03	3.60421550619734E-06	1.64083967576165E-10	5.77163338337829E-02	4.36221709248783E-06	3.78141842824598E-11	4.14953591841181E-02	3.19991371661523E-06	1.32617144181733E-11	1.02757488431427E-02	1.60789482201258E-09	6.17176030559325E-10	4.81292284510767E-02	3.10814807490276E-12	1.18355406322871E-09	431.530425166126	1E10	1E-30	1E-10	1E10	1E-30	1E-10	1E10	1E-30	1E-10
32	2.04906499995302E-06	1E10	45454545.4545454	1E-30	3.89723085828773E-16	1E10	1E-30	1E10	4.98659212550176E-03	7.12188174044237E-04	1E10	4.90611340110097	1.09035048158115E-03	1E10	0.305551693210326	1.1512099085036E-03	1E10	6.57405182504469E-02	7.99435955580784E-04	1E10	1.51156597173641E-02	1E-30	4.77870921696865E-10	4.77740022690963E-02	1E-30	3.29510042045861E-11	2.14364778562281E-02	1E-30	9.58573238631132E-10	5.71480468418951E-03	3.60777095386266E-06	3.01065322828713E-10	6.77471295133855E-02	3.64309797260393E-06	8.5374432243524E-11	3.80353784686511E-02	6.74678436223292E-06	3.02949650448493E-11	0.019477411239306	2.37577578411014E-06	4.09745868556501E-11	0.019585607543565	2.88125491678137E-12	1.17789597467034E-09	400.73591492364	1E10	1E-30	1E-10	1E10	1E-30	1E-10	1E10	1E-30	1E-10
33	2.03012397839059E-06	1E10	45454545.4545454	1E-30	6.09100534536221E-18	1E10	1E-30	1E10	5.17626472827043E-03	7.63625314592329E-04	1E10	2.97981569378742	1.22030737797196E-03	1E10	0.446695908192599	1.08315187935721E-03	1E10	0.127332824640492	1.24450464143761E-03	1E10	3.59720792328921E-02	7.94501241532645E-04	1E10	9.8818020447437E-03	1E-30	5.34034533550768E-10	4.95378491128672E-02	1E-30	2.42536722096595E-11	2.00484640116297E-02	1E-30	9.13233942855025E-10	5.30951516790045E-03	3.67958202289048E-06	2.88310847641843E-10	0.063907420018916	2.5777506471266E-06	1.10661548447331E-10	3.10816425310931E-02	2.6879132154007E-06	3.54122562172366E-11	0.016568300941973	3.2375421240719E-12	1.21036604441079E-09	357.762736415789	1E10	1E-30	1E-10	1E10	1E-30	1E-10	1E10	1E-30	1E-10
END DSCRDATA
