BEGIN DSCRDATA
% INDEX	K01	L01	M01	K02	L02	M02	K03	L03	M03	K04	L04	M04	K05	L05	M05	K06	L06	M06	K07	L07	M07	K08	L08	M08	K09	L09	M09	K10	L10	M10	K11	L11	M11	K12	L12	M12	K13	L13	M13	K14	L14	M14	K15	L15	M15	K16	L16	M16	K17	L17	M17	K18	L18	M18
0	0	0	0	0	0	0	0	0	0	0	0	0	0	0	0	0	0	0	0	0	0	0	0	0	0	0	0	0	0	0	0	0	0	0	0	0	0	0	0	0	0	0	0	0	0	0	0	0	0	0	0	0	0	0
1	9.99999999999999E-07	1E10	5E7	1E-30	6.90079181197438E-10	1E10	1E-30	1E10	1.06111766688032E-02	8.35835656275879E-05	1E10	24.5280534680311	1.13129219227343E-04	1E10	2.47049717122528	1.28215752038673E-04	1E10	0.482606834671111	1.00720553759088E-04	1E10	0.126819286207696	7.08368664666168E-05	1E10	2.29703551568913E-02	1E-30	5.3621978471683E-11	8.56871357399417E-02	1E-30	3.37206166964154E-10	3.36470414082419E-02	1E-30	3.01798842335914E-10	2.95729983925188E-02	1.49764780638191E-05	1.07860843984363E-11	5.95889342596743E-03	1.13207741160565E-05	7.33487865079852E-12	5.48006732037305E-03	4.04505054032005E-11	3.20287574137138E-11	4.98519529580081	9.01685820181773E-12	8.1124130739734E-11	7.19904618674944	1E10	1E-30	1E-10	1E10	1E-30	1E-10	1E10	1E-30	1E-10
2	2.06843758810129E-06	1E10	22727272.73	1E-30	5.79120786564769E-10	1E10	1E-30	1E10	7.86135892166246E-03	1.92287849578393E-04	1E10	11.3459981672717	2.3941857736909E-04	1E10	1.32712044336201	2.76338075039742E-04	1E10	0.270107367165804	2.04731248890798E-04	1E10	0.081050611057034	1.5710905665352E-04	1E10	1.53178364068229E-02	1E-30	4.17682886348212E-11	0.145781675487592	1E-30	3.6290666226908E-10	2.44918985230016E-02	1E-30	3.23182700801479E-10	1.92672916749443E-02	1.19810696529772E-05	3.0325641627636E-11	9.27898563541218E-03	1.47133353915497E-05	1.11690220676697E-11	5.29727524663552E-03	2.80920848127107E-08	4.26414328085055E-11	2.65577178660766E-02	4.19008668890695E-12	1.4977222450027E-10	47.7684030497335	1E10	1E-30	1E-10	1E10	1E-30	1E-10	1E10	1E-30	1E-10
3	2.11405219283392E-06	1E10	22727272.7272727	1E-30	2.26603913709671E-10	1E10	1E-30	1E10	6.32787743644032E-03	2.33782524446958E-04	1E10	25.1188643150955	2.61546654843567E-04	1E10	1.99526231496885	2.14078943809373E-04	1E10	0.389045144994276	2.35334318519819E-04	1E10	5.24807460249767E-02	1.51169033512402E-04	1E10	1.12179808725767E-02	1E-30	4.36176601895954E-11	7.07945784384128E-02	1E-30	4.25849430709416E-10	5.75439937337151E-02	1E-30	4.62909613807954E-10	4.6773514128719E-03	6.71222249016439E-06	5.55613208946059E-11	1.19106007613082E-02	1.59975905849053E-06	1.0059571366673E-10	1.25440309196558E-02	9.65924206613453E-13	4.67990836033495E-10	342.243010787416	1E10	1E-30	1E-10	1E10	1E-30	1E-10	1E10	1E-30	1E-10	1E10	1E-30	1E-10
4	3.57670305455774E-06	1E10	10638297.87	1E-30	6.21947167807435E-10	1E10	1E-30	1E10	7.22259256288495E-03	1.81247660087521E-04	1E10	11.7638326776387	2.45600901250997E-04	1E10	1.30251424141042	2.83945619855945E-04	1E10	0.269679490578459	1.99525527352766E-04	1E10	8.18085816259617E-02	1.38263239114406E-04	1E10	1.68112682510235E-02	1E-30	3.34812765991342E-11	0.159785648298385	1E-30	1.82893929632029E-10	3.77098777424625E-02	1E-30	6.34731791928577E-10	2.79927480759576E-02	2.90875666143036E-05	2.35246298019472E-11	6.62584170396522E-03	5.78282795083836E-06	5.42981984829094E-11	6.28752794622838E-03	6.7278196473429E-08	1.37569091315953E-11	0.016527061308037	4.72740214573349E-12	1.15184483314328E-10	67.0853867786649	1E10	1E-30	1E-10	1E10	1E-30	1E-10	1E10	1E-30	1E-10
5	7.0763726007369E-06	1E10	5E6	1E-30	3.783977845246E-10	1E10	1E-30	1E10	5.04019589507112E-03	3.61049088895888E-04	1E10	3.60255611365142	3.29092510591428E-04	1E10	0.383599725879894	2.9884464384412E-04	1E10	0.034642312812156	5.44045646888872E-04	1E10	3.04603311429366E-03	1E-30	1.55697061515219E-10	265.611742323056	1E-30	6.59775659217023E-11	10.4819009184425	1E-30	6.13342516320141E-11	7.63793506572197E-02	1E-30	3.68553691838246E-10	3.61227164237317E-02	1E-30	4.8132307806174E-10	9.95003101847537E-03	2.21983026978967E-05	5.56011143679902E-11	4.38046923196761E-03	1.33972145703907E-05	4.54034798282463E-11	5.73177028947853E-03	4.15445330761272E-12	1.32035878119187E-10	48.0980591154686	7.43507863923446E-12	4.89294085008748E-11	12.9182777420105	1E10	1E-30	1E-10	1E10	1E-30	1E-10
6	7.38981767677127E-06	1E10	5E6	1E-30	3.783977845246E-10	1E10	1E-30	1E10	5.04019589507112E-03	3.61049088895888E-04	1E10	3.60255611365142	3.29092510591428E-04	1E10	0.383599725879894	2.9884464384412E-04	1E10	0.034642312812156	5.44045646888872E-04	1E10	3.04603311429366E-03	1E-30	1.55697061515219E-10	265.611742323056	1E-30	6.59775659217023E-11	10.4819009184425	1E-30	6.13342516320141E-11	7.63793506572197E-02	1E-30	3.68553691838246E-10	3.61227164237317E-02	1E-30	4.8132307806174E-10	9.95003101847537E-03	2.21983026978967E-05	5.56011143679902E-11	4.38046923196761E-03	1.33972145703907E-05	4.54034798282463E-11	5.73177028947853E-03	4.15445330761272E-12	1.32035878119187E-10	48.0980591154686	7.43507863923446E-12	4.89294085008748E-11	12.9182777420105	1E10	1E-30	1E-10	1E10	1E-30	1E-10
7	7.07355626770292E-06	1E10	5E6	1E-30	4.09875651296389E-10	1E10	1E-30	1E10	5.43507140235724E-03	1.58274949935251E-04	1E10	5.04358345793154	1.68237873867267E-04	1E10	0.297670444774847	1.60520080905208E-04	1E10	2.04361488384193E-02	1E-30	1.86410002567162E-11	0.491349982763917	1E-30	1.00573910966658E-10	8.94716056918158E-02	1E-30	6.28451416561612E-10	3.15235023429387E-02	1E-30	3.03932775697116E-10	5.48200547716866E-03	1.33229842510484E-12	2.84993847922795E-10	142.624346355054	1E10	1E-30	1E-10	1E10	1E-30	1E-10	1E10	1E-30	1E-10	1E10	1E-30	1E-10	1E10	1E-30	1E-10	1E10	1E-30	1E-10	1E10	1E-30	1E-10
8	7.07355626770291E-06	1E10	5E6	1E-30	4.09875651296389E-10	1E10	1E-30	1E10	5.43507140235724E-03	1.58274949935251E-04	1E10	5.04358345793154	1.68237873867267E-04	1E10	0.297670444774847	1.60520080905208E-04	1E10	2.04361488384193E-02	1E-30	1.86410002567162E-11	0.491349982763917	1E-30	1.00573910966658E-10	8.94716056918158E-02	1E-30	6.28451416561612E-10	3.15235023429387E-02	1E-30	3.03932775697116E-10	5.48200547716866E-03	1.33229842510484E-12	2.84993847922795E-10	142.624346355054	1E10	1E-30	1E-10	1E10	1E-30	1E-10	1E10	1E-30	1E-10	1E10	1E-30	1E-10	1E10	1E-30	1E-10	1E10	1E-30	1E-10	1E10	1E-30	1E-10
9	1.55770074930103E-05	1E10	2272727.27272	1E-30	2.97188621957029E-10	1E10	1E-30	1E10	4.1689842371084E-03	5.79592425615299E-04	1E10	1.73076234232032	6.67931304899984E-04	1E10	0.13403420162638	6.76768963819761E-04	1E10	1.42473543500613E-02	1.42696468781849E-03	1E10	1.13838240914069E-03	1E-30	1.02119392839577E-10	5.25276364792085E-02	1E-30	4.8883678646898E-10	3.25744934519448E-02	1E-30	5.36853961722207E-10	7.63890091367207E-03	1.82165187801336E-05	1.18004567412214E-10	3.93162081664895E-03	7.78731142209675E-10	1.34778865792612E-11	0.064651719917334	5.14135263476751E-12	1.05388972122363E-10	110.045328546457	1.13225873232567E-12	3.57308794617124E-10	224.983084268844	1E10	1E-30	1E-10	1E10	1E-30	1E-10	1E10	1E-30	1E-10	1E10	1E-30	1E-10
END DSCRDATA
