BEGIN DSCRDATA
% INDEX	K01	L01	M01	K02	L02	M02	K03	L03	M03	K04	L04	M04	K05	L05	M05	K06	L06	M06	K07	L07	M07	K08	L08	M08	K09	L09	M09	K10	L10	M10	K11	L11	M11	K12	L12	M12	K13	L13	M13	K14	L14	M14	K15	L15	M15	K16	L16	M16	K17	L17	M17	K18	L18	M18
0	0	0	0	0	0	0	0	0	0	0	0	0	0	0	0	0	0	0	0	0	0	0	0	0	0	0	0	0	0	0	0	0	0	0	0	0	0	0	0	0	0	0	0	0	0	0	0	0	0	0	0	0	0	0
1	9.80054262876458E-07	1E10	5E8	1E-30	1.45034010516739E-11	1E10	1E-30	1E10	1.14539339766323E-02	1.7253998952503E-04	1E10	0.801306699188578	1.23034098360296E-04	1E10	0.125586705206591	1.24662191254432E-04	1E10	1.20744898134606E-02	1E-30	4.34521769244863E-12	0.116241966557265	1E-30	3.18345398346325E-11	7.30073877541573E-02	1E-30	4.4258454655826E-10	0.063682819348778	1E-30	3.08570350062323E-10	5.51479698411159E-03	2.66506132178527E-06	1.02587322864482E-10	2.15309559909737E-02	1.50989346829038E-06	6.88959252886147E-11	2.16020603066994E-02	6.21019186707907E-13	1.42863553792192E-09	2084.25898012486	1E10	1E-30	1E-10	1E10	1E-30	1E-10	1E10	1E-30	1E-10	1E10	1E-30	1E-10	1E10	1E-30	1E-10
2	2.10544011202681E-06	1E10	227272727.272	1E-30	2.26420280612727E-11	1E10	1E-30	1E10	5.41837110318442E-03	2.57279207313143E-04	1E10	0.134665019599264	2.13679519703464E-04	1E10	1.36910741004627E-02	4.99371263635613E-05	1E10	2.86017189199486E-03	1E-30	5.28815197306639E-11	8.34650059657093E-02	1E-30	4.54595431501074E-10	5.17399873969443E-02	1E-30	7.7207260840157E-10	8.76245865076808E-03	3.55504333835269E-04	1.202153685468E-3	0.693144957234383	5.95355334320611E-06	1.02191529957474E-10	1.11764938745446E-02	2.13325274976718E-06	1.19537960266222E-10	1.47877851440305E-02	6.71159410884888E-13	1.422637115155E-09	785.61343686323	1E10	1E-30	1E-10	1E10	1E-30	1E-10	1E10	1E-30	1E-10	1E10	1E-30	1E-10	1E10	1E-30	1E-10
3	2.1574055316848E-06	1E10	227272727.272	1E-30	3.58650315655047E-11	1E10	1E-30	1E10	7.00795527802389E-03	3.81096682123327E-04	1E10	0.62713021328654	3.10347487536023E-04	1E10	9.46639683410891E-02	2.58873483549339E-04	1E10	1.58088114078039E-02	1E-30	5.94906589177004E-11	0.181853502696869	1E-30	2.59183812650782E-10	3.86653249707855E-02	1E-30	2.24820931506686E-10	6.53363579126556E-03	8.62775116624193E-06	6.09763776367529E-11	8.00862780591429E-03	2.10995888218404E-06	1.01265406889671E-10	1.45126856624361E-02	9.75485830391228E-12	1.50694208764803E-10	17.8132053294079	5.14082182292491E-13	1.25571279306921E-09	303.690732380369	1E10	1E-30	1E-10	1E10	1E-30	1E-10	1E10	1E-30	1E-10	1E10	1E-30	1E-10	1E10	1E-30	1E-10
4	4.4562509984075E-06	1E10	10638297.87	1E-30	1.72133241873047E-10	1E10	1E-30	1E10	9.60217888065911E-03	6.18554561073869E-04	1E10	3.64983147172333	5.9180556146768E-04	1E10	0.657459361823479	6.56280582008113E-04	1E10	0.163902858018638	5.0914331475363E-04	1E10	5.42609759463556E-02	3.80634430972733E-04	1E10	1.20469849811857E-02	1E-30	1.30574957139664E-10	4.62141362842309E-02	1E-30	7.76744279687376E-10	2.74581990571549E-02	1E-30	4.0972257846035E-12	9.38040574356299E-03	1E-30	3.0172067497788E-10	5.77116183462287E-03	4.59200300902526E-05	2.6221107216188E-11	5.31046274342547E-03	2.35978283628122E-05	2.23955588021111E-11	4.77933444108404E-03	2.42790355948524E-11	6.72266796921661E-11	8.21058833045407	7.03442551943525E-13	1.09265157990598E-09	711.332040074748	1E10	1E-30	1E-10	1E10	1E-30	1E-10
5	4.25704831805002E-06	1E10	106382978.723	1E-30	2.25760852584793E-11	1E10	1E-30	1E10	6.02374230594844E-03	8.90098695388304E-04	1E10	0.638261878390373	8.54758834492945E-04	1E10	9.73816850579974E-02	6.47100899978265E-04	1E10	0.017432747845228	1E-30	9.13913460845977E-11	7.75284466638021E-02	1E-30	5.10741897677729E-10	3.04571148626452E-02	1E-30	4.55959597697995E-10	5.65406266475674E-03	1.45267001503192E-05	9.19739638367309E-11	8.27598509221124E-03	1.13939785541667E-05	5.68388601966221E-11	8.14853231915001E-03	9.4417422276736E-13	1.17723077660333E-09	540.390823226348	2.92982587911063E-12	2.01673291749119E-10	46.7458973647036	1E10	1E-30	1E-10	1E10	1E-30	1E-10	1E10	1E-30	1E-10	1E10	1E-30	1E-10	1E10	1E-30	1E-10
6	7.69578036195618E-06	1E10	5E6	1E-30	3.01966213772873E-10	1E10	1E-30	1E10	1.16609467218235E-02	3.70710987889377E-04	1E10	2.81162497631856	3.9044552453497E-04	1E10	0.240461736607162	3.532375504303E-04	1E10	2.05065158328331E-02	1E-30	1.83488230947143E-10	6.06468301458168E-02	1E-30	4.84989721025197E-12	4.38754667663244E-02	1E-30	1.28813597733215E-09	3.24029222346232E-02	1.22229015229894E-11	1.37995263791334E-10	31.0326836065361	1.23435124805058E-12	1.01658514797694E-09	158.784419672686	8.7756587433287E-12	7.50126102232385E-11	28.6231207504311	1E10	1E-30	1E-10	1E10	1E-30	1E-10	1E10	1E-30	1E-10	1E10	1E-30	1E-10	1E10	1E-30	1E-10	1E10	1E-30	1E-10
7	7.69578036195618E-06	1E10	5E6	1E-30	3.01966213772873E-10	1E10	1E-30	1E10	1.16609467218235E-02	3.70710987889377E-04	1E10	2.81162497631856	3.9044552453497E-04	1E10	0.240461736607162	3.532375504303E-04	1E10	2.05065158328331E-02	1E-30	1.83488230947143E-10	6.06468301458168E-02	1E-30	4.84989721025197E-12	4.38754667663244E-02	1E-30	1.28813597733215E-09	3.24029222346232E-02	1.22229015229894E-11	1.37995263791334E-10	31.0326836065361	1.23435124805058E-12	1.01658514797694E-09	158.784419672686	8.7756587433287E-12	7.50126102232385E-11	28.6231207504311	1E10	1E-30	1E-10	1E10	1E-30	1E-10	1E10	1E-30	1E-10	1E10	1E-30	1E-10	1E10	1E-30	1E-10	1E10	1E-30	1E-10
8	9.38008476950863E-06	1E10	5E6	1E-30	4.24156706026589E-10	1E10	1E-30	1E10	8.32828158434487E-03	1.03857353316133E-03	1E10	2.13209624873686	1.3309557845155E-03	1E10	0.338486367955753	1.07226791063993E-03	1E10	0.102314689359174	1.12527028075614E-03	1E10	2.84869545256212E-02	7.71628955325373E-04	1E10	7.28709525299105E-03	1E-30	1.49550894035894E-11	5.56130827973297E-02	1E-30	1.61582131893917E-10	4.67823181545652E-02	1E-30	8.5453902870273E-10	2.21113283271325E-02	1E-30	4.18533256000252E-10	5.81974479934845E-03	8.86377872101239E-05	3.25212943748767E-11	3.57596408429111E-03	6.35749054491187E-05	2.1189550350822E-11	2.93145313594215E-03	2.11841076742519E-11	6.54026818649067E-11	8.04502467535491	9.02779384447778E-13	7.94877351449131E-10	806.394513822157	1E10	1E-30	1E-10	1E10	1E-30	1E-10
9	6.81899234626774E-06	1E10	5E6	1E-30	3.05490371498689E-11	1E10	1E-30	1E10	7.86739890825636E-03	2.08639491076411E-04	1E10	5.38498786171796	2.19546441789564E-04	1E10	0.49099834189674	2.49819537043704E-04	1E10	6.44086327908732E-02	1.60555336929613E-04	1E10	1.92707895215114E-02	1E-30	8.38789375167232E-12	0.16005082892576	1E-30	1.34604058626623E-10	7.93713166102887E-02	1E-30	5.12329471773105E-10	1.89309849230404E-02	1E-30	7.31302320569066E-11	1.25051324622248E-03	7.12274306984067E-13	1.2037034049755E-09	418.38508985585	1E10	1E-30	1E-10	1E10	1E-30	1E-10	1E10	1E-30	1E-10	1E10	1E-30	1E-10	1E10	1E-30	1E-10	1E10	1E-30	1E-10
END DSCRDATA
