BEGIN DSCRDATA
% INDEX	K01	L01	M01	K02	L02	M02	K03	L03	M03	K04	L04	M04	K05	L05	M05	K06	L06	M06	K07	L07	M07	K08	L08	M08	K09	L09	M09	K10	L10	M10	K11	L11	M11	K12	L12	M12	K13	L13	M13	K14	L14	M14	K15	L15	M15	K16	L16	M16	K17	L17	M17	K18	L18	M18
0	0	0	0	0	0	0	0	0	0	0	0	0	0	0	0	0	0	0	0	0	0	0	0	0	0	0	0	0	0	0	0	0	0	0	0	0	0	0	0	0	0	0	0	0	0	0	0	0	0	0	0	0	0	0
1	3.54230849471468E-06	1E10	10638298	1E-30	3.44302662103702E-10	1E10	1E-30	1E10	5.09384542698399E-03	1.55372444976118E-04	1E10	17.0988960329788	2.01532133127429E-04	1E10	1.57121979403073	1.78610257143911E-04	1E10	0.242213657642877	1.54619813890019E-04	1E10	0.034225369671254	1.28446313829824E-04	1E10	5.92571098537632E-03	1E-30	2.07002413067419E-11	0.140654635434286	1E-30	3.03573890763541E-11	3.13496085068297E-02	1E-30	2.03704353521816E-10	2.30350598494944E-02	1.43973474759416E-05	4.4681725815483E-11	5.20353427505866E-03	4.21019479004409E-06	7.4799611461237E-11	7.99867007591769E-03	3.62698632556642E-12	9.46507151248769E-11	28.2293321690342	1E10	1E-30	1E-10	1E10	1E-30	1E-10	1E10	1E-30	1E-10	1E10	1E-30	1E-10
2	3.54230849471468E-06	1E10	10638298	1E-30	3.44302662103702E-10	1E10	1E-30	1E10	5.09384542698399E-03	1.55372444976118E-04	1E10	17.0988960329788	2.01532133127429E-04	1E10	1.57121979403073	1.78610257143911E-04	1E10	0.242213657642877	1.54619813890019E-04	1E10	0.034225369671254	1.28446313829824E-04	1E10	5.92571098537632E-03	1E-30	2.07002413067419E-11	0.140654635434286	1E-30	3.03573890763541E-11	3.13496085068297E-02	1E-30	2.03704353521816E-10	2.30350598494944E-02	1.43973474759416E-05	4.4681725815483E-11	5.20353427505866E-03	4.21019479004409E-06	7.4799611461237E-11	7.99867007591769E-03	3.62698632556642E-12	9.46507151248769E-11	28.2293321690342	1E10	1E-30	1E-10	1E10	1E-30	1E-10	1E10	1E-30	1E-10	1E10	1E-30	1E-10
3	7.09554648242109E-06	1E10	5E6	1E-30	3.91836139390083E-10	1E10	1E-30	1E10	3.73238745681525E-03	3.77735213765534E-04	1E10	4.20279677203701	4.15345707538579E-04	1E10	1.15167758307748	3.36901358354523E-04	1E10	0.248930512437367	3.00297253436713E-04	1E10	4.38002470698976E-02	1.91595034765887E-04	1E10	8.99943071957807E-03	1E-30	2.97938444407658E-11	0.110491725290096	1E-30	2.6989630631978E-11	1.79121994207678E-02	1E-30	2.11070255172331E-10	1.13344567053416E-02	1E-30	9.95830481351953E-11	7.54254297324749E-03	4.58789729384028E-05	3.28324758460242E-11	3.88275375701051E-03	9.13062257995216E-06	7.91350547856547E-11	5.46687310481743E-03	3.47518768307929E-11	1.11645926840297E-11	0.333948679852784	1E10	1E-30	1E-10	1E10	1E-30	1E-10	1E10	1E-30	1E-10
4	6.96865018489966E-06	1E10	5E6	1E-30	2.88707541688246E-10	1E10	1E-30	1E10	3.41108739678974E-03	3.07349783562334E-04	1E10	4.79755719408784	3.20674749374818E-04	1E10	0.565363970187262	3.02543543417177E-04	1E10	7.21408522483501E-02	2.7700070971374E-04	1E10	9.79950179307061E-03	3.39429249677631E-04	1E10	2.03977800206057E-03	1E-30	2.0542265942411E-11	9.75298514843393E-02	1E-30	4.91380769136532E-11	3.98425397237674E-02	1E-30	3.50347544832962E-10	1.70782926855423E-02	3.89273164173423E-05	3.58665216526714E-11	3.5232990856858E-03	2.5650030039566E-05	3.11213332824583E-11	3.81868557341271E-03	2.8788115889099E-12	1.01142919722596E-10	26.942496354455	1E10	1E-30	1E-10	1E10	1E-30	1E-10	1E10	1E-30	1E-10	1E10	1E-30	1E-10
5	1.62621071543444E-05	1E10	2272727	1E-30	3.52171546157064E-10	1E10	1E-30	1E10	3.57516906110418E-03	9.06998700199023E-04	1E10	2.38282535268782	1.23347945811424E-03	1E10	0.200519481044342	1.29285477172628E-03	1E10	2.67682949150729E-02	9.25059897030893E-04	1E10	3.06319396592365E-03	1E-30	4.4439245495773E-11	0.13790883944634	1E-30	8.62446973948095E-11	2.96185386456914E-02	1E-30	2.88432666303609E-10	1.20811783969215E-02	2.40478636776903E-05	7.95603558901156E-11	1.7039569394752E-03	1.31005932753982E-11	4.79954890138803E-11	3.69419687883911	1E10	1E-30	1E-10	1E10	1E-30	1E-10	1E10	1E-30	1E-10	1E10	1E-30	1E-10	1E10	1E-30	1E-10	1E10	1E-30	1E-10
6	1.62621071543444E-05	1E10	2272727	1E-30	3.52171546157064E-10	1E10	1E-30	1E10	3.57516906110418E-03	9.06998700199023E-04	1E10	2.38282535268782	1.23347945811424E-03	1E10	0.200519481044342	1.29285477172628E-03	1E10	2.67682949150729E-02	9.25059897030893E-04	1E10	3.06319396592365E-03	1E-30	4.4439245495773E-11	0.13790883944634	1E-30	8.62446973948095E-11	2.96185386456914E-02	1E-30	2.88432666303609E-10	1.20811783969215E-02	2.40478636776903E-05	7.95603558901156E-11	1.7039569394752E-03	1.31005932753982E-11	4.79954890138803E-11	3.69419687883911	1E10	1E-30	1E-10	1E10	1E-30	1E-10	1E10	1E-30	1E-10	1E10	1E-30	1E-10	1E10	1E-30	1E-10	1E10	1E-30	1E-10
7	1.79320520687794E-05	1E10	2272727.27272727	1E-30	2.97848108254114E-10	1E10	1E-30	1E10	3.07228799511054E-03	1.08065777122283E-03	1E10	4.90919966616879	1.36320389139692E-03	1E10	0.61206750252896	1.37394916475958E-03	1E10	9.60174612807299E-02	1.5924648906763E-03	1E10	1.39476362789014E-02	9.24836670559843E-04	1E10	2.15997642433234E-03	1E-30	3.67793253355703E-11	8.76254785618046E-02	1E-30	9.0305293376778E-11	2.41852874260631E-02	1E-30	2.82500310049757E-10	1.03906244466135E-02	5.64558220540434E-05	7.07907542271608E-11	1.48345818469748E-03	2.192263521652E-05	8.39606329112026E-11	2.46586116019354E-03	1.13512977452831E-11	4.85185983035381E-11	3.34774244748513	7.0811140816552E-12	3.06695804119442E-11	17.3686495045668	1E10	1E-30	1E-10	1E10	1E-30	1E-10	1E10	1E-30	1E-10
8	1.72958694800245E-05	1E10	2272727	1E-30	3.62104751988235E-10	1E10	1E-30	1E10	2.59314734909255E-03	9.9268659224828E-04	1E10	7.90472418263434	1.51838062281376E-03	1E10	0.777086132773658	1.72153270304867E-03	1E10	0.186736610770332	1.36700586869535E-03	1E10	3.83177563931687E-02	1.09260675356519E-03	1E10	3.5454129681597E-03	1E-30	2.52953286284436E-11	0.147055110167855	1E-30	6.60333236371531E-11	3.21312040067116E-02	1E-30	2.98869482751467E-10	1.37237730714316E-02	1.1327419714136E-05	2.19720454421622E-10	4.05006313979481E-03	5.45139666694109E-12	4.82766753266421E-11	12.9666080683373	1E10	1E-30	1E-10	1E10	1E-30	1E-10	1E10	1E-30	1E-10	1E10	1E-30	1E-10	1E10	1E-30	1E-10
9	1.74638228849166E-05	1E10	2272727	1E-30	3.50524550946836E-10	1E10	1E-30	1E10	2.37627402930658E-03	1.44452319358114E-03	1E10	1.13565264848181	2.79635991922809E-03	1E10	0.159726419752797	1.79216638536659E-03	1E10	5.27453954237317E-02	2.5204073329167E-03	1E10	1.02356333178427E-02	1.07885647449526E-03	1E10	2.66819860853761E-03	1E-30	2.13353146660477E-11	0.151984359698864	1E-30	1.70906167122713E-11	2.44360351163369E-02	1E-30	6.73909714197073E-11	0.018615350596885	1E-30	1.95664258263609E-10	5.90244929749691E-03	1E-30	2.02099559731668E-10	5.12862068023535E-03	2.50852486884908E-04	1.89254509181668E-11	1.24467260472369E-03	3.54080493605781E-05	6.96511621654185E-11	2.46179676435889E-03	1.98174114655969E-11	3.02997319273322E-11	2.8631550351182	1E10	1E-30	1E-10	1E10	1E-30	1E-10
10	3.37230778313926E-05	1E10	1063830	1E-30	3.45391354151122E-10	1E10	1E-30	1E10	2.4544379501276E-03	2.73989588547079E-03	1E10	0.878417888641996	3.35673165245055E-03	1E10	0.182394878448849	2.76189582815846E-03	1E10	0.042190038131657	4.26259319466807E-03	1E10	7.13495855459336E-03	2.24314679214966E-03	1E10	1.55252045689977E-03	1E-30	3.18156723575107E-11	0.101775006424719	1E-30	8.55976646792868E-11	2.28815588470284E-02	1E-30	2.84173927611452E-10	5.22686542762002E-03	1E-30	1.63449473668583E-10	4.41106866084429E-03	3.56383286429013E-04	3.07726007357105E-11	1.04730399609628E-03	6.26599175527188E-05	8.88278460276405E-11	1.95921272754552E-03	1.19268662344659E-11	3.75394109900717E-11	3.3930140452536	1E10	1E-30	1E-10	1E10	1E-30	1E-10	1E10	1E-30	1E-10
11	3.24556460788822E-05	1E10	1063830	1E-30	3.1344017424611E-10	1E10	1E-30	1E10	3.06000590348244E-03	1.94013654796626E-03	1E10	1.1936213546708	2.36924929848872E-03	1E10	0.10854555077056	2.5113379244128E-03	1E10	1.49338472499789E-02	2.0235321673358E-03	1E10	1.46633850564824E-03	1E-30	4.59330293842259E-11	3.26550622538264E-02	1E-30	1.07741956084115E-10	1.71260204220862E-02	1E-30	3.67261818028315E-10	7.02001180666901E-03	5.89177548104769E-04	1.83044787916028E-11	5.59135454036164E-04	6.18887287308095E-05	9.42553756926769E-11	1.70049620464253E-03	8.51170019557794E-10	3.79293348697417E-11	0.114292504092771	3.14281480375146E-12	9.08727672261505E-11	11.3307405142914	1E10	1E-30	1E-10	1E10	1E-30	1E-10	1E10	1E-30	1E-10	1E10	1E-30	1E-10
END DSCRDATA
