BEGIN DSCRDATA
% INDEX	K01	L01	M01	K02	L02	M02	K03	L03	M03	K04	L04	M04	K05	L05	M05	K06	L06	M06	K07	L07	M07	K08	L08	M08	K09	L09	M09	K10	L10	M10	K11	L11	M11	K12	L12	M12	K13	L13	M13	K14	L14	M14	K15	L15	M15	K16	L16	M16	K17	L17	M17	K18	L18	M18
0	0	0	0	0	0	0	0	0	0	0	0	0	0	0	0	0	0	0	0	0	0	0	0	0	0	0	0	0	0	0	0	0	0	0	0	0	0	0	0	0	0	0	0	0	0	0	0	0	0	0	0	0	0	0
1	9.99999999999999E-12	1E10	6E9	1E-30	1.09580551709443E-10	1E10	1E-30	1E10	0.164863713487233	9.53451229493891E-11	1E10	4146.82958961396	2.45074701936689E-10	1E10	17.2868629437891	1E-30	7.84749162098178E-10	414.682958961395	1E10	1E-30	1E-10	1E10	1E-30	1E-10	1E10	1E-30	1E-10	1E10	1E-30	1E-10	1E10	1E-30	1E-10	1E10	1E-30	1E-10	1E10	1E-30	1E-10	1E10	1E-30	1E-10	1E10	1E-30	1E-10	1E10	1E-30	1E-10	1E10	1E-30	1E-10	1E10	1E-30	1E-10
2	9.99999999999999E-12	1E10	6E9	1E-30	1.09580551709443E-10	1E10	1E-30	1E10	0.164863713487233	9.53451229493891E-11	1E10	4146.82958961396	2.45074701936689E-10	1E10	17.2868629437891	1E-30	7.84749162098178E-10	414.682958961395	1E10	1E-30	1E-10	1E10	1E-30	1E-10	1E10	1E-30	1E-10	1E10	1E-30	1E-10	1E10	1E-30	1E-10	1E10	1E-30	1E-10	1E10	1E-30	1E-10	1E10	1E-30	1E-10	1E10	1E-30	1E-10	1E10	1E-30	1E-10	1E10	1E-30	1E-10	1E10	1E-30	1E-10
3	1.2E-11	1E10	6E9	1E-30	7.30198766975571E-10	1E10	1E-30	1E10	0.192305591988233	7.08760777111562E-11	1E10	14012.4796937115	5.13451794030313E-10	1E10	3.85935737773632	1E-30	2.84138228282791E-10	48.5864307602755	1E10	1E-30	1E-10	1E10	1E-30	1E-10	1E10	1E-30	1E-10	1E10	1E-30	1E-10	1E10	1E-30	1E-10	1E10	1E-30	1E-10	1E10	1E-30	1E-10	1E10	1E-30	1E-10	1E10	1E-30	1E-10	1E10	1E-30	1E-10	1E10	1E-30	1E-10	1E10	1E-30	1E-10
4	1.2E-11	1E10	6E9	1E-30	7.30198766975571E-10	1E10	1E-30	1E10	0.192305591988233	7.08760777111562E-11	1E10	14012.4796937115	5.13451794030313E-10	1E10	3.85935737773632	1E-30	2.84138228282791E-10	48.5864307602755	1E10	1E-30	1E-10	1E10	1E-30	1E-10	1E10	1E-30	1E-10	1E10	1E-30	1E-10	1E10	1E-30	1E-10	1E10	1E-30	1E-10	1E10	1E-30	1E-10	1E10	1E-30	1E-10	1E10	1E-30	1E-10	1E10	1E-30	1E-10	1E10	1E-30	1E-10	1E10	1E-30	1E-10
5	1.5E-11	1E10	6E9	1E-30	3.96485668123853E-10	1E10	1E-30	1E10	0.212542882504088	1.09048236605552E-10	1E10	7234.29184094361	1.16847290724967E-09	1E10	1.69588353919738	1E-30	5.3261169292698E-10	268.779427648079	1E10	1E-30	1E-10	1E10	1E-30	1E-10	1E10	1E-30	1E-10	1E10	1E-30	1E-10	1E10	1E-30	1E-10	1E10	1E-30	1E-10	1E10	1E-30	1E-10	1E10	1E-30	1E-10	1E10	1E-30	1E-10	1E10	1E-30	1E-10	1E10	1E-30	1E-10	1E10	1E-30	1E-10
6	1.5E-11	1E10	6E9	1E-30	3.96485668123853E-10	1E10	1E-30	1E10	0.212542882504088	1.09048236605552E-10	1E10	7234.29184094361	1.16847290724967E-09	1E10	1.69588353919738	1E-30	5.3261169292698E-10	268.779427648079	1E10	1E-30	1E-10	1E10	1E-30	1E-10	1E10	1E-30	1E-10	1E10	1E-30	1E-10	1E10	1E-30	1E-10	1E10	1E-30	1E-10	1E10	1E-30	1E-10	1E10	1E-30	1E-10	1E10	1E-30	1E-10	1E10	1E-30	1E-10	1E10	1E-30	1E-10	1E10	1E-30	1E-10
7	1.8E-11	1E10	6E9	1E-30	8.03216278425258E-10	1E10	1E-30	1E10	0.217418650518239	1.12316924278072E-10	1E10	11131.9044463585	8.71856886194566E-10	1E10	5.70912392081904	1E-30	1.75220187885756E-10	27.962079735669	1E10	1E-30	1E-10	1E10	1E-30	1E-10	1E10	1E-30	1E-10	1E10	1E-30	1E-10	1E10	1E-30	1E-10	1E10	1E-30	1E-10	1E10	1E-30	1E-10	1E10	1E-30	1E-10	1E10	1E-30	1E-10	1E10	1E-30	1E-10	1E10	1E-30	1E-10	1E10	1E-30	1E-10
8	1.8E-11	1E10	6E9	1E-30	8.03216278425258E-10	1E10	1E-30	1E10	0.217418650518239	1.12316924278072E-10	1E10	11131.9044463585	8.71856886194566E-10	1E10	5.70912392081904	1E-30	1.75220187885756E-10	27.962079735669	1E10	1E-30	1E-10	1E10	1E-30	1E-10	1E10	1E-30	1E-10	1E10	1E-30	1E-10	1E10	1E-30	1E-10	1E10	1E-30	1E-10	1E10	1E-30	1E-10	1E10	1E-30	1E-10	1E10	1E-30	1E-10	1E10	1E-30	1E-10	1E10	1E-30	1E-10	1E10	1E-30	1E-10
9	2.19999999999999E-11	1E10	6E9	1E-30	2.66436387868605E-10	1E10	1E-30	1E10	0.180160032216983	1.86658794003817E-10	1E10	5320.66868318661	5.63700546079994E-09	1E10	0.221802387360993	1E-30	6.6524388053057E-10	335.711498320235	1E10	1E-30	1E-10	1E10	1E-30	1E-10	1E10	1E-30	1E-10	1E10	1E-30	1E-10	1E10	1E-30	1E-10	1E10	1E-30	1E-10	1E10	1E-30	1E-10	1E10	1E-30	1E-10	1E10	1E-30	1E-10	1E10	1E-30	1E-10	1E10	1E-30	1E-10	1E10	1E-30	1E-10
10	2.19999999999999E-11	1E10	6E9	1E-30	2.66436387868605E-10	1E10	1E-30	1E10	0.180160032216983	1.86658794003817E-10	1E10	5320.66868318661	5.63700546079994E-09	1E10	0.221802387360993	1E-30	6.6524388053057E-10	335.711498320235	1E10	1E-30	1E-10	1E10	1E-30	1E-10	1E10	1E-30	1E-10	1E10	1E-30	1E-10	1E10	1E-30	1E-10	1E10	1E-30	1E-10	1E10	1E-30	1E-10	1E10	1E-30	1E-10	1E10	1E-30	1E-10	1E10	1E-30	1E-10	1E10	1E-30	1E-10	1E10	1E-30	1E-10
11	2.7E-11	1E10	6E9	1E-30	4.56963396829696E-10	1E10	1E-30	1E10	0.180683265125128	4.19530150730572E-11	6.88314784834789E-11	10.9150808732356	2.75357525234007E-12	3.89195768884987E-10	159.192712154617	1E10	1E-30	1E-10	1E10	1E-30	1E-10	1E10	1E-30	1E-10	1E10	1E-30	1E-10	1E10	1E-30	1E-10	1E10	1E-30	1E-10	1E10	1E-30	1E-10	1E10	1E-30	1E-10	1E10	1E-30	1E-10	1E10	1E-30	1E-10	1E10	1E-30	1E-10	1E10	1E-30	1E-10	1E10	1E-30	1E-10
12	2.69999999999999E-11	1E10	6E9	1E-30	5.13023784288073E-10	1E10	1E-30	1E10	0.178676603838094	4.44606085242583E-11	6.49493596729034E-11	9.39322517647075	3.02534002354483E-12	3.33161515290783E-10	128.829684461161	1E10	1E-30	1E-10	1E10	1E-30	1E-10	1E10	1E-30	1E-10	1E10	1E-30	1E-10	1E10	1E-30	1E-10	1E10	1E-30	1E-10	1E10	1E-30	1E-10	1E10	1E-30	1E-10	1E10	1E-30	1E-10	1E10	1E-30	1E-10	1E10	1E-30	1E-10	1E10	1E-30	1E-10	1E10	1E-30	1E-10
13	3.3E-11	1E10	6E9	1E-30	2.72502875042219E-12	1E10	1E-30	1E10	0.187144295223493	9.68413276084292E-13	1.04080240472283E-09	637.865923171905	1E10	1E-30	1E-10	1E10	1E-30	1E-10	1E10	1E-30	1E-10	1E10	1E-30	1E-10	1E10	1E-30	1E-10	1E10	1E-30	1E-10	1E10	1E-30	1E-10	1E10	1E-30	1E-10	1E10	1E-30	1E-10	1E10	1E-30	1E-10	1E10	1E-30	1E-10	1E10	1E-30	1E-10	1E10	1E-30	1E-10	1E10	1E-30	1E-10
14	3.3E-11	1E10	6E9	1E-30	5.21859247435519E-14	1E10	1E-30	1E10	0.20407787891153	8.72544770544891E-13	1.0061003534799E-09	562.344453515708	1E10	1E-30	1E-10	1E10	1E-30	1E-10	1E10	1E-30	1E-10	1E10	1E-30	1E-10	1E10	1E-30	1E-10	1E10	1E-30	1E-10	1E10	1E-30	1E-10	1E10	1E-30	1E-10	1E10	1E-30	1E-10	1E10	1E-30	1E-10	1E10	1E-30	1E-10	1E10	1E-30	1E-10	1E10	1E-30	1E-10	1E10	1E-30	1E-10
15	3.9E-11	1E10	6E9	1E-30	2.78352312190613E-10	1E10	1E-30	1E10	0.16983280363679	4.24455593147088E-11	4.92853693484528E-11	3.82787612695958	1.39414426354239E-12	6.90432625908419E-10	545.107829426583	1E10	1E-30	1E-10	1E10	1E-30	1E-10	1E10	1E-30	1E-10	1E10	1E-30	1E-10	1E10	1E-30	1E-10	1E10	1E-30	1E-10	1E10	1E-30	1E-10	1E10	1E-30	1E-10	1E10	1E-30	1E-10	1E10	1E-30	1E-10	1E10	1E-30	1E-10	1E10	1E-30	1E-10	1E10	1E-30	1E-10
16	3.89999999999999E-11	1E10	6E9	1E-30	2.65540248070088E-10	1E10	1E-30	1E10	0.170545121709213	3.956023096522E-11	5.09565713810005E-11	4.11681463882153	1.46366444822765E-12	6.88632471557634E-10	531.31076073084	1E10	1E-30	1E-10	1E10	1E-30	1E-10	1E10	1E-30	1E-10	1E10	1E-30	1E-10	1E10	1E-30	1E-10	1E10	1E-30	1E-10	1E10	1E-30	1E-10	1E10	1E-30	1E-10	1E10	1E-30	1E-10	1E10	1E-30	1E-10	1E10	1E-30	1E-10	1E10	1E-30	1E-10	1E10	1E-30	1E-10
17	4.69999999999999E-11	1E10	6E9	1E-30	2.73593595991618E-10	1E10	1E-30	1E10	0.169887149308392	6.67893854797011E-11	4.33435783308632E-11	2.99994079645989	1.50751722752126E-12	7.00110736385905E-10	333.064121659405	1E10	1E-30	1E-10	1E10	1E-30	1E-10	1E10	1E-30	1E-10	1E10	1E-30	1E-10	1E10	1E-30	1E-10	1E10	1E-30	1E-10	1E10	1E-30	1E-10	1E10	1E-30	1E-10	1E10	1E-30	1E-10	1E10	1E-30	1E-10	1E10	1E-30	1E-10	1E10	1E-30	1E-10	1E10	1E-30	1E-10
18	4.7E-11	1E10	6E9	1E-30	3.31711088585803E-10	1E10	1E-30	1E10	0.153325672134532	8.82931705560205E-11	3.56956348977582E-11	2.81709673464042	1.53361877861545E-12	6.88195144054759E-10	327.395509413418	1E10	1E-30	1E-10	1E10	1E-30	1E-10	1E10	1E-30	1E-10	1E10	1E-30	1E-10	1E10	1E-30	1E-10	1E10	1E-30	1E-10	1E10	1E-30	1E-10	1E10	1E-30	1E-10	1E10	1E-30	1E-10	1E10	1E-30	1E-10	1E10	1E-30	1E-10	1E10	1E-30	1E-10	1E10	1E-30	1E-10
19	5.6E-11	1E10	6E9	1E-30	1.78932330406647E-10	1E10	1E-30	1E10	0.156188713883893	1.89170655863529E-10	2.23169707047112E-11	2.11332534760897	5.70132146300668E-12	2.02597806354552E-10	33.5617503616493	1.3425006220337E-12	6.00626532291464E-10	291.008474313548	1E10	1E-30	1E-10	1E10	1E-30	1E-10	1E10	1E-30	1E-10	1E10	1E-30	1E-10	1E10	1E-30	1E-10	1E10	1E-30	1E-10	1E10	1E-30	1E-10	1E10	1E-30	1E-10	1E10	1E-30	1E-10	1E10	1E-30	1E-10	1E10	1E-30	1E-10	1E10	1E-30	1E-10
20	5.6E-11	1E10	6E9	1E-30	9.88752752275516E-12	1E10	1E-30	1E10	0.160981859621134	1.40558749311037E-10	2.86834329831334E-11	2.20781280307082	6.56032104720549E-12	1.86476414847455E-10	41.1021975901073	1.11556574887798E-12	7.56874436014823E-10	284.6590266075	1E10	1E-30	1E-10	1E10	1E-30	1E-10	1E10	1E-30	1E-10	1E10	1E-30	1E-10	1E10	1E-30	1E-10	1E10	1E-30	1E-10	1E10	1E-30	1E-10	1E10	1E-30	1E-10	1E10	1E-30	1E-10	1E10	1E-30	1E-10	1E10	1E-30	1E-10	1E10	1E-30	1E-10
21	6.8E-11	1E10	6E9	1E-30	2.19923350765598E-10	1E10	1E-30	1E10	0.142021059526051	1.78558759557722E-10	3.37153626431726E-11	2.13815394808504	1.6376815955795E-11	1.02383400259287E-10	10.9041210284405	1.42725458627124E-12	6.1946612360273E-10	344.602706783927	1E10	1E-30	1E-10	1E10	1E-30	1E-10	1E10	1E-30	1E-10	1E10	1E-30	1E-10	1E10	1E-30	1E-10	1E10	1E-30	1E-10	1E10	1E-30	1E-10	1E10	1E-30	1E-10	1E10	1E-30	1E-10	1E10	1E-30	1E-10	1E10	1E-30	1E-10	1E10	1E-30	1E-10
22	6.79999999999999E-11	1E10	6E9	1E-30	2.78136984813115E-11	1E10	1E-30	1E10	0.123274972635864	2.01172122297397E-10	3.06225391082688E-11	2.38919905358612	2.13671941854183E-11	8.00864416664908E-11	9.46196583727527	1.05561595512407E-12	7.99858312979213E-10	487.881315203123	1E10	1E-30	1E-10	1E10	1E-30	1E-10	1E10	1E-30	1E-10	1E10	1E-30	1E-10	1E10	1E-30	1E-10	1E10	1E-30	1E-10	1E10	1E-30	1E-10	1E10	1E-30	1E-10	1E10	1E-30	1E-10	1E10	1E-30	1E-10	1E10	1E-30	1E-10	1E10	1E-30	1E-10
23	8.2E-11	1E10	6E9	1E-30	9.03007589867324E-11	1E10	1E-30	1E10	0.133817095687816	2.07605115426804E-10	4.08441354519622E-11	2.15372076886407	2.87087504068917E-11	8.7606430750762E-11	7.81224485007336	1.16968873683857E-12	7.50513854177096E-10	310.970955413125	1E10	1E-30	1E-10	1E10	1E-30	1E-10	1E10	1E-30	1E-10	1E10	1E-30	1E-10	1E10	1E-30	1E-10	1E10	1E-30	1E-10	1E10	1E-30	1E-10	1E10	1E-30	1E-10	1E10	1E-30	1E-10	1E10	1E-30	1E-10	1E10	1E-30	1E-10	1E10	1E-30	1E-10
24	8.19999999999999E-11	1E10	6E9	1E-30	5.48608870709271E-14	1E10	1E-30	1E10	0.134949261326992	2.21484134404715E-10	3.77804951790271E-11	2.32529206626714	3.2404687007228E-11	7.90206938441575E-11	7.63206620498262	9.8945790304104E-13	8.44809557991913E-10	319.331216825191	1E10	1E-30	1E-10	1E10	1E-30	1E-10	1E10	1E-30	1E-10	1E10	1E-30	1E-10	1E10	1E-30	1E-10	1E10	1E-30	1E-10	1E10	1E-30	1E-10	1E10	1E-30	1E-10	1E10	1E-30	1E-10	1E10	1E-30	1E-10	1E10	1E-30	1E-10	1E10	1E-30	1E-10
25	1.25378627875938E-10	1E10	6E9	1E-30	1.59204345337157E-10	1E10	1E-30	1E10	0.365274949680137	5.08341855558424E-10	1E10	3130.8644242379	4.7194845336562E-09	1E10	180.245974036358	1.49880897282518E-08	1E10	4.62427711295603	8.11895456866861E-09	1E10	0.309214626725722	1E-30	1.84437395202915E-10	12.0545250325155	5.61362301322219E-10	2.80717174337304E-11	1.02007836209416	1.16469257196028E-10	5.25179424417631E-11	2.72006216916431	1.5120017175012E-12	1.04123269918018E-09	303.322870762762	1E10	1E-30	1E-10	1E10	1E-30	1E-10	1E10	1E-30	1E-10	1E10	1E-30	1E-10	1E10	1E-30	1E-10	1E10	1E-30	1E-10	1E10	1E-30	1E-10
26	1.39045561368985E-10	1E10	6E9	1E-30	1.15234512554589E-10	1E10	1E-30	1E10	0.265276403836505	4.44806951216821E-10	1E10	3045.42961082043	1.13243845866591E-08	1E10	24.7005987967202	2.60515227712074E-08	1E10	0.790379681815436	4.40393405872473E-09	1E10	0.26056695197672	5.22452621928666E-10	3.06487032509752E-11	1.19576319779975	8.92609555893611E-11	6.54421375982231E-11	3.71645265082073	1.2991558199585E-12	1.12196425306272E-09	195.450881604309	1E10	1E-30	1E-10	1E10	1E-30	1E-10	1E10	1E-30	1E-10	1E10	1E-30	1E-10	1E10	1E-30	1E-10	1E10	1E-30	1E-10	1E10	1E-30	1E-10	1E10	1E-30	1E-10
27	1.69652873761633E-10	1E10	6E9	1E-30	1.35946395128312E-10	1E10	1E-30	1E10	0.179696049358647	1.05956499471796E-09	1E10	1502.07815363189	2.29949054659937E-08	1E10	13.8426264310817	2.82426406903963E-08	1E10	1.40881783007293	5.77679878682437E-09	1E10	0.218324711627652	1E-30	1.81046315872173E-10	2.27509510361406	1.30695387419106E-09	2.34006948005026E-11	1.03157279404246	2.74791219155632E-10	4.01427773578845E-11	2.15187619259786	1.33642954568997E-12	9.7983740483549E-10	312.976243573434	1E10	1E-30	1E-10	1E10	1E-30	1E-10	1E10	1E-30	1E-10	1E10	1E-30	1E-10	1E10	1E-30	1E-10	1E10	1E-30	1E-10	1E10	1E-30	1E-10
28	1.79003782527423E-10	1E10	6E9	1E-30	7.87346527394875E-14	1E10	1E-30	1E10	0.117772482611511	8.92347045488278E-10	1E10	1783.5543233609	1.54785644572026E-08	1E10	15.7395173839542	2.52656267484934E-08	1E10	0.891907983501919	3.41571301395202E-09	1E10	0.246160010928466	1E-30	1.87240992093224E-10	2.35293970084375	9.55417142224359E-10	3.22393272544971E-11	1.2266304623006	2.36576125777345E-10	4.72494592727951E-11	2.16998399702733	1.23246243016969E-12	1.11256756207471E-09	275.856837377423	1E10	1E-30	1E-10	1E10	1E-30	1E-10	1E10	1E-30	1E-10	1E10	1E-30	1E-10	1E10	1E-30	1E-10	1E10	1E-30	1E-10	1E10	1E-30	1E-10
29	3.04181255132198E-10	1E10	6E9	1E-30	2.78416366353325E-10	1E10	1E-30	1E10	0.612314067807792	7.8068456003519E-10	1E10	5120.87932214504	3.11840451959739E-08	1E10	17.0124329168646	1.31789114856302E-08	1E10	3.89861720336676	5.94744183902338E-09	1E10	1.33801176539146	1.92419535175749E-09	1E10	0.66446625544502	2.08483279828556E-12	7.16390976424401E-10	36.1150015279561	1E10	1E-30	1E-10	1E10	1E-30	1E-10	1E10	1E-30	1E-10	1E10	1E-30	1E-10	1E10	1E-30	1E-10	1E10	1E-30	1E-10	1E10	1E-30	1E-10	1E10	1E-30	1E-10	1E10	1E-30	1E-10
30	2.37940724083135E-10	1E10	6E9	1E-30	2.79722011831221E-10	1E10	1E-30	1E10	0.1231554566551	1.88147286866156E-09	1E10	845.906128878245	6.24227726730316E-08	1E10	3.18703688326901	3.84378211877415E-08	1E10	0.812718442081643	7.66286238026471E-09	1E10	0.165370904316641	1E-30	2.50234845065579E-10	4.98376606791289	1.52861654502861E-09	3.92818315626514E-11	1.33493950213734	3.56992686532871E-10	6.38047348888842E-11	2.42782545319152	1.75232095807352E-12	9.85113855976863E-10	137.354782934993	1E10	1E-30	1E-10	1E10	1E-30	1E-10	1E10	1E-30	1E-10	1E10	1E-30	1E-10	1E10	1E-30	1E-10	1E10	1E-30	1E-10	1E10	1E-30	1E-10
31	4.20033514389569E-10	1E10	6E9	1E-30	2.80807827058997E-10	1E10	1E-30	1E10	0.452668004912886	1.66693052220603E-09	1E10	2398.29517028183	2.99484413274946E-08	1E10	13.7506951053315	1.27107841009178E-08	1E10	2.49240029453974	2.57515371632729E-09	1E10	0.776223841562318	1.89547895934078E-09	3.42418744996802E-11	0.734429162425728	2.55227740368217E-12	7.34959598967766E-10	33.2643391180576	1E10	1E-30	1E-10	1E10	1E-30	1E-10	1E10	1E-30	1E-10	1E10	1E-30	1E-10	1E10	1E-30	1E-10	1E10	1E-30	1E-10	1E10	1E-30	1E-10	1E10	1E-30	1E-10	1E10	1E-30	1E-10
32	4.44951687541752E-10	1E10	6E9	1E-30	5.76815429507276E-14	1E10	1E-30	1E10	6.51154050194301E-02	1.30623032820335E-09	1E10	3853.01206210025	1.1025767903244E-07	1E10	4.8116057006505	1.16648121410592E-07	1E10	1.94914587279712	8.12235245019668E-08	1E10	0.318543169202957	1.20489001262588E-08	1E10	0.141537893301394	1E-30	1.96324630045223E-10	1.23354403093761	1.22895273099518E-09	8.68625508984876E-11	2.37226771216431	5.57439803484606E-10	7.91538936510179E-11	2.6708663187773	1.16266032587885E-12	1.01797822620539E-09	297.477362278768	1E10	1E-30	1E-10	1E10	1E-30	1E-10	1E10	1E-30	1E-10	1E10	1E-30	1E-10	1E10	1E-30	1E-10	1E10	1E-30	1E-10
33	5.74177262973214E-10	1E10	6E9	1E-30	2.9638307617014E-10	1E10	1E-30	1E10	0.343306534745258	2.92108051835994E-09	1E10	1368.60021333704	5.46014819459179E-08	1E10	4.32161124800778	1.64722433683343E-08	1E10	1.07896508233866	8.72434540397534E-08	1E10	0.851250313094729	3.45178810248584E-09	1E10	0.449516883856579	1.66703294980955E-09	6.33118257437518E-11	0.603817844275205	4.22009161957557E-10	3.79434780465645E-11	0.589345831706547	2.42333770443716E-12	6.14861644655105E-10	40.2247020125639	1E10	1E-30	1E-10	1E10	1E-30	1E-10	1E10	1E-30	1E-10	1E10	1E-30	1E-10	1E10	1E-30	1E-10	1E10	1E-30	1E-10	1E10	1E-30	1E-10
34	5.70998172920399E-10	1E10	6E9	1E-30	2.42470886736018E-10	1E10	1E-30	1E10	0.37035729861307	3.40028091721696E-09	1E10	933.910661864331	4.19054962194416E-08	1E10	3.2325789754185	1.75787359139822E-07	1E10	3.01794440492736	1.91721902189905E-08	1E10	0.883198688348521	5.34284453901028E-09	1E10	0.397145415836395	1.93000859174595E-09	5.91497597878627E-11	0.585181900362703	2.46584488484492E-10	6.4937155903838E-11	0.801173069101306	2.10831747620697E-12	6.15538657774334E-10	86.0935797961127	1E10	1E-30	1E-10	1E10	1E-30	1E-10	1E10	1E-30	1E-10	1E10	1E-30	1E-10	1E10	1E-30	1E-10	1E10	1E-30	1E-10	1E10	1E-30	1E-10
35	6.91041269011877E-10	1E10	6E9	1E-30	5.85252203082079E-10	1E10	1E-30	1E10	0.332166178069743	7.07898845636162E-09	1E10	448.589317739174	1.6678578982059E-07	1E10	1.74056834689596	3.24326892258538E-08	1E10	1.63574618582686	8.70261279003209E-09	1E10	0.417965538403924	4.22214458195503E-09	4.99949244175642E-11	0.472309889547871	6.4600673462965E-10	2.36712924872315E-11	0.473647283032057	6.40788186137892E-12	3.20979166972539E-10	28.3264583835982	1E10	1E-30	1E-10	1E10	1E-30	1E-10	1E10	1E-30	1E-10	1E10	1E-30	1E-10	1E10	1E-30	1E-10	1E10	1E-30	1E-10	1E10	1E-30	1E-10	1E10	1E-30	1E-10
36	7.4355400925556E-10	1E10	6E9	1E-30	2.39946154484996E-10	1E10	1E-30	1E10	0.278739439538312	7.29926901158255E-09	1E10	435.051591725656	9.57993622595243E-08	1E10	8.30668071989551	7.7758941778173E-08	1E10	2.55846690188256	2.39100021128138E-08	1E10	1.02607835383062	5.46869723308214E-09	1E10	0.365515885247588	1E-30	1.72279760893019E-10	2.16493132473486	2.85830520198204E-09	4.87922019098699E-11	0.567089414434419	4.39765197784943E-10	7.26504251488303E-11	0.634557875999727	2.41753498484674E-12	5.36807499209316E-10	94.5222405114296	1E10	1E-30	1E-10	1E10	1E-30	1E-10	1E10	1E-30	1E-10	1E10	1E-30	1E-10	1E10	1E-30	1E-10	1E10	1E-30	1E-10
37	1.01490302565675E-09	1E10	6E9	1E-30	4.21032236998141E-10	1E10	1E-30	1E10	0.242128826781503	1.18455047696958E-08	1E10	337.494391191297	7.14597849811274E-08	1E10	5.25577992598968	4.19336286417611E-08	1E10	0.824456411724685	1.24399713936744E-08	1E10	0.232258038689038	2.53294141699844E-09	1.15036026422526E-10	0.734742218020367	4.38210773633162E-10	4.55897515655875E-11	0.452915410944046	3.89387111325916E-12	4.19575160704034E-10	41.5456160010329	1E10	1E-30	1E-10	1E10	1E-30	1E-10	1E10	1E-30	1E-10	1E10	1E-30	1E-10	1E10	1E-30	1E-10	1E10	1E-30	1E-10	1E10	1E-30	1E-10	1E10	1E-30	1E-10
38	1.11786535032725E-09	1E10	6E9	1E-30	2.04298513488242E-10	1E10	1E-30	1E10	0.205424570197244	1.42975842542541E-08	1E10	222.104555948175	2.87727377871052E-07	1E10	1.84381646577524	1.96516861490302E-07	1E10	0.809879324781244	5.19357706324859E-08	1E10	0.77487615513202	1.23469058562288E-08	1E10	0.25658543448743	1E-30	2.35761127385749E-10	1.32023751116982	4.55806913159156E-09	6.63390684135218E-11	0.539522086545347	1.91238272741606E-09	4.03425132219131E-11	0.437799553996355	2.10514965430821E-12	5.88719426434534E-10	73.3877883683563	1E10	1E-30	1E-10	1E10	1E-30	1E-10	1E10	1E-30	1E-10	1E10	1E-30	1E-10	1E10	1E-30	1E-10	1E10	1E-30	1E-10
39	1.59537280867092E-09	1E10	6E9	1E-30	3.00209110343378E-10	1E10	1E-30	1E10	0.184813624870579	2.39948203284923E-08	1E10	209.750318674919	1.81365651089754E-07	1E10	4.63600438005118	9.32664302237304E-08	1E10	1.2274527697158	7.49598488771272E-08	1E10	0.210814967758699	2.38569569994257E-08	1E10	0.132478405562024	1E-30	1.52814038333059E-10	0.864143028346554	6.63986560032914E-09	5.2286670468213E-11	0.315232399090873	2.7636443450029E-09	2.54598364699791E-11	0.22980949829269	2.95031520801099E-12	5.28838328598785E-10	42.5636003812752	1E10	1E-30	1E-10	1E10	1E-30	1E-10	1E10	1E-30	1E-10	1E10	1E-30	1E-10	1E10	1E-30	1E-10	1E10	1E-30	1E-10
END DSCRDATA
