BEGIN DSCRDATA
% INDEX	K01	L01	M01	K02	L02	M02	K03	L03	M03	K04	L04	M04	K05	L05	M05	K06	L06	M06	K07	L07	M07	K08	L08	M08	K09	L09	M09	K10	L10	M10	K11	L11	M11	K12	L12	M12	K13	L13	M13	K14	L14	M14	K15	L15	M15	K16	L16	M16	K17	L17	M17	K18	L18	M18
0	0	0	0	0	0	0	0	0	0	0	0	0	0	0	0	0	0	0	0	0	0	0	0	0	0	0	0	0	0	0	0	0	0	0	0	0	0	0	0	0	0	0	0	0	0	0	0	0	0	0	0	0	0	0
1	1.84130269670158E-09	1E10	6E9	1E-30	3.1215960376767E-11	1E10	1E-30	1E10	0.130925894600307	1.80241976267595E-08	1E10	279.231359679311	1.48628618648144E-07	1E10	3.33116722931264	1.57356829144289E-07	1E10	0.505713491932267	9.73217613112151E-08	1E10	0.20441849405981	2.0549173462803E-08	1E10	0.140270318181121	1E-30	1.32814633952258E-10	2.64518343094892	3.02038077834101E-09	7.6485404092773E-11	0.667785798945703	3.62811927300144E-10	3.78295061450602E-11	0.465795430182654	6.34918570260833E-12	3.39213643976611E-10	36.8288998113891	1E10	1E-30	1E-10	1E10	1E-30	1E-10	1E10	1E-30	1E-10	1E10	1E-30	1E-10	1E10	1E-30	1E-10	1E10	1E-30	1E-10
2	2.31423495997016E-09	1E10	6E9	1E-30	2.26126125531662E-11	1E10	1E-30	1E10	0.103364394285024	3.22191329274707E-08	1E10	124.081285166848	2.56304209760989E-07	1E10	1.15902922758952	2.26521865133364E-07	1E10	0.351301502391818	1.25841542590429E-07	1E10	0.158090623151658	2.63654564115355E-08	1E10	0.111872887222299	1E-30	2.18001523316245E-10	2.73948793648681	4.08737226495426E-09	6.19720795381671E-11	0.516719300051539	4.55838860954242E-10	5.07747355971161E-11	0.413886012351496	6.28969505454932E-12	3.27010540906299E-10	45.7380015732626	1E10	1E-30	1E-10	1E10	1E-30	1E-10	1E10	1E-30	1E-10	1E10	1E-30	1E-10	1E10	1E-30	1E-10	1E10	1E-30	1E-10
3	3.62174840818284E-09	1E10	6E9	1E-30	9.44007653593529E-11	1E10	1E-30	1E10	7.33837166195699E-02	7.25501756442731E-08	1E10	69.3715923601073	2.76085756660438E-07	1E10	1.67361236198626	1.78411391444292E-07	1E10	0.26264404335248	6.8823437585143E-08	1E10	7.83580772475069E-02	1E-30	1.55963433078253E-10	0.881952436057112	5.05602586196991E-09	7.52906401268022E-11	0.433491762610429	3.28805951485305E-09	3.05127463471716E-11	0.277217390120456	6.40314514468486E-12	3.21216610813697E-10	44.9276216296793	1E10	1E-30	1E-10	1E10	1E-30	1E-10	1E10	1E-30	1E-10	1E10	1E-30	1E-10	1E10	1E-30	1E-10	1E10	1E-30	1E-10	1E10	1E-30	1E-10
4	4.54957932572238E-09	1E10	6E9	1E-30	8.09252306540928E-11	1E10	1E-30	1E10	6.49847849392498E-02	1.25233270544678E-07	1E10	25.3571482091879	3.50088436726344E-07	1E10	0.601853949514329	3.31916305155739E-07	1E10	0.104655377514968	1.08671575328179E-07	1E10	5.78914172732115E-02	1E-30	1.68671023762611E-10	1.00779360841764	6.95267600044954E-09	1.20580486050726E-10	0.558785926352277	2.45942234817624E-09	6.81751186093838E-11	0.362182135646282	6.94828566150705E-12	2.96014971479705E-10	41.4027425346129	1E10	1E-30	1E-10	1E10	1E-30	1E-10	1E10	1E-30	1E-10	1E10	1E-30	1E-10	1E10	1E-30	1E-10	1E10	1E-30	1E-10	1E10	1E-30	1E-10
5	1.01551564206304E-08	1E10	6E9	1E-30	1.67601292690805E-10	1E10	1E-30	1E10	4.58727297370978E-02	4.66282646299699E-07	1E10	6.81037269373667	1.88477725376397E-06	1E10	0.288030743204157	6.65951397862634E-07	1E10	0.197372939782699	3.16116529554501E-07	1E10	3.65597251281279E-02	1E-30	5.39359506358486E-11	0.255982016815675	1.82987392825963E-08	6.01173459412328E-11	0.180996895657435	8.75050120793017E-09	1.52204007736872E-11	0.106592638190399	6.93171764577077E-12	4.57867067844709E-10	43.0385878279856	1E10	1E-30	1E-10	1E10	1E-30	1E-10	1E10	1E-30	1E-10	1E10	1E-30	1E-10	1E10	1E-30	1E-10	1E10	1E-30	1E-10	1E10	1E-30	1E-10
6	1.49844032850621E-08	1E10	6E9	1E-30	1.78355981082335E-10	1E10	1E-30	1E10	3.39543260117765E-02	6.54673323903659E-07	1E10	4.85060027035722	9.24750649476892E-07	1E10	0.2217152096123	5.97069167637299E-07	1E10	3.35579549458089E-02	1E-30	9.44183321153483E-11	0.39381856386389	2.96655482461729E-08	6.19735876721873E-11	0.196534915821819	9.07639682209675E-09	3.33147686114898E-11	0.135792774200154	7.42709786856041E-12	3.17959785371188E-10	36.1482792206483	1E10	1E-30	1E-10	1E10	1E-30	1E-10	1E10	1E-30	1E-10	1E10	1E-30	1E-10	1E10	1E-30	1E-10	1E10	1E-30	1E-10	1E10	1E-30	1E-10	1E10	1E-30	1E-10
7	2.37152430898443E-08	1E10	6E9	1E-30	1.1058011025437E-10	1E10	1E-30	1E10	2.10161566079615E-02	1.54439322716592E-06	1E10	1.03053380636715	1.68557204926251E-06	1E10	0.122447960498699	8.36780283013561E-07	1E10	0.022188028050609	1E-30	1.29326594945128E-10	0.386357161048453	4.18460533564898E-08	9.6346181842043E-11	0.223240477105319	1.18800057350921E-08	7.10726253713318E-11	0.16825713344536	6.43826241706836E-12	4.42030934459197E-10	51.0493473496411	1E10	1E-30	1E-10	1E10	1E-30	1E-10	1E10	1E-30	1E-10	1E10	1E-30	1E-10	1E10	1E-30	1E-10	1E10	1E-30	1E-10	1E10	1E-30	1E-10	1E10	1E-30	1E-10
8	3.27656743712947E-08	1E10	6E9	1E-30	1.27924949452956E-10	1E10	1E-30	1E10	1.79102291343209E-02	2.00798346166729E-06	1E10	0.997837910998889	2.21317822536815E-06	1E10	8.90599584582461E-02	1.19704050507524E-06	1E10	1.32642069690162E-02	1E-30	1.38281007765636E-10	0.141244777867735	7.99714413958479E-08	7.91854425419283E-11	0.209283002576492	2.16964849414188E-08	7.29677410274548E-11	0.153549888818252	6.60459031483111E-12	5.42469661071658E-10	44.3519771563479	1E10	1E-30	1E-10	1E10	1E-30	1E-10	1E10	1E-30	1E-10	1E10	1E-30	1E-10	1E10	1E-30	1E-10	1E10	1E-30	1E-10	1E10	1E-30	1E-10	1E10	1E-30	1E-10
9	4.58691510165022E-08	1E10	6E9	1E-30	2.19609755041963E-10	1E10	1E-30	1E10	3.85045734300387E-03	2.84819583904195E-06	1E10	0.885625849161156	2.98293712808056E-06	1E10	7.73047228612881E-02	6.81274826038716E-07	1E10	1.98366255095092E-02	1E-30	2.98185572295346E-10	0.140850292661013	1.135255366232E-07	9.60325949122407E-11	0.217648943747938	7.44798657100172E-08	4.33869247839682E-11	0.127508382709351	7.16689933355172E-12	3.45851794301401E-10	42.7984030004644	1E10	1E-30	1E-10	1E10	1E-30	1E-10	1E10	1E-30	1E-10	1E10	1E-30	1E-10	1E10	1E-30	1E-10	1E10	1E-30	1E-10	1E10	1E-30	1E-10	1E10	1E-30	1E-10
10	5.64716077194595E-08	1E10	6E9	1E-30	1.2650458559024E-10	1E10	1E-30	1E10	2.47760542786276E-05	2.8771851776241E-06	1E10	1.38948005560885	6.1417364207031E-06	1E10	6.52467603772888E-02	4.94411947911682E-06	1E10	1.98016408213254E-02	5.19033000977173E-07	1E10	1.70758625487007E-02	1E-30	3.13476467742657E-10	0.156453330579782	1.09788380866103E-07	1.30904883148641E-10	0.258400736435432	6.02368207297964E-08	7.32500991707203E-11	0.155950971791585	6.14163123848691E-12	3.35689379254365E-10	57.3423030576596	1E10	1E-30	1E-10	1E10	1E-30	1E-10	1E10	1E-30	1E-10	1E10	1E-30	1E-10	1E10	1E-30	1E-10	1E10	1E-30	1E-10	1E10	1E-30	1E-10
END DSCRDATA
