BEGIN DSCRDATA
% INDEX	K01	L01	M01	K02	L02	M02	K03	L03	M03	K04	L04	M04	K05	L05	M05	K06	L06	M06	K07	L07	M07	K08	L08	M08	K09	L09	M09	K10	L10	M10	K11	L11	M11	K12	L12	M12	K13	L13	M13	K14	L14	M14	K15	L15	M15	K16	L16	M16	K17	L17	M17	K18	L18	M18
0	0	0	0	0	0	0	0	0	0	0	0	0	0	0	0	0	0	0	0	0	0	0	0	0	0	0	0	0	0	0	0	0	0	0	0	0	0	0	0	0	0	0	0	0	0	0	0	0	0	0	0	0	0	0
1	1.03362680688458E-07	1E10	1E9	1E-30	2.43175131143836E-10	1E10	1E-30	1E10	0.01322307415844	2.97893371072757E-05	1E10	120.077620244791	4.76449924648317E-05	1E10	9.70133639040294	4.73841905565895E-05	1E10	1.86084114257999	4.41382080061625E-05	1E10	0.385027926413988	3.99001366740633E-05	1E10	8.12600792015148E-02	2.43292920743377E-05	1E10	1.82179077167575E-02	1E-30	4.51314899319448E-11	5.28789158994244E-02	1E-30	6.51280248692221E-11	3.65446802060896E-02	2.42227958985911E-07	4.39307272617498E-11	5.06855665105999E-02	8.25697142632407E-08	3.75630179382716E-11	4.10789549095408E-02	9.84188609002797E-12	4.6118628270501E-10	45.1965314956487	1E10	1E-30	1E-10	1E10	1E-30	1E-10	1E10	1E-30	1E-10	1E10	1E-30	1E-10
2	1.54662368120956E-07	1E10	666666666.666666	1E-30	2.46909312405462E-10	1E10	1E-30	1E10	9.05401264087288E-03	6.28698029828681E-05	1E10	42.0858350844226	8.51199929941891E-05	1E10	6.19980821374974	7.68626346241514E-05	1E10	1.37116479163733	7.32311211221297E-05	1E10	0.28278966352127	6.78871120462539E-05	1E10	6.22647491216175E-02	4.53182805044819E-05	1E10	1.37037908634442E-02	1E-30	4.28631573803994E-11	5.91590806916005E-02	1E-30	8.93598813076123E-11	4.32320698198097E-02	1E-30	2.14579644969881E-11	1.01311012923675E-02	3.42458106629976E-07	6.45437511805819E-11	7.64493156854081E-02	1.19965527511805E-07	6.02031722113735E-11	5.53064203653199E-02	1.21650928341213E-11	3.02002020550711E-10	35.9997134775485	1E10	1E-30	1E-10	1E10	1E-30	1E-10	1E10	1E-30	1E-10
3	2.21110312279335E-07	1E10	454545454.545454	1E-30	2.9934513827504E-10	1E10	1E-30	1E10	6.77755710490626E-03	9.38756147392149E-05	1E10	29.3458340175323	1.25456507924605E-04	1E10	4.43321891725469	1.13983771412619E-04	1E10	0.98830485468339	1.05522178206837E-04	1E10	0.209618163105537	9.76117514238106E-05	1E10	4.43842425684918E-02	6.83411036188634E-05	1E10	8.90470548295344E-03	1E-30	4.82907506805446E-11	4.53311430597277E-02	1E-30	9.48820642441591E-11	3.72105473138537E-02	1E-30	4.02544789770379E-11	0.014173672808976	3.72300067320903E-07	1.09722250037371E-10	0.099013452294356	1.84952075396888E-07	7.83895107920327E-11	7.36360366127844E-02	1.24272438956581E-11	3.21019739676308E-10	38.3169435153316	1E10	1E-30	1E-10	1E10	1E-30	1E-10	1E10	1E-30	1E-10
4	2.25375859039722E-07	1E10	454545454.545454	1E-30	2.74640938617349E-10	1E10	1E-30	1E10	7.9578944664971E-03	7.57024219969183E-05	1E10	52.4246301130394	1.22108830811346E-04	1E10	4.56947242198711	1.16900804882275E-04	1E10	0.983950093648973	1.06072932304894E-04	1E10	0.214541052257983	1.09640405642461E-04	1E10	4.46694038632082E-02	7.96495774511901E-05	1E10	9.90413921887673E-03	1E-30	2.42188234802162E-11	0.035786096531375	1E-30	6.63473466662466E-11	3.05170293991917E-02	1E-30	1.48998030974148E-11	6.41809994791262E-03	4.72615196393662E-07	5.51881896545958E-11	4.14734167429795E-02	1.49443553216468E-07	5.14444316503898E-11	3.62642200673117E-02	1.11272299606269E-11	4.05349309126588E-10	47.5413819129698	1E10	1E-30	1E-10	1E10	1E-30	1E-10	1E10	1E-30	1E-10
5	2.25375859039722E-07	1E10	454545454.545454	1E-30	2.74640938617349E-10	1E10	1E-30	1E10	7.9578944664971E-03	7.57024219969183E-05	1E10	52.4246301130394	1.22108830811346E-04	1E10	4.56947242198711	1.16900804882275E-04	1E10	0.983950093648973	1.06072932304894E-04	1E10	0.214541052257983	1.09640405642461E-04	1E10	4.46694038632082E-02	7.96495774511901E-05	1E10	9.90413921887673E-03	1E-30	2.42188234802162E-11	0.035786096531375	1E-30	6.63473466662466E-11	3.05170293991917E-02	1E-30	1.48998030974148E-11	6.41809994791262E-03	4.72615196393662E-07	5.51881896545958E-11	4.14734167429795E-02	1.49443553216468E-07	5.14444316503898E-11	3.62642200673117E-02	1.11272299606269E-11	4.05349309126588E-10	47.5413819129698	1E10	1E-30	1E-10	1E10	1E-30	1E-10	1E10	1E-30	1E-10
6	3.18930254543114E-07	1E10	303030303.030303	1E-30	2.45615251426153E-10	1E10	1E-30	1E10	5.5835360185373E-03	1.02695874937665E-04	1E10	39.1987863246331	1.69950738809073E-04	1E10	3.36900016015381	1.63520253068733E-04	1E10	0.73522161748475	1.48709117881247E-04	1E10	0.164078924871527	1.60019946026738E-04	1E10	3.30128223236681E-02	9.3568800283657E-05	1E10	8.49693170916442E-03	1E-30	5.2705640792807E-11	4.10676184664424E-02	1E-30	4.33587237330819E-11	2.41683430588721E-02	1E-30	3.92666692243015E-11	1.71122876821149E-02	7.47416046598565E-07	6.28571729144646E-11	5.81658363728778E-02	2.14864399568339E-07	7.35928240574873E-11	4.71419417571981E-02	1.15302039103412E-11	3.28840673759912E-10	43.3888985885346	1E10	1E-30	1E-10	1E10	1E-30	1E-10	1E10	1E-30	1E-10
7	3.18930254543114E-07	1E10	303030303.030303	1E-30	2.45615251426153E-10	1E10	1E-30	1E10	5.5835360185373E-03	1.02695874937665E-04	1E10	39.1987863246331	1.69950738809073E-04	1E10	3.36900016015381	1.63520253068733E-04	1E10	0.73522161748475	1.48709117881247E-04	1E10	0.164078924871527	1.60019946026738E-04	1E10	3.30128223236681E-02	9.3568800283657E-05	1E10	8.49693170916442E-03	1E-30	5.2705640792807E-11	4.10676184664424E-02	1E-30	4.33587237330819E-11	2.41683430588721E-02	1E-30	3.92666692243015E-11	1.71122876821149E-02	7.47416046598565E-07	6.28571729144646E-11	5.81658363728778E-02	2.14864399568339E-07	7.35928240574873E-11	4.71419417571981E-02	1.15302039103412E-11	3.28840673759912E-10	43.3888985885346	1E10	1E-30	1E-10	1E10	1E-30	1E-10	1E10	1E-30	1E-10
8	4.676749417866E-07	1E10	212765957.446808	1E-30	2.50376612794832E-10	1E10	1E-30	1E10	4.37402702755086E-03	1.39278124652367E-04	1E10	31.9804440112178	2.25465072616029E-04	1E10	2.42556800163522	2.43065397685232E-04	1E10	0.4522691317856	2.26016617628737E-04	1E10	0.120615157529266	1.07043546175661E-04	1E10	0.03733354847134	2.11721461116255E-04	1E10	3.92053004856985E-03	1E-30	8.1486888576531E-11	3.70529691550824E-02	1E-30	6.54323921900189E-11	2.45829045295802E-02	1E-30	5.0979009580388E-11	1.26501263812685E-02	8.35949412633325E-07	1.05984238936234E-10	8.54497707605627E-02	4.5359298469195E-07	7.17913360388278E-11	6.01021581868018E-02	1.48511318043447E-11	1.41611489265152E-10	13.6191750770474	1E10	1E-30	1E-10	1E10	1E-30	1E-10	1E10	1E-30	1E-10
9	4.69687826535257E-07	1E10	212765957.446808	1E-30	2.10304470353736E-10	1E10	1E-30	1E10	4.48573740297001E-03	1.65081815109401E-04	1E10	26.833857293204	2.43409816822536E-04	1E10	2.79524805174371	2.42917195631573E-04	1E10	0.58096752370373	2.20814922046608E-04	1E10	0.134717562283099	2.40186623971587E-04	1E10	2.62377264568646E-02	1.72838752966596E-04	1E10	6.0711875620529E-03	1E-30	4.78106501049982E-11	3.17756078794075E-02	1E-30	6.52132637284408E-11	2.57635066514752E-02	1E-30	8.077715341982E-11	2.35208152752902E-02	6.84609970307401E-07	1.22945685061117E-10	7.97356438136657E-02	4.3178225138161E-07	6.94141107397941E-11	5.83938212031686E-02	7.37285928167351E-10	8.45730153963658E-12	0.148946444270667	1.43408187444333E-11	1.70333775744478E-10	23.8232571255664	1E10	1E-30	1E-10	1E10	1E-30	1E-10
10	4.676749417866E-07	1E10	212765957.446808	1E-30	2.50376612794832E-10	1E10	1E-30	1E10	4.37402702755086E-03	1.39278124652367E-04	1E10	31.9804440112178	2.25465072616029E-04	1E10	2.42556800163522	2.43065397685232E-04	1E10	0.4522691317856	2.26016617628737E-04	1E10	0.120615157529266	1.07043546175661E-04	1E10	0.03733354847134	2.11721461116255E-04	1E10	3.92053004856985E-03	1E-30	8.1486888576531E-11	3.70529691550824E-02	1E-30	6.54323921900189E-11	2.45829045295802E-02	1E-30	5.0979009580388E-11	1.26501263812685E-02	8.35949412633325E-07	1.05984238936234E-10	8.54497707605627E-02	4.5359298469195E-07	7.17913360388278E-11	6.01021581868018E-02	1.48511318043447E-11	1.41611489265152E-10	13.6191750770474	1E10	1E-30	1E-10	1E10	1E-30	1E-10	1E10	1E-30	1E-10
11	4.69687826535257E-07	1E10	212765957.446808	1E-30	2.10304470353736E-10	1E10	1E-30	1E10	4.48573740297001E-03	1.65081815109401E-04	1E10	26.833857293204	2.43409816822536E-04	1E10	2.79524805174371	2.42917195631573E-04	1E10	0.58096752370373	2.20814922046608E-04	1E10	0.134717562283099	2.40186623971587E-04	1E10	2.62377264568646E-02	1.72838752966596E-04	1E10	6.0711875620529E-03	1E-30	4.78106501049982E-11	3.17756078794075E-02	1E-30	6.52132637284408E-11	2.57635066514752E-02	1E-30	8.077715341982E-11	2.35208152752902E-02	6.84609970307401E-07	1.22945685061117E-10	7.97356438136657E-02	4.3178225138161E-07	6.94141107397941E-11	5.83938212031686E-02	7.37285928167351E-10	8.45730153963658E-12	0.148946444270667	1.43408187444333E-11	1.70333775744478E-10	23.8232571255664	1E10	1E-30	1E-10	1E10	1E-30	1E-10
12	5.6726187815671E-07	1E10	178571428.571428	1E-30	1.94427820383716E-10	1E10	1E-30	1E10	3.72329051545342E-03	2.05914241761575E-04	1E10	22.0014548882682	2.90355739836634E-04	1E10	2.48637087100641	2.97497954139249E-04	1E10	0.511795096058138	2.73680385469668E-04	1E10	0.12377560268261	3.01004570750018E-04	1E10	2.55218324201412E-02	1.72259368317583E-04	1E10	7.22026560370947E-03	1E-30	5.23777115298783E-11	2.44118306132945E-02	1E-30	9.1040659908395E-11	2.23732503528497E-02	1E-30	5.62738040607821E-11	1.83451079614069E-02	1.08125033611059E-06	1.24910002524206E-10	8.29609728717874E-02	6.04755245856161E-07	8.28167810668441E-11	6.51685629677993E-02	6.98046959936276E-10	1.06913828755549E-11	0.145157679548306	1.03994293237918E-11	2.77332514506624E-10	45.5930500954112	1E10	1E-30	1E-10	1E10	1E-30	1E-10
13	6.84093607150037E-07	1E10	147058823.529411	1E-30	1.90760362629122E-10	1E10	1E-30	1E10	4.03802462176325E-03	2.05413990646348E-04	1E10	22.1928011060773	3.24965184270277E-04	1E10	1.80274410298909	3.19929413943615E-04	1E10	0.340547367493669	2.63439619463886E-04	1E10	7.23040347662863E-02	1.76402906857206E-04	1E10	0.016041951718134	2.05461661518927E-04	1E10	2.97122737282146E-03	1E-30	5.79884733449236E-11	3.04101956322364E-02	1E-30	5.35419573502052E-11	1.79065452536692E-02	1E-30	5.49216459487189E-11	1.65500866863949E-02	1.2304162128535E-06	9.49494278975663E-11	4.91159284861756E-02	5.00588004131768E-07	8.09308274984487E-11	4.19303249796348E-02	1.0728259946403E-11	2.92715648136396E-10	42.3269659426915	1E10	1E-30	1E-10	1E10	1E-30	1E-10	1E10	1E-30	1E-10
14	6.84093607150037E-07	1E10	147058823.529411	1E-30	1.90760362629122E-10	1E10	1E-30	1E10	4.03802462176325E-03	2.05413990646348E-04	1E10	22.1928011060773	3.24965184270277E-04	1E10	1.80274410298909	3.19929413943615E-04	1E10	0.340547367493669	2.63439619463886E-04	1E10	7.23040347662863E-02	1.76402906857206E-04	1E10	0.016041951718134	2.05461661518927E-04	1E10	2.97122737282146E-03	1E-30	5.79884733449236E-11	3.04101956322364E-02	1E-30	5.35419573502052E-11	1.79065452536692E-02	1E-30	5.49216459487189E-11	1.65500866863949E-02	1.2304162128535E-06	9.49494278975663E-11	4.91159284861756E-02	5.00588004131768E-07	8.09308274984487E-11	4.19303249796348E-02	1.0728259946403E-11	2.92715648136396E-10	42.3269659426915	1E10	1E-30	1E-10	1E10	1E-30	1E-10	1E10	1E-30	1E-10
15	1.05437401061902E-06	1E10	1E8	1E-30	1.43999413510856E-10	1E10	1E-30	1E10	2.63407460429606E-03	4.14557728542137E-04	1E10	6.20632982107042	5.43220279483123E-04	1E10	0.962800085937286	5.11478422459757E-04	1E10	0.200247571387533	4.72197569875086E-04	1E10	0.041601917830875	2.54049226963806E-04	1E10	1.42863156921596E-02	1E-30	1.67672264145067E-10	2.31358995684398E-02	1E-30	1.06380243369359E-10	1.64409718447182E-02	1E-30	6.7223720538683E-11	8.91885698743795E-03	2.15971005926094E-06	1.23081525722298E-10	6.68610500480285E-02	1.0411573563952E-06	1.01055903438468E-10	4.81335875872518E-02	8.58511748152504E-12	3.20985289737913E-10	42.1452454537585	1E10	1E-30	1E-10	1E10	1E-30	1E-10	1E10	1E-30	1E-10	1E10	1E-30	1E-10
16	1.05437401061902E-06	1E10	1E8	1E-30	1.43999413510856E-10	1E10	1E-30	1E10	2.63407460429606E-03	4.14557728542137E-04	1E10	6.20632982107042	5.43220279483123E-04	1E10	0.962800085937286	5.11478422459757E-04	1E10	0.200247571387533	4.72197569875086E-04	1E10	0.041601917830875	2.54049226963806E-04	1E10	1.42863156921596E-02	1E-30	1.67672264145067E-10	2.31358995684398E-02	1E-30	1.06380243369359E-10	1.64409718447182E-02	1E-30	6.7223720538683E-11	8.91885698743795E-03	2.15971005926094E-06	1.23081525722298E-10	6.68610500480285E-02	1.0411573563952E-06	1.01055903438468E-10	4.81335875872518E-02	8.58511748152504E-12	3.20985289737913E-10	42.1452454537585	1E10	1E-30	1E-10	1E10	1E-30	1E-10	1E10	1E-30	1E-10	1E10	1E-30	1E-10
END DSCRDATA
