BEGIN DSCRDATA
% INDEX	K01	L01	M01	K02	L02	M02	K03	L03	M03	K04	L04	M04	K05	L05	M05	K06	L06	M06	K07	L07	M07	K08	L08	M08	K09	L09	M09	K10	L10	M10	K11	L11	M11	K12	L12	M12	K13	L13	M13	K14	L14	M14	K15	L15	M15	K16	L16	M16	K17	L17	M17	K18	L18	M18
0	0	0	0	0	0	0	0	0	0	0	0	0	0	0	0	0	0	0	0	0	0	0	0	0	0	0	0	0	0	0	0	0	0	0	0	0	0	0	0	0	0	0	0	0	0	0	0	0	0	0	0	0	0	0
1	1.07830341131113E-09	1E10	1E10	1E-30	7.83354675633042E-11	1E10	1E-30	1E10	0.260958140485821	1.0633087430925E-07	1E10	17829.3245952567	1.63745279157742E-07	1E10	957.491421545907	1.37489268345592E-07	1E10	102.597054278583	1.19338642796077E-07	1E10	12.8107979016386	8.13188013251233E-08	1E10	2.16262129559234	4.57289225000606E-08	1E10	0.543225908889207	1.50139993485306E-08	1E10	0.187981236791208	1E-30	3.24434595070355E-10	5.42727235727325	7.31387479535044E-11	5.06590646051242E-11	1.19853152500317	7.65856709508137E-12	1.16053212423351E-10	10.4387731969229	8.37444817106855E-12	5.6806477257115E-11	6.17312270055677	1E10	1E-30	1E-10	1E10	1E-30	1E-10	1E10	1E-30	1E-10	1E10	1E-30	1E-10
2	1.07830341131113E-09	1E10	1E10	1E-30	7.83354675633042E-11	1E10	1E-30	1E10	0.260958140485821	1.0633087430925E-07	1E10	17829.3245952567	1.63745279157742E-07	1E10	957.491421545907	1.37489268345592E-07	1E10	102.597054278583	1.19338642796077E-07	1E10	12.8107979016386	8.13188013251233E-08	1E10	2.16262129559234	4.57289225000606E-08	1E10	0.543225908889207	1.50139993485306E-08	1E10	0.187981236791208	1E-30	3.24434595070355E-10	5.42727235727325	7.31387479535044E-11	5.06590646051242E-11	1.19853152500317	7.65856709508137E-12	1.16053212423351E-10	10.4387731969229	8.37444817106855E-12	5.6806477257115E-11	6.17312270055677	1E10	1E-30	1E-10	1E10	1E-30	1E-10	1E10	1E-30	1E-10	1E10	1E-30	1E-10
3	1.54159157357888E-09	1E10	1E10	1E-30	1.02092740116304E-10	1E10	1E-30	1E10	0.163247521587272	1.5025162888799E-07	1E10	11716.0078755847	2.37970994027432E-07	1E10	689.889690363421	2.17985387418931E-07	1E10	75.6449003227464	1.71179619381076E-07	1E10	9.29754042375733	1.18088777057966E-07	1E10	1.43899190718069	5.65890422406269E-08	1E10	0.327548564244938	1.52276156642578E-08	1E10	0.125308054812043	7.34018211001277E-10	4.5682369186993E-11	0.317586589342344	2.65662826162372E-11	1.19600442656535E-10	2.63261664326401	5.44659519249483E-12	1.38429598378523E-10	12.3466064418521	2.72976397721408E-12	1.51785036322909E-10	15.1896443309217	1E10	1E-30	1E-10	1E10	1E-30	1E-10	1E10	1E-30	1E-10	1E10	1E-30	1E-10
4	1.54159157357888E-09	1E10	1E10	1E-30	1.02092740116304E-10	1E10	1E-30	1E10	0.163247521587272	1.5025162888799E-07	1E10	11716.0078755847	2.37970994027432E-07	1E10	689.889690363421	2.17985387418931E-07	1E10	75.6449003227464	1.71179619381076E-07	1E10	9.29754042375733	1.18088777057966E-07	1E10	1.43899190718069	5.65890422406269E-08	1E10	0.327548564244938	1.52276156642578E-08	1E10	0.125308054812043	7.34018211001277E-10	4.5682369186993E-11	0.317586589342344	2.65662826162372E-11	1.19600442656535E-10	2.63261664326401	5.44659519249483E-12	1.38429598378523E-10	12.3466064418521	2.72976397721408E-12	1.51785036322909E-10	15.1896443309217	1E10	1E-30	1E-10	1E10	1E-30	1E-10	1E10	1E-30	1E-10	1E10	1E-30	1E-10
5	2.22610633998219E-09	1E10	1E10	1E-30	9.13068129064792E-11	1E10	1E-30	1E10	0.105110137333418	2.09058189611564E-07	1E10	11532.4702973965	4.60173741426656E-07	1E10	633.756380496839	2.80992474159069E-07	1E10	93.7394378447997	2.63308581152919E-07	1E10	7.60948243288273	1.52736243687721E-07	1E10	1.27739399705428	1.49806933368178E-07	1E10	0.235763260998288	1.75098148852151E-08	1E10	9.51839392960228E-02	1.28619198085027E-07	1E10	6.18450717650581E-02	1E-30	1.70633581682422E-10	1.83470265537872	2.87222266923474E-08	4.24087094632078E-12	4.35700240634211E-02	9.5293329140029E-10	4.10474680978906E-11	0.317641765587163	4.49649723069267E-12	1.24721725119991E-10	16.7031209967842	2.97080625930294E-12	9.90699877463301E-11	17.8977166057739	1E10	1E-30	1E-10	1E10	1E-30	1E-10
6	2.22610633998219E-09	1E10	1E10	1E-30	9.13068129064792E-11	1E10	1E-30	1E10	0.105110137333418	2.09058189611564E-07	1E10	11532.4702973965	4.60173741426656E-07	1E10	633.756380496839	2.80992474159069E-07	1E10	93.7394378447997	2.63308581152919E-07	1E10	7.60948243288273	1.52736243687721E-07	1E10	1.27739399705428	1.49806933368178E-07	1E10	0.235763260998288	1.75098148852151E-08	1E10	9.51839392960228E-02	1.28619198085027E-07	1E10	6.18450717650581E-02	1E-30	1.70633581682422E-10	1.83470265537872	2.87222266923474E-08	4.24087094632078E-12	4.35700240634211E-02	9.5293329140029E-10	4.10474680978906E-11	0.317641765587163	4.49649723069267E-12	1.24721725119991E-10	16.7031209967842	2.97080625930294E-12	9.90699877463301E-11	17.8977166057739	1E10	1E-30	1E-10	1E10	1E-30	1E-10
7	2.91726399423806E-09	1E10	1E10	1E-30	1.00942809405411E-10	1E10	1E-30	1E10	9.55328213698952E-02	2.5512653506277E-07	1E10	17331.7818091304	4.41587784161241E-07	1E10	455.872309350705	4.44768326066177E-07	1E10	48.847598019253	7.13959133831373E-07	1E10	6.42904961929879	2.82095461002139E-07	1E10	2.69073469223213	2.00838724619212E-07	1E10	0.45202305789918	1.11734496184648E-07	1E10	0.118147250765849	3.10250608779291E-08	1E10	5.88867003017925E-02	1E-30	1.07580041345404E-10	0.890537037344301	1.06963796832418E-08	1.80326839311829E-11	9.60822286447485E-02	2.31433092944817E-09	2.94874970744506E-11	0.207260111656099	1.19704151060594E-11	5.23895714967484E-11	10.6615280225493	2.2681808689028E-12	1.71414476456249E-10	19.5365540093618	1E10	1E-30	1E-10	1E10	1E-30	1E-10
8	2.91726399423806E-09	1E10	1E10	1E-30	1.00942809405411E-10	1E10	1E-30	1E10	9.55328213698952E-02	2.5512653506277E-07	1E10	17331.7818091304	4.41587784161241E-07	1E10	455.872309350705	4.44768326066177E-07	1E10	48.847598019253	7.13959133831373E-07	1E10	6.42904961929879	2.82095461002139E-07	1E10	2.69073469223213	2.00838724619212E-07	1E10	0.45202305789918	1.11734496184648E-07	1E10	0.118147250765849	3.10250608779291E-08	1E10	5.88867003017925E-02	1E-30	1.07580041345404E-10	0.890537037344301	1.06963796832418E-08	1.80326839311829E-11	9.60822286447485E-02	2.31433092944817E-09	2.94874970744506E-11	0.207260111656099	1.19704151060594E-11	5.23895714967484E-11	10.6615280225493	2.2681808689028E-12	1.71414476456249E-10	19.5365540093618	1E10	1E-30	1E-10	1E10	1E-30	1E-10
9	3.51823297254956E-09	1E10	1E10	1E-30	1.12890955922628E-10	1E10	1E-30	1E10	0.116620359653421	5.13659313756346E-07	1E10	3974.82198034289	6.62769853235743E-07	1E10	323.085660194252	5.96297126048091E-07	1E10	50.0400439841168	4.39773785158419E-07	1E10	8.48380727291926	3.2138736020244E-07	1E10	1.15674647319783	2.42495340519577E-07	1E10	0.238601259380399	9.67062091008247E-08	1E10	7.24371226155608E-02	2.11277165862086E-08	9.56798751129133E-12	6.12772451625942E-02	1.88049442129204E-09	3.62096459821889E-11	0.216346674117544	4.25257234334055E-11	1.10311717821562E-10	1.5834712217776	4.96223906116211E-12	1.13252421488296E-10	15.1651937186278	3.39950362023062E-12	9.51282859608035E-11	19.2801379670274	1E10	1E-30	1E-10	1E10	1E-30	1E-10	1E10	1E-30	1E-10
10	3.51823297254956E-09	1E10	1E10	1E-30	1.12890955922628E-10	1E10	1E-30	1E10	0.116620359653421	5.13659313756346E-07	1E10	3974.82198034289	6.62769853235743E-07	1E10	323.085660194252	5.96297126048091E-07	1E10	50.0400439841168	4.39773785158419E-07	1E10	8.48380727291926	3.2138736020244E-07	1E10	1.15674647319783	2.42495340519577E-07	1E10	0.238601259380399	9.67062091008247E-08	1E10	7.24371226155608E-02	2.11277165862086E-08	9.56798751129133E-12	6.12772451625942E-02	1.88049442129204E-09	3.62096459821889E-11	0.216346674117544	4.25257234334055E-11	1.10311717821562E-10	1.5834712217776	4.96223906116211E-12	1.13252421488296E-10	15.1651937186278	3.39950362023062E-12	9.51282859608035E-11	19.2801379670274	1E10	1E-30	1E-10	1E10	1E-30	1E-10	1E10	1E-30	1E-10
11	3.76475121305989E-09	1E10	1E10	1E-30	1.40790633510048E-10	1E10	1E-30	1E10	9.08319373503559E-02	4.93465704363885E-07	1E10	3567.31836033137	5.57662921551144E-07	1E10	235.690386762814	4.86734184321456E-07	1E10	23.5690386762814	3.83465230349881E-07	1E10	2.67297625368227	3.13982531498997E-07	1E10	0.412544349549304	2.20727399196665E-07	1E10	0.10753734349201	6.48391124328192E-08	1E10	5.60726731450278E-02	1E-30	1.25353245930499E-10	1.26619007542071	1.58362208938557E-08	1.50209567293333E-11	8.78933189260128E-02	2.52146478380661E-09	3.24670942112172E-11	0.196918884975206	8.51325984700037E-12	5.73747161746238E-11	9.44594997468105	4.36612222741072E-12	8.10439407087306E-11	15.6763749062908	1E10	1E-30	1E-10	1E10	1E-30	1E-10	1E10	1E-30	1E-10
12	3.76475121305989E-09	1E10	1E10	1E-30	1.40790633510048E-10	1E10	1E-30	1E10	9.08319373503559E-02	4.93465704363885E-07	1E10	3567.31836033137	5.57662921551144E-07	1E10	235.690386762814	4.86734184321456E-07	1E10	23.5690386762814	3.83465230349881E-07	1E10	2.67297625368227	3.13982531498997E-07	1E10	0.412544349549304	2.20727399196665E-07	1E10	0.10753734349201	6.48391124328192E-08	1E10	5.60726731450278E-02	1E-30	1.25353245930499E-10	1.26619007542071	1.58362208938557E-08	1.50209567293333E-11	8.78933189260128E-02	2.52146478380661E-09	3.24670942112172E-11	0.196918884975206	8.51325984700037E-12	5.73747161746238E-11	9.44594997468105	4.36612222741072E-12	8.10439407087306E-11	15.6763749062908	1E10	1E-30	1E-10	1E10	1E-30	1E-10	1E10	1E-30	1E-10
13	4.88123940581047E-09	1E10	1E10	1E-30	1.13628041101982E-10	1E10	1E-30	1E10	7.97719566511982E-02	6.87064606570601E-07	1E10	2971.63368801296	8.38535810737229E-07	1E10	230.672208199675	1.01203388220542E-06	1E10	23.6045254164654	8.50487247687335E-07	1E10	5.91769156343535	6.50198135573944E-07	1E10	1.37301528605459	4.93676766957793E-07	1E10	0.285239235025691	3.54585041739453E-07	1E10	9.82030143054614E-02	1.39496767533252E-07	1E10	3.98664256567218E-02	1.8500189767625E-08	1.49200529637897E-11	0.070112882390488	2.92427748878055E-09	3.28620402927691E-11	0.190347209623333	4.26312780773364E-11	1.20612427228977E-10	1.2754649884714	4.26831103310902E-12	1.13214846419802E-10	17.0402695005114	4.19330040905038E-12	7.84870635044479E-11	14.4650345955489	1E10	1E-30	1E-10	1E10	1E-30	1E-10
14	4.88123940581047E-09	1E10	1E10	1E-30	1.13628041101982E-10	1E10	1E-30	1E10	7.97719566511982E-02	6.87064606570601E-07	1E10	2971.63368801296	8.38535810737229E-07	1E10	230.672208199675	1.01203388220542E-06	1E10	23.6045254164654	8.50487247687335E-07	1E10	5.91769156343535	6.50198135573944E-07	1E10	1.37301528605459	4.93676766957793E-07	1E10	0.285239235025691	3.54585041739453E-07	1E10	9.82030143054614E-02	1.39496767533252E-07	1E10	3.98664256567218E-02	1.8500189767625E-08	1.49200529637897E-11	0.070112882390488	2.92427748878055E-09	3.28620402927691E-11	0.190347209623333	4.26312780773364E-11	1.20612427228977E-10	1.2754649884714	4.26831103310902E-12	1.13214846419802E-10	17.0402695005114	4.19330040905038E-12	7.84870635044479E-11	14.4650345955489	1E10	1E-30	1E-10	1E10	1E-30	1E-10
15	5.8034243589492E-09	1E10	1E10	1E-30	1.48661884069146E-10	1E10	1E-30	1E10	6.71402986721376E-02	7.69340357468391E-07	1E10	5657.90512842145	1.11886340989091E-06	1E10	696.074398771613	8.14106778748446E-07	1E10	76.323040114655	7.58618552295801E-07	1E10	7.79465095661648	8.14976649433239E-07	1E10	1.07047351470478	4.97122171307346E-07	1E10	0.27681448984675	3.48688949618224E-07	1E10	6.90887038426822E-02	1.70126415868676E-07	1E10	3.38024033827148E-02	1E-30	1.07162779067975E-10	0.921475435889621	1.48059801095974E-08	2.57341238323102E-11	0.101745461354101	3.82428663189816E-09	3.46866748646024E-11	0.186296349989096	1.27408868683012E-11	3.7927985946383E-11	9.04758889171463	4.71471257626341E-12	7.43613370425653E-11	14.8122071259907	1E10	1E-30	1E-10	1E10	1E-30	1E-10
16	5.8034243589492E-09	1E10	1E10	1E-30	1.48661884069146E-10	1E10	1E-30	1E10	6.71402986721376E-02	7.69340357468391E-07	1E10	5657.90512842145	1.11886340989091E-06	1E10	696.074398771613	8.14106778748446E-07	1E10	76.323040114655	7.58618552295801E-07	1E10	7.79465095661648	8.14976649433239E-07	1E10	1.07047351470478	4.97122171307346E-07	1E10	0.27681448984675	3.48688949618224E-07	1E10	6.90887038426822E-02	1.70126415868676E-07	1E10	3.38024033827148E-02	1E-30	1.07162779067975E-10	0.921475435889621	1.48059801095974E-08	2.57341238323102E-11	0.101745461354101	3.82428663189816E-09	3.46866748646024E-11	0.186296349989096	1.27408868683012E-11	3.7927985946383E-11	9.04758889171463	4.71471257626341E-12	7.43613370425653E-11	14.8122071259907	1E10	1E-30	1E-10	1E10	1E-30	1E-10
17	6.94083390320343E-09	1E10	1E10	1E-30	1.62883604092582E-10	1E10	1E-30	1E10	6.74651373325095E-02	8.33241862216445E-07	1E10	1836.23303376514	9.93075650972828E-07	1E10	124.144589298098	9.5227123477957E-07	1E10	6.65364255054748	3.69745244647868E-06	1E10	5.05740572761369	9.44655888693539E-07	1E10	0.923522447446625	4.3173121186984E-07	1E10	0.259082754282425	2.60609233426772E-07	1E10	4.85126982539261E-02	4.1413484617113E-08	1.3925306842431E-11	6.14639862867804E-02	5.82247264668135E-09	3.29310552767838E-11	0.128522906799366	2.52186818797706E-11	1.77581625495587E-10	2.26573512875604	1.03489535704214E-11	5.11991796322854E-11	8.77313402442372	4.01835730478076E-12	8.72476746966316E-11	11.8568307139279	1E10	1E-30	1E-10	1E10	1E-30	1E-10	1E10	1E-30	1E-10
18	8.39936725573795E-09	1E10	1E10	1E-30	8.44216975795037E-11	1E10	1E-30	1E10	4.79170349360494E-02	1.03317128198373E-06	1E10	1834.94034882294	2.01772463046166E-06	1E10	118.473699624386	1.37014046446331E-06	1E10	18.7768160020372	1.09471702515076E-06	1E10	2.41278297259425	7.53632083857563E-07	1E10	0.34163449337441	4.72405250960543E-07	1E10	6.82868745868732E-02	1.35408453130621E-07	1E10	1.99617886218902E-02	1E-30	1.47514748886818E-10	1.3282359760132	3.14797647581687E-08	2.52880341753441E-11	0.06830188235488	1.15327347393466E-08	2.75918488189968E-11	0.121745063376186	3.3514528499563E-11	1.7335099028473E-10	3.44083842464129	5.29397392599581E-12	1.15085501323125E-10	13.3812192087429	5.39071568792351E-12	6.67451730989946E-11	12.8298880264836	1E10	1E-30	1E-10	1E10	1E-30	1E-10
19	1.00470054166183E-08	1E10	1E10	1E-30	9.85281205130041E-11	1E10	1E-30	1E10	4.78801536486339E-02	1.50135498849014E-06	1E10	2284.98981550564	2.10747641823146E-06	1E10	274.716198864544	1.60849387297128E-06	1E10	51.1545500138586	1.33011020307116E-06	1E10	6.57555639401417	1.2083498255028E-06	1E10	0.848258867759203	6.39951115185207E-07	1E10	0.183022781848969	4.21896494231643E-07	1E10	3.68671285038958E-02	1E-30	9.198217350929E-11	0.372366685329143	3.66244548680584E-08	2.86533482936655E-11	9.01308173420829E-02	1.1669350939277E-08	3.43294150993077E-11	0.125037791859052	3.37321230337209E-11	1.43256971285889E-10	3.11602367220487	4.65632918473969E-12	1.24771605997393E-10	11.0560692006706	4.44366424479843E-12	8.26154313722436E-11	10.4953343087097	1E10	1E-30	1E-10	1E10	1E-30	1E-10
20	1.17316025908955E-08	1E10	1E10	1E-30	1.71419101447522E-10	1E10	1E-30	1E10	4.22582918165913E-02	7.01780848607082E-07	1E10	3.98162025224371	1.30015407586546E-06	1E10	0.282585809384899	1.46473053574504E-06	1E10	6.08484564142205E-02	5.69840944584921E-07	1E10	3.10585728585509E-02	1E-30	1.04159058765659E-10	0.364353218277501	3.89895653210031E-08	3.74255377250057E-11	0.106974548449474	1.46982956764716E-08	3.78086938291231E-11	0.116538749658618	5.19131055387708E-11	8.81089463726403E-11	1.77630123994271	3.81460237169683E-12	1.41331779371284E-10	12.0229464690667	1E10	1E-30	1E-10	1E10	1E-30	1E-10	1E10	1E-30	1E-10	1E10	1E-30	1E-10	1E10	1E-30	1E-10	1E10	1E-30	1E-10
21	1.46614302776179E-08	1E10	1E10	1E-30	1.39185750111096E-10	1E10	1E-30	1E10	3.87163031285491E-02	1.54751222567455E-06	1E10	2571.14193431525	4.12751039769367E-06	1E10	218.839670191295	2.03972176048984E-06	1E10	67.6279233244939	1.82681294351591E-06	1E10	9.12275583914967	1.34333827152576E-06	1E10	1.26916437755969	1.05743859299434E-06	1E10	0.192020477257572	7.75125704731427E-07	1E10	0.037091962591481	1E-30	3.60682648354993E-11	9.30765459961604E-02	8.23717890604935E-08	1.26155664264257E-11	3.48918151740743E-02	1.25623385949571E-08	2.5529287109442E-11	7.74543780997063E-02	9.70358228586999E-12	2.41060062419576E-10	21.1135225957378	5.1122764109655E-12	2.04458142052181E-10	14.7870474337514	8.72253492445232E-12	4.1197116655668E-11	6.03440015310371	1E10	1E-30	1E-10	1E10	1E-30	1E-10
22	1.46614302776179E-08	1E10	1E10	1E-30	1.39185750111096E-10	1E10	1E-30	1E10	3.87163031285491E-02	1.54751222567455E-06	1E10	2571.14193431525	4.12751039769367E-06	1E10	218.839670191295	2.03972176048984E-06	1E10	67.6279233244939	1.82681294351591E-06	1E10	9.12275583914967	1.34333827152576E-06	1E10	1.26916437755969	1.05743859299434E-06	1E10	0.192020477257572	7.75125704731427E-07	1E10	0.037091962591481	1E-30	3.60682648354993E-11	9.30765459961604E-02	8.23717890604935E-08	1.26155664264257E-11	3.48918151740743E-02	1.25623385949571E-08	2.5529287109442E-11	7.74543780997063E-02	9.70358228586999E-12	2.41060062419576E-10	21.1135225957378	5.1122764109655E-12	2.04458142052181E-10	14.7870474337514	8.72253492445232E-12	4.1197116655668E-11	6.03440015310371	1E10	1E-30	1E-10	1E10	1E-30	1E-10
23	1.77743133681333E-08	1E10	1E10	1E-30	1.8122668887264E-10	1E10	1E-30	1E10	3.45581005268893E-02	2.4305534960894E-06	1E10	1411.44022493954	3.1432045720989E-06	1E10	213.630122895257	3.30407093132418E-06	1E10	35.4537754991246	2.70969573748353E-06	1E10	9.54250706865054	1.78497534804883E-06	1E10	1.76265563962081	1.23382350943557E-06	1E10	0.265723118530192	1.06204596241294E-06	1E10	3.86679197000919E-02	1E-30	3.36289594998459E-11	0.102643496130939	8.19243016706506E-08	1.71363818794797E-11	3.98326886704256E-02	1.23162885612454E-08	3.75598620543158E-11	8.94249629874369E-02	1.05307477006869E-11	1.92199087280733E-10	21.2549427324746	6.82825646438849E-12	1.41301770797934E-10	12.9905306524854	3.57804048574394E-12	9.28812759528473E-11	7.48702548366512	1E10	1E-30	1E-10	1E10	1E-30	1E-10
24	2.24062411818987E-08	1E10	1E10	1E-30	1.46128856467549E-10	1E10	1E-30	1E10	2.85704180779734E-02	1.33266186385783E-06	1E10	2.55455160074474	2.12723841434645E-06	1E10	0.28567023209361	1.82124707525418E-06	1E10	7.54343951177735E-02	2.00155435982943E-06	1E10	1.45922456001978E-02	1E-30	7.62473896369297E-11	0.136160270966456	1.25049586774733E-07	1.73577839524939E-11	3.92267326662103E-02	2.3827104770942E-08	3.34489970930977E-11	8.24858051319423E-02	9.48442732259184E-12	1.96802904828867E-10	22.0438758903837	3.58261029900621E-12	2.04561576915211E-10	21.4431391970966	1E10	1E-30	1E-10	1E10	1E-30	1E-10	1E10	1E-30	1E-10	1E10	1E-30	1E-10	1E10	1E-30	1E-10	1E10	1E-30	1E-10
25	2.24062411818987E-08	1E10	1E10	1E-30	1.46128856467549E-10	1E10	1E-30	1E10	2.85704180779734E-02	1.33266186385783E-06	1E10	2.55455160074474	2.12723841434645E-06	1E10	0.28567023209361	1.82124707525418E-06	1E10	7.54343951177735E-02	2.00155435982943E-06	1E10	1.45922456001978E-02	1E-30	7.62473896369297E-11	0.136160270966456	1.25049586774733E-07	1.73577839524939E-11	3.92267326662103E-02	2.3827104770942E-08	3.34489970930977E-11	8.24858051319423E-02	9.48442732259184E-12	1.96802904828867E-10	22.0438758903837	3.58261029900621E-12	2.04561576915211E-10	21.4431391970966	1E10	1E-30	1E-10	1E10	1E-30	1E-10	1E10	1E-30	1E-10	1E10	1E-30	1E-10	1E10	1E-30	1E-10	1E10	1E-30	1E-10
26	2.70742511450849E-08	1E10	1E10	1E-30	1.566910599771E-10	1E10	1E-30	1E10	2.41394109393466E-02	3.11165870857379E-06	1E10	1308.48329786322	6.23253245729319E-06	1E10	160.978613849072	3.35999752730139E-06	1E10	46.4267393670378	2.91777600323193E-06	1E10	5.45466625661475	2.54127666246259E-06	1E10	0.735814231709846	2.22886987197328E-06	1E10	0.131912484315907	1.50395576880091E-06	1E10	2.78108678731711E-02	1E-30	7.45252839983904E-11	0.092187935229964	1.37551629299213E-07	1.98825891583289E-11	0.046145891519569	2.8331052390031E-08	3.62056520837385E-11	8.54454730105239E-02	9.14711662103328E-12	1.66020540329161E-10	21.3100983567063	2.82088938043109E-12	1.95483841939394E-10	17.6563688468217	1E10	1E-30	1E-10	1E10	1E-30	1E-10	1E10	1E-30	1E-10
27	2.70742511450849E-08	1E10	1E10	1E-30	1.566910599771E-10	1E10	1E-30	1E10	2.41394109393466E-02	3.11165870857379E-06	1E10	1308.48329786322	6.23253245729319E-06	1E10	160.978613849072	3.35999752730139E-06	1E10	46.4267393670378	2.91777600323193E-06	1E10	5.45466625661475	2.54127666246259E-06	1E10	0.735814231709846	2.22886987197328E-06	1E10	0.131912484315907	1.50395576880091E-06	1E10	2.78108678731711E-02	1E-30	7.45252839983904E-11	0.092187935229964	1.37551629299213E-07	1.98825891583289E-11	0.046145891519569	2.8331052390031E-08	3.62056520837385E-11	8.54454730105239E-02	9.14711662103328E-12	1.66020540329161E-10	21.3100983567063	2.82088938043109E-12	1.95483841939394E-10	17.6563688468217	1E10	1E-30	1E-10	1E10	1E-30	1E-10	1E10	1E-30	1E-10
28	2.70742511450849E-08	1E10	1E10	1E-30	1.566910599771E-10	1E10	1E-30	1E10	2.41394109393466E-02	3.11165870857379E-06	1E10	1308.48329786322	6.23253245729319E-06	1E10	160.978613849072	3.35999752730139E-06	1E10	46.4267393670378	2.91777600323193E-06	1E10	5.45466625661475	2.54127666246259E-06	1E10	0.735814231709846	2.22886987197328E-06	1E10	0.131912484315907	1.50395576880091E-06	1E10	2.78108678731711E-02	1E-30	7.45252839983904E-11	0.092187935229964	1.37551629299213E-07	1.98825891583289E-11	0.046145891519569	2.8331052390031E-08	3.62056520837385E-11	8.54454730105239E-02	9.14711662103328E-12	1.66020540329161E-10	21.3100983567063	2.82088938043109E-12	1.95483841939394E-10	17.6563688468217	1E10	1E-30	1E-10	1E10	1E-30	1E-10	1E10	1E-30	1E-10
29	2.70742511450849E-08	1E10	1E10	1E-30	1.566910599771E-10	1E10	1E-30	1E10	2.41394109393466E-02	3.11165870857379E-06	1E10	1308.48329786322	6.23253245729319E-06	1E10	160.978613849072	3.35999752730139E-06	1E10	46.4267393670378	2.91777600323193E-06	1E10	5.45466625661475	2.54127666246259E-06	1E10	0.735814231709846	2.22886987197328E-06	1E10	0.131912484315907	1.50395576880091E-06	1E10	2.78108678731711E-02	1E-30	7.45252839983904E-11	0.092187935229964	1.37551629299213E-07	1.98825891583289E-11	0.046145891519569	2.8331052390031E-08	3.62056520837385E-11	8.54454730105239E-02	9.14711662103328E-12	1.66020540329161E-10	21.3100983567063	2.82088938043109E-12	1.95483841939394E-10	17.6563688468217	1E10	1E-30	1E-10	1E10	1E-30	1E-10	1E10	1E-30	1E-10
30	3.22935704443747E-08	1E10	1E10	1E-30	1.10935699523408E-10	1E10	1E-30	1E10	1.99704033459475E-02	3.44509356662461E-06	1E10	1072.41674625972	8.42292525014777E-06	1E10	85.1850900945247	4.35846316248507E-06	1E10	34.7027256674758	3.89447717731094E-06	1E10	4.04902570885809	2.71828438287464E-06	1E10	0.60775077516142	2.37750749490829E-06	1E10	7.91510547419062E-02	2.04933256943134E-06	1E10	1.36455204939837E-02	1E-30	9.75739008212614E-11	0.108869026818185	1.46451343534499E-07	2.46358425058234E-11	6.00818843802824E-02	4.17548977266216E-08	3.53602219179175E-11	8.10376306762166E-02	1.12264638279503E-11	1.16792892496881E-10	14.1270748973699	1.34859121438778E-12	2.46125080876871E-10	24.3955760516305	1E10	1E-30	1E-10	1E10	1E-30	1E-10	1E10	1E-30	1E-10
31	3.22935704443747E-08	1E10	1E10	1E-30	1.10935699523408E-10	1E10	1E-30	1E10	1.99704033459475E-02	3.44509356662461E-06	1E10	1072.41674625972	8.42292525014777E-06	1E10	85.1850900945247	4.35846316248507E-06	1E10	34.7027256674758	3.89447717731094E-06	1E10	4.04902570885809	2.71828438287464E-06	1E10	0.60775077516142	2.37750749490829E-06	1E10	7.91510547419062E-02	2.04933256943134E-06	1E10	1.36455204939837E-02	1E-30	9.75739008212614E-11	0.108869026818185	1.46451343534499E-07	2.46358425058234E-11	6.00818843802824E-02	4.17548977266216E-08	3.53602219179175E-11	8.10376306762166E-02	1.12264638279503E-11	1.16792892496881E-10	14.1270748973699	1.34859121438778E-12	2.46125080876871E-10	24.3955760516305	1E10	1E-30	1E-10	1E10	1E-30	1E-10	1E10	1E-30	1E-10
32	3.22935704443747E-08	1E10	1E10	1E-30	1.10935699523408E-10	1E10	1E-30	1E10	1.99704033459475E-02	3.44509356662461E-06	1E10	1072.41674625972	8.42292525014777E-06	1E10	85.1850900945247	4.35846316248507E-06	1E10	34.7027256674758	3.89447717731094E-06	1E10	4.04902570885809	2.71828438287464E-06	1E10	0.60775077516142	2.37750749490829E-06	1E10	7.91510547419062E-02	2.04933256943134E-06	1E10	1.36455204939837E-02	1E-30	9.75739008212614E-11	0.108869026818185	1.46451343534499E-07	2.46358425058234E-11	6.00818843802824E-02	4.17548977266216E-08	3.53602219179175E-11	8.10376306762166E-02	1.12264638279503E-11	1.16792892496881E-10	14.1270748973699	1.34859121438778E-12	2.46125080876871E-10	24.3955760516305	1E10	1E-30	1E-10	1E10	1E-30	1E-10	1E10	1E-30	1E-10
33	3.22935704443747E-08	1E10	1E10	1E-30	1.10935699523408E-10	1E10	1E-30	1E10	1.99704033459475E-02	3.44509356662461E-06	1E10	1072.41674625972	8.42292525014777E-06	1E10	85.1850900945247	4.35846316248507E-06	1E10	34.7027256674758	3.89447717731094E-06	1E10	4.04902570885809	2.71828438287464E-06	1E10	0.60775077516142	2.37750749490829E-06	1E10	7.91510547419062E-02	2.04933256943134E-06	1E10	1.36455204939837E-02	1E-30	9.75739008212614E-11	0.108869026818185	1.46451343534499E-07	2.46358425058234E-11	6.00818843802824E-02	4.17548977266216E-08	3.53602219179175E-11	8.10376306762166E-02	1.12264638279503E-11	1.16792892496881E-10	14.1270748973699	1.34859121438778E-12	2.46125080876871E-10	24.3955760516305	1E10	1E-30	1E-10	1E10	1E-30	1E-10	1E10	1E-30	1E-10
34	4.01362300611071E-08	1E10	1E10	1E-30	8.09873747989849E-11	1E10	1E-30	1E10	1.88154102047202E-02	5.08715658634237E-06	1E10	782.140968095923	8.5610925688014E-06	1E10	98.4657140341249	5.59260646149244E-06	1E10	24.7334691051221	5.26621238393486E-06	1E10	3.11375927782641	4.35045916998465E-06	1E10	0.45007514966994	3.93487608537457E-06	1E10	8.37701611830863E-02	2.74776669218777E-06	1E10	1.84138099791922E-02	1E-30	1.00912731307576E-10	0.115432951391695	1.52640866873542E-07	3.32721450640378E-11	6.84990409272745E-02	5.45680804474311E-08	3.86519777921111E-11	8.55442731159099E-02	7.91392031899878E-12	1.45834567750228E-10	17.1589152998104	1.50872857886855E-12	2.11785750326713E-10	28.9745418434294	1E10	1E-30	1E-10	1E10	1E-30	1E-10	1E10	1E-30	1E-10
35	4.01362300611071E-08	1E10	1E10	1E-30	8.09873747989849E-11	1E10	1E-30	1E10	1.88154102047202E-02	5.08715658634237E-06	1E10	782.140968095923	8.5610925688014E-06	1E10	98.4657140341249	5.59260646149244E-06	1E10	24.7334691051221	5.26621238393486E-06	1E10	3.11375927782641	4.35045916998465E-06	1E10	0.45007514966994	3.93487608537457E-06	1E10	8.37701611830863E-02	2.74776669218777E-06	1E10	1.84138099791922E-02	1E-30	1.00912731307576E-10	0.115432951391695	1.52640866873542E-07	3.32721450640378E-11	6.84990409272745E-02	5.45680804474311E-08	3.86519777921111E-11	8.55442731159099E-02	7.91392031899878E-12	1.45834567750228E-10	17.1589152998104	1.50872857886855E-12	2.11785750326713E-10	42.8564878839472	1E10	1E-30	1E-10	1E10	1E-30	1E-10	1E10	1E-30	1E-10
36	4.01362300611071E-08	1E10	1E10	1E-30	8.09873747989849E-11	1E10	1E-30	1E10	1.88154102047202E-02	5.08715658634237E-06	1E10	782.140968095923	8.5610925688014E-06	1E10	98.4657140341249	5.59260646149244E-06	1E10	24.7334691051221	5.26621238393486E-06	1E10	3.11375927782641	4.35045916998465E-06	1E10	0.45007514966994	3.93487608537457E-06	1E10	8.37701611830863E-02	2.74776669218777E-06	1E10	1.84138099791922E-02	1E-30	1.00912731307576E-10	0.115432951391695	1.52640866873542E-07	3.32721450640378E-11	6.84990409272745E-02	5.45680804474311E-08	3.86519777921111E-11	8.55442731159099E-02	7.91392031899878E-12	1.45834567750228E-10	17.1589152998104	1.50872857886855E-12	2.11785750326713E-10	28.9745418434294	1E10	1E-30	1E-10	1E10	1E-30	1E-10	1E10	1E-30	1E-10
37	4.01362300611071E-08	1E10	1E10	1E-30	8.09873747989849E-11	1E10	1E-30	1E10	1.88154102047202E-02	5.08715658634237E-06	1E10	782.140968095923	8.5610925688014E-06	1E10	98.4657140341249	5.59260646149244E-06	1E10	24.7334691051221	5.26621238393486E-06	1E10	3.11375927782641	4.35045916998465E-06	1E10	0.45007514966994	3.93487608537457E-06	1E10	8.37701611830863E-02	2.74776669218777E-06	1E10	1.84138099791922E-02	1E-30	1.00912731307576E-10	0.115432951391695	1.52640866873542E-07	3.32721450640378E-11	6.84990409272745E-02	5.45680804474311E-08	3.86519777921111E-11	8.55442731159099E-02	7.91392031899878E-12	1.45834567750228E-10	17.1589152998104	1.50872857886855E-12	2.11785750326713E-10	42.8564878839472	1E10	1E-30	1E-10	1E10	1E-30	1E-10	1E10	1E-30	1E-10
38	4.62011849326166E-08	1E10	1E10	1E-30	2.1095093605733E-11	1E10	1E-30	1E10	1.45494235577305E-02	5.46155460374644E-06	1E10	676.469668681063	1.12508258850235E-05	1E10	51.3154720848876	7.55901679181552E-06	1E10	16.605361269019	6.18830631952414E-06	1E10	2.45611291415695	4.07734649526391E-06	1E10	0.355898077709124	2.73876079470997E-06	1E10	0.052535629613612	1E-30	1.25189953682912E-10	0.123777259164394	1.50665134104365E-07	4.21431878049215E-11	0.101130784107276	6.75155641437587E-08	4.19122092505541E-11	8.57594938886503E-02	4.78161602477667E-08	2.12911215333874E-11	3.73699094525564E-02	1.64078549608291E-11	4.8216029093058E-11	9.18776919710173	9.02860521300493E-13	2.62546839197069E-10	29.5526168535842	1E10	1E-30	1E-10	1E10	1E-30	1E-10	1E10	1E-30	1E-10
39	4.62011849326166E-08	1E10	1E10	1E-30	1.7146735824078E-11	1E10	1E-30	1E10	1.45494235577305E-02	5.46155460374644E-06	1E10	676.469668681063	1.12508258850235E-05	1E10	51.3154720848876	7.55901679181552E-06	1E10	16.605361269019	6.18830631952414E-06	1E10	2.45611291415695	4.07734649526391E-06	1E10	0.355898077709124	2.73876079470997E-06	1E10	0.052535629613612	1E-30	1.25189953682912E-10	0.123777259164394	1.50665134104365E-07	4.21431878049215E-11	0.101130784107276	6.75155641437587E-08	4.19122092505541E-11	8.57594938886503E-02	4.78161602477667E-08	2.12911215333874E-11	3.73699094525564E-02	1.64078549608291E-11	4.8216029093058E-11	9.18776919710173	9.02860521300493E-13	2.62546839197069E-10	55.0295476977855	1E10	1E-30	1E-10	1E10	1E-30	1E-10	1E10	1E-30	1E-10
40	4.62011849326166E-08	1E10	1E10	1E-30	2.1095093605733E-11	1E10	1E-30	1E10	1.45494235577305E-02	5.46155460374644E-06	1E10	676.469668681063	1.12508258850235E-05	1E10	51.3154720848876	7.55901679181552E-06	1E10	16.605361269019	6.18830631952414E-06	1E10	2.45611291415695	4.07734649526391E-06	1E10	0.355898077709124	2.73876079470997E-06	1E10	0.052535629613612	1E-30	1.25189953682912E-10	0.123777259164394	1.50665134104365E-07	4.21431878049215E-11	0.101130784107276	6.75155641437587E-08	4.19122092505541E-11	8.57594938886503E-02	4.78161602477667E-08	2.12911215333874E-11	3.73699094525564E-02	1.64078549608291E-11	4.8216029093058E-11	9.18776919710173	9.02860521300493E-13	2.62546839197069E-10	29.5526168535842	1E10	1E-30	1E-10	1E10	1E-30	1E-10	1E10	1E-30	1E-10
41	4.62011849326166E-08	1E10	1E10	1E-30	1.7146735824078E-11	1E10	1E-30	1E10	1.45494235577305E-02	5.46155460374644E-06	1E10	676.469668681063	1.12508258850235E-05	1E10	51.3154720848876	7.55901679181552E-06	1E10	16.605361269019	6.18830631952414E-06	1E10	2.45611291415695	4.07734649526391E-06	1E10	0.355898077709124	2.73876079470997E-06	1E10	0.052535629613612	1E-30	1.25189953682912E-10	0.123777259164394	1.50665134104365E-07	4.21431878049215E-11	0.101130784107276	6.75155641437587E-08	4.19122092505541E-11	8.57594938886503E-02	4.78161602477667E-08	2.12911215333874E-11	3.73699094525564E-02	1.64078549608291E-11	4.8216029093058E-11	9.18776919710173	9.02860521300493E-13	2.62546839197069E-10	55.0295476977855	1E10	1E-30	1E-10	1E10	1E-30	1E-10	1E10	1E-30	1E-10
42	5.31398774729354E-08	1E10	8928571428.57142	1E-30	1.85941469216233E-10	1E10	1E-30	1E10	1.69378788346381E-02	6.4280850633201E-06	1E10	574.755299748469	1.0073082879509E-05	1E10	57.4755299748469	8.11388537098363E-06	1E10	15.4697389301445	5.90073580273806E-06	1E10	2.75095182181535	4.70259033682692E-06	1E10	0.40689559150937	4.47711793678008E-06	1E10	6.17301122930986E-02	3.35335367652162E-06	1E10	1.60537248273289E-02	1E-30	9.38580482174964E-11	9.77326263092456E-02	2.67689306871875E-07	2.41954011830398E-11	4.11418617796278E-02	5.55856666995393E-08	4.63226795323771E-11	7.27042913708144E-02	9.68526632061731E-12	1.49869016645472E-10	18.6825534932382	3.21743752187631E-12	1.79307858635175E-10	21.7856275385345	1E10	1E-30	1E-10	1E10	1E-30	1E-10	1E10	1E-30	1E-10
43	5.31398774729354E-08	1E10	8928571429	1E-30	1.85941469216233E-10	1E10	1E-30	1E10	1.69378788346381E-02	6.4280850633201E-06	1E10	574.755299748469	1.0073082879509E-05	1E10	57.4755299748469	8.11388537098363E-06	1E10	15.4697389301445	5.90073580273806E-06	1E10	2.75095182181535	4.70259033682692E-06	1E10	0.40689559150937	4.47711793678008E-06	1E10	6.17301122930986E-02	3.35335367652162E-06	1E10	1.60537248273289E-02	1E-30	9.38580482174964E-11	9.77326263092456E-02	2.67689306871875E-07	2.41954011830398E-11	4.11418617796278E-02	5.55856666995393E-08	4.63226795323771E-11	7.27042913708144E-02	9.68526632061731E-12	1.49869016645472E-10	18.6825534932382	3.21743752187631E-12	1.79307858635175E-10	21.7856275385345	1E10	1E-30	1E-10	1E10	1E-30	1E-10	1E10	1E-30	1E-10
44	5.31398774729354E-08	1E10	8928571428.57142	1E-30	1.85941469216233E-10	1E10	1E-30	1E10	1.69378788346381E-02	6.4280850633201E-06	1E10	574.755299748469	1.0073082879509E-05	1E10	57.4755299748469	8.11388537098363E-06	1E10	15.4697389301445	5.90073580273806E-06	1E10	2.75095182181535	4.70259033682692E-06	1E10	0.40689559150937	4.47711793678008E-06	1E10	6.17301122930986E-02	3.35335367652162E-06	1E10	1.60537248273289E-02	1E-30	9.38580482174964E-11	9.77326263092456E-02	2.67689306871875E-07	2.41954011830398E-11	4.11418617796278E-02	5.55856666995393E-08	4.63226795323771E-11	7.27042913708144E-02	9.68526632061731E-12	1.49869016645472E-10	18.6825534932382	3.21743752187631E-12	1.79307858635175E-10	21.7856275385345	1E10	1E-30	1E-10	1E10	1E-30	1E-10	1E10	1E-30	1E-10
45	5.31398774729354E-08	1E10	8928571429	1E-30	1.85941469216233E-10	1E10	1E-30	1E10	1.69378788346381E-02	6.4280850633201E-06	1E10	574.755299748469	1.0073082879509E-05	1E10	57.4755299748469	8.11388537098363E-06	1E10	15.4697389301445	5.90073580273806E-06	1E10	2.75095182181535	4.70259033682692E-06	1E10	0.40689559150937	4.47711793678008E-06	1E10	6.17301122930986E-02	3.35335367652162E-06	1E10	1.60537248273289E-02	1E-30	9.38580482174964E-11	9.77326263092456E-02	2.67689306871875E-07	2.41954011830398E-11	4.11418617796278E-02	5.55856666995393E-08	4.63226795323771E-11	7.27042913708144E-02	9.68526632061731E-12	1.49869016645472E-10	18.6825534932382	3.21743752187631E-12	1.79307858635175E-10	21.7856275385345	1E10	1E-30	1E-10	1E10	1E-30	1E-10	1E10	1E-30	1E-10
46	6.42912190854451E-08	1E10	7352941176.47058	1E-30	1.17896971152767E-10	1E10	1E-30	1E10	1.59191973189912E-02	8.53460442901636E-06	1E10	466.204803091964	1.22246795612282E-05	1E10	73.8884818713128	8.93552835250376E-06	1E10	15.7970773091739	7.67342483565232E-06	1E10	2.08246036123151	6.50494139313832E-06	1E10	0.370319638260021	5.00302047583658E-06	1E10	5.40096025752359E-02	6.65989716386924E-06	1E10	9.70786341319207E-03	1E-30	1.24331201036042E-10	8.94554435310709E-02	2.94820089101963E-07	2.87504874614651E-11	5.07530299163124E-02	9.88555714415595E-08	3.56514092692952E-11	0.063227955238225	1.24324517821004E-11	1.13475678847388E-10	15.1932823959055	1.90879416207657E-12	2.33422606097728E-10	31.3408433401024	1E10	1E-30	1E-10	1E10	1E-30	1E-10	1E10	1E-30	1E-10
47	6.42912190854451E-08	1E10	7352941176	1E-30	1.17896971152767E-10	1E10	1E-30	1E10	1.59191973189912E-02	8.53460442901636E-06	1E10	466.204803091964	1.22246795612282E-05	1E10	73.8884818713128	8.93552835250376E-06	1E10	15.7970773091739	7.67342483565232E-06	1E10	2.08246036123151	6.50494139313832E-06	1E10	0.370319638260021	5.00302047583658E-06	1E10	5.40096025752359E-02	6.65989716386924E-06	1E10	9.70786341319207E-03	1E-30	1.24331201036042E-10	8.94554435310709E-02	2.94820089101963E-07	2.87504874614651E-11	5.07530299163124E-02	9.88555714415595E-08	3.56514092692952E-11	0.063227955238225	1.24324517821004E-11	1.13475678847388E-10	15.1932823959055	1.90879416207657E-12	2.33422606097728E-10	31.3408433401024	1E10	1E-30	1E-10	1E10	1E-30	1E-10	1E10	1E-30	1E-10
48	6.42912190854451E-08	1E10	7352941176.47058	1E-30	1.17896971152767E-10	1E10	1E-30	1E10	1.59191973189912E-02	8.53460442901636E-06	1E10	466.204803091964	1.22246795612282E-05	1E10	73.8884818713128	8.93552835250376E-06	1E10	15.7970773091739	7.67342483565232E-06	1E10	2.08246036123151	6.50494139313832E-06	1E10	0.370319638260021	5.00302047583658E-06	1E10	5.40096025752359E-02	6.65989716386924E-06	1E10	9.70786341319207E-03	1E-30	1.24331201036042E-10	8.94554435310709E-02	2.94820089101963E-07	2.87504874614651E-11	5.07530299163124E-02	9.88555714415595E-08	3.56514092692952E-11	0.063227955238225	1.24324517821004E-11	1.13475678847388E-10	15.1932823959055	1.90879416207657E-12	2.33422606097728E-10	31.3408433401024	1E10	1E-30	1E-10	1E10	1E-30	1E-10	1E10	1E-30	1E-10
49	6.42912190854451E-08	1E10	7352941176	1E-30	1.17896971152767E-10	1E10	1E-30	1E10	1.59191973189912E-02	8.53460442901636E-06	1E10	466.204803091964	1.22246795612282E-05	1E10	73.8884818713128	8.93552835250376E-06	1E10	15.7970773091739	7.67342483565232E-06	1E10	2.08246036123151	6.50494139313832E-06	1E10	0.370319638260021	5.00302047583658E-06	1E10	5.40096025752359E-02	6.65989716386924E-06	1E10	9.70786341319207E-03	1E-30	1.24331201036042E-10	8.94554435310709E-02	2.94820089101963E-07	2.87504874614651E-11	5.07530299163124E-02	9.88555714415595E-08	3.56514092692952E-11	0.063227955238225	1.24324517821004E-11	1.13475678847388E-10	15.1932823959055	1.90879416207657E-12	2.33422606097728E-10	31.3408433401024	1E10	1E-30	1E-10	1E10	1E-30	1E-10	1E10	1E-30	1E-10
50	8.10437445070102E-08	1E10	6097560975.60975	1E-30	6.13944590802739E-11	1E10	1E-30	1E10	1.31912315550049E-02	9.79912996604444E-06	1E10	406.043556018219	1.46239847169295E-05	1E10	57.3551767627867	1.19929990313814E-05	1E10	10.9288036293328	9.27229660891115E-06	1E10	1.69267126859417	6.38518850158968E-06	1E10	0.259582878038275	4.41741495829997E-06	1E10	2.79234469651215E-02	1E-30	1.10156171907436E-10	9.43761167198191E-02	2.71491891830536E-07	4.16553578423739E-11	5.74958348097155E-02	1.0462276244888E-07	4.72703555570743E-11	6.87808866625944E-02	1.42720921076086E-11	8.08132048257917E-11	10.9006271140142	1.22160905236564E-12	2.60299620309657E-10	26.4985044477392	1E10	1E-30	1E-10	1E10	1E-30	1E-10	1E10	1E-30	1E-10	1E10	1E-30	1E-10
51	8.10437445070102E-08	1E10	6097560976	1E-30	5.86312532444581E-11	1E10	1E-30	1E10	1.31912315550049E-02	9.79912996604444E-06	1E10	406.043556018219	1.46239847169295E-05	1E10	57.3551767627867	1.19929990313814E-05	1E10	10.9288036293328	9.27229660891115E-06	1E10	1.69267126859417	6.38518850158968E-06	1E10	0.259582878038275	4.41741495829997E-06	1E10	2.79234469651215E-02	1E-30	1.10156171907436E-10	9.43761167198191E-02	2.71491891830536E-07	4.16553578423739E-11	5.74958348097155E-02	1.0462276244888E-07	4.72703555570743E-11	6.87808866625944E-02	1.42720921076086E-11	8.08132048257917E-11	10.9006271140142	1.22160905236564E-12	2.60299620309657E-10	49.3425242729391	1E10	1E-30	1E-10	1E10	1E-30	1E-10	1E10	1E-30	1E-10	1E10	1E-30	1E-10
52	8.10437445070102E-08	1E10	6097560975.60975	1E-30	6.13944590802739E-11	1E10	1E-30	1E10	1.31912315550049E-02	9.79912996604444E-06	1E10	406.043556018219	1.46239847169295E-05	1E10	57.3551767627867	1.19929990313814E-05	1E10	10.9288036293328	9.27229660891115E-06	1E10	1.69267126859417	6.38518850158968E-06	1E10	0.259582878038275	4.41741495829997E-06	1E10	2.79234469651215E-02	1E-30	1.10156171907436E-10	9.43761167198191E-02	2.71491891830536E-07	4.16553578423739E-11	5.74958348097155E-02	1.0462276244888E-07	4.72703555570743E-11	6.87808866625944E-02	1.42720921076086E-11	8.08132048257917E-11	10.9006271140142	1.22160905236564E-12	2.60299620309657E-10	26.4985044477392	1E10	1E-30	1E-10	1E10	1E-30	1E-10	1E10	1E-30	1E-10	1E10	1E-30	1E-10
53	8.10437445070102E-08	1E10	6097560976	1E-30	5.86312532444581E-11	1E10	1E-30	1E10	1.31912315550049E-02	9.79912996604444E-06	1E10	406.043556018219	1.46239847169295E-05	1E10	57.3551767627867	1.19929990313814E-05	1E10	10.9288036293328	9.27229660891115E-06	1E10	1.69267126859417	6.38518850158968E-06	1E10	0.259582878038275	4.41741495829997E-06	1E10	2.79234469651215E-02	1E-30	1.10156171907436E-10	9.43761167198191E-02	2.71491891830536E-07	4.16553578423739E-11	5.74958348097155E-02	1.0462276244888E-07	4.72703555570743E-11	6.87808866625944E-02	1.42720921076086E-11	8.08132048257917E-11	10.9006271140142	1.22160905236564E-12	2.60299620309657E-10	49.3425242729391	1E10	1E-30	1E-10	1E10	1E-30	1E-10	1E10	1E-30	1E-10	1E10	1E-30	1E-10
54	1.0048737184197E-07	1E10	5E9	1E-30	2.08528819359582E-10	1E10	1E-30	1E10	9.83E-3	1.17067627044326E-05	1E10	339.878212085979	1.52585772850317E-05	1E10	40.8623486492326	1.28411045915031E-05	1E10	7.60892537935694	1.04918485192296E-05	1E10	0.932274779451017	7.79273950193492E-06	1E10	0.117566926298332	5.88E-6	1E10	0.0143	1E-30	1.88E-10	0.103	1E-30	2.14E-12	9.26E-3	2.84E-7	5.41E-11	0.0694	1.79E-7	3.93E-11	0.0644	1.36999999999999E-11	5.41E-11	5.8	5.32E-12	5.5E-11	7.02	1E10	1E-30	1E-10	1E10	1E-30	1E-10	1E10	1E-30	1E-10
55	1.0048737184197E-07	1E10	5E9	1E-30	2.08528819359582E-10	1E10	1E-30	1E10	9.83E-3	1.17067627044326E-05	1E10	339.878212085979	1.52585772850317E-05	1E10	40.8623486492326	1.28411045915031E-05	1E10	7.60892537935694	1.04918485192296E-05	1E10	0.932274779451017	7.79273950193492E-06	1E10	0.117566926298332	5.88E-6	1E10	0.0143	1E-30	1.88E-10	0.103	1E-30	2.14E-12	9.26E-3	2.84E-7	5.41E-11	0.0694	1.79E-7	3.93E-11	0.0644	1.36999999999999E-11	5.41E-11	5.8	5.32E-12	5.5E-11	7.02	1E10	1E-30	1E-10	1E10	1E-30	1E-10	1E10	1E-30	1E-10
56	1.0048737184197E-07	1E10	5E9	1E-30	2.08528819359582E-10	1E10	1E-30	1E10	9.83E-3	1.17067627044326E-05	1E10	339.878212085979	1.52585772850317E-05	1E10	40.8623486492326	1.28411045915031E-05	1E10	7.60892537935694	1.04918485192296E-05	1E10	0.932274779451017	7.79273950193492E-06	1E10	0.117566926298332	5.88E-6	1E10	0.0143	1E-30	1.88E-10	0.103	1E-30	2.14E-12	9.26E-3	2.84E-7	5.41E-11	0.0694	1.79E-7	3.93E-11	0.0644	1.36999999999999E-11	5.41E-11	5.8	5.32E-12	5.5E-11	7.02	1E10	1E-30	1E-10	1E10	1E-30	1E-10	1E10	1E-30	1E-10
57	1.0048737184197E-07	1E10	5E9	1E-30	2.08528819359582E-10	1E10	1E-30	1E10	9.83E-3	1.17067627044326E-05	1E10	339.878212085979	1.52585772850317E-05	1E10	40.8623486492326	1.28411045915031E-05	1E10	7.60892537935694	1.04918485192296E-05	1E10	0.932274779451017	7.79273950193492E-06	1E10	0.117566926298332	5.88E-6	1E10	0.0143	1E-30	1.88E-10	0.103	1E-30	2.14E-12	9.26E-3	2.84E-7	5.41E-11	0.0694	1.79E-7	3.93E-11	0.0644	1.36999999999999E-11	5.41E-11	5.8	5.32E-12	5.5E-11	7.02	1E10	1E-30	1E-10	1E10	1E-30	1E-10	1E10	1E-30	1E-10
58	4.50039177436474E-07	1E10	106382978.723404	1E-30	1.55667470562544E-10	1E10	1E-30	1E10	5.27569180353745E-03	5.20377056341121E-05	1E10	76.4613567952757	6.32997766572009E-05	1E10	9.85013086133627	5.39624519555855E-05	1E10	1.56114053469829	6.71699512049051E-05	1E10	0.196535949051362	4.23943029288751E-05	1E10	5.76092469947552E-02	3.30660325700868E-05	1E10	8.02619114655287E-03	1E-30	2.25967174846956E-10	0.062055399695699	1E-30	1.38237898835207E-11	5.35810182874562E-02	1.36135571641207E-06	6.08866391938146E-11	4.11445468542984E-02	7.64642926771908E-07	5.37936471086642E-11	3.56572200929639E-02	8.08923042144267E-12	6.9120614305777E-11	9.50265435234294	6.35544565404277E-12	5.29253107096585E-11	18.817066576213	1E10	1E-30	1E-10	1E10	1E-30	1E-10	1E10	1E-30	1E-10
END DSCRDATA
