BEGIN DSCRDATA
% INDEX	K01	L01	M01	K02	L02	M02	K03	L03	M03	K04	L04	M04	K05	L05	M05	K06	L06	M06	K07	L07	M07	K08	L08	M08	K09	L09	M09	K10	L10	M10	K11	L11	M11	K12	L12	M12	K13	L13	M13	K14	L14	M14	K15	L15	M15	K16	L16	M16	K17	L17	M17	K18	L18	M18
0	0	0	0	0	0	0	0	0	0	0	0	0	0	0	0	0	0	0	0	0	0	0	0	0	0	0	0	0	0	0	0	0	0	0	0	0	0	0	0	0	0	0	0	0	0	0	0	0	0	0	0	0	0	0
1	1E-12	1E10	1E11	1E-30	5.28962348929706E-10	1E10	1E-30	1E10	0.361535751644614	1E-30	4.221245903226E-11	0.227449880944553	2.44480291960533E-11	1.31403485657027E-11	1E5	2.61215981045761E-11	1.00646254183369E-11	1.58181616550283	1E10	1E-30	1E-10	1E10	1E-30	1E-10	1E10	1E-30	1E-10	1E10	1E-30	1E-10	1E10	1E-30	1E-10	1E10	1E-30	1E-10	1E10	1E-30	1E-10	1E10	1E-30	1E-10	1E10	1E-30	1E-10	1E10	1E-30	1E-10	1E10	1E-30	1E-10	1E10	1E-30	1E-10
2	1.99999999999999E-12	1E10	1E11	1E-30	4.27287171631684E-10	1E10	1E-30	1E10	0.244689401090105	1E-30	3.13055257234574E-11	0.280531196051075	1.86199723482558E-11	1.52490999293272E-11	1.48706859574363	2.34261716245283E-12	1.05808368256427E-10	1E5	1E10	1E-30	1E-10	1E10	1E-30	1E-10	1E10	1E-30	1E-10	1E10	1E-30	1E-10	1E10	1E-30	1E-10	1E10	1E-30	1E-10	1E10	1E-30	1E-10	1E10	1E-30	1E-10	1E10	1E-30	1E-10	1E10	1E-30	1E-10	1E10	1E-30	1E-10	1E10	1E-30	1E-10
3	3E-12	1E10	1E11	1E-30	4.40267808257545E-10	1E10	1E-30	1E10	0.170227607640475	1E-30	1.64577591871762E-11	0.317543254860764	1E-30	3.15408392272526E-11	0.140699502034867	1.07731240893193E-11	2.79404232289048E-11	5.50765889893049	6.58238295660552E-12	4.50313466233916E-11	1E5	1E10	1E-30	1E-10	1E10	1E-30	1E-10	1E10	1E-30	1E-10	1E10	1E-30	1E-10	1E10	1E-30	1E-10	1E10	1E-30	1E-10	1E10	1E-30	1E-10	1E10	1E-30	1E-10	1E10	1E-30	1E-10	1E10	1E-30	1E-10	1E10	1E-30	1E-10
4	3.99999999999999E-12	1E10	1E11	1E-30	4.09007462120492E-10	1E10	1E-30	1E10	0.153858415197409	1E-30	2.07106693998294E-11	0.57181047835015	1E-30	2.04489439731029E-11	0.120088517616766	1.49882880687073E-11	2.86391228764702E-11	13.7496844139786	4.25341019530837E-12	6.663436830214E-11	1E5	1E10	1E-30	1E-10	1E10	1E-30	1E-10	1E10	1E-30	1E-10	1E10	1E-30	1E-10	1E10	1E-30	1E-10	1E10	1E-30	1E-10	1E10	1E-30	1E-10	1E10	1E-30	1E-10	1E10	1E-30	1E-10	1E10	1E-30	1E-10	1E10	1E-30	1E-10
5	4.99999999999999E-12	1E10	1E11	1E-30	3.44524754663812E-10	1E10	1E-30	1E10	0.141589156876827	1E-30	2.84503454992935E-11	0.194008374812198	1.77762119422109E-11	3.23087041038412E-11	15.453406666194	6.35789378444146E-12	4.90307157612547E-11	20.742122700372	4.61929493599536E-12	6.33860826825273E-11	1E5	1E10	1E-30	1E-10	1E10	1E-30	1E-10	1E10	1E-30	1E-10	1E10	1E-30	1E-10	1E10	1E-30	1E-10	1E10	1E-30	1E-10	1E10	1E-30	1E-10	1E10	1E-30	1E-10	1E10	1E-30	1E-10	1E10	1E-30	1E-10	1E10	1E-30	1E-10
6	6E-12	1E10	1E11	1E-30	3.59724054510316E-10	1E10	1E-30	1E10	0.138366194183787	1E-30	1.71613519324892E-11	0.448890641567964	1E-30	4.01539524152057E-11	0.153377626146615	1.20442353185205E-11	2.48255616704309E-11	3.44703564630464	1.91388945076607E-12	1.31643736040435E-10	1E5	1E10	1E-30	1E-10	1E10	1E-30	1E-10	1E10	1E-30	1E-10	1E10	1E-30	1E-10	1E10	1E-30	1E-10	1E10	1E-30	1E-10	1E10	1E-30	1E-10	1E10	1E-30	1E-10	1E10	1E-30	1E-10	1E10	1E-30	1E-10	1E10	1E-30	1E-10
7	7E-12	1E10	1E11	1E-30	4.10737274821517E-10	1E10	1E-30	1E10	0.132138689601519	1E-30	9.41165185311733E-12	0.170443890345174	1E-30	4.668269877523E-11	0.163435528821805	5.95556257570078E-12	5.37893207778225E-11	13.3079667141797	1.16341450695228E-11	2.70249999018488E-11	1E5	1E10	1E-30	1E-10	1E10	1E-30	1E-10	1E10	1E-30	1E-10	1E10	1E-30	1E-10	1E10	1E-30	1E-10	1E10	1E-30	1E-10	1E10	1E-30	1E-10	1E10	1E-30	1E-10	1E10	1E-30	1E-10	1E10	1E-30	1E-10	1E10	1E-30	1E-10
8	8E-12	1E10	1E11	1E-30	3.51948466420756E-10	1E10	1E-30	1E10	0.129231386029393	1E-30	2.80802908151238E-11	0.120818804508796	3.14527109235627E-11	2.87786625257345E-11	12.0347112635411	6.26892678011739E-12	6.72173790664409E-11	25.1256463781694	1.63442918920454E-11	1.96055649307004E-11	40.9383366051656	1E10	1E-30	1E-10	1E10	1E-30	1E-10	1E10	1E-30	1E-10	1E10	1E-30	1E-10	1E10	1E-30	1E-10	1E10	1E-30	1E-10	1E10	1E-30	1E-10	1E10	1E-30	1E-10	1E10	1E-30	1E-10	1E10	1E-30	1E-10	1E10	1E-30	1E-10
9	9E-12	1E10	1E11	1E-30	3.21245622965621E-10	1E10	1E-30	1E10	0.116120123407359	1E-30	7.30956516000709E-12	0.108362510891119	1E-30	2.30984223741966E-11	0.102930486207556	3.72932445826689E-11	2.74641724030669E-11	12.301952101657	7.08282856151007E-12	6.42835673962376E-11	21.6122440025155	5.12562152234857E-12	5.70978462007853E-11	1E5	1E10	1E-30	1E-10	1E10	1E-30	1E-10	1E10	1E-30	1E-10	1E10	1E-30	1E-10	1E10	1E-30	1E-10	1E10	1E-30	1E-10	1E10	1E-30	1E-10	1E10	1E-30	1E-10	1E10	1E-30	1E-10	1E10	1E-30	1E-10
10	1E-11	1E10	1E11	1E-30	1.30644538493412E-10	1E10	1E-30	1E10	0.178822713556101	1E-30	3.68715104908261E-11	0.366782264696923	1E-30	1.84536051933856E-11	7.59852495674142E-02	1.23890756838552E-11	4.61982872979388E-11	9.88536118549229	2.90971443535395E-12	1.14232608622747E-10	26.8077431199288	1.12868737064561E-12	2.46868925031831E-10	1E5	1E10	1E-30	1E-10	1E10	1E-30	1E-10	1E10	1E-30	1E-10	1E10	1E-30	1E-10	1E10	1E-30	1E-10	1E10	1E-30	1E-10	1E10	1E-30	1E-10	1E10	1E-30	1E-10	1E10	1E-30	1E-10	1E10	1E-30	1E-10
11	1.49999999999999E-11	1E10	1E11	1E-30	2.78014882153498E-11	1E10	1E-30	1E10	0.144887192014997	1E-30	1.72174621304709E-11	0.182766108741104	1E-30	2.25478410083649E-11	0.073019598755895	1.93425437201559E-12	1.6588005843473E-10	35.9175367232075	8.04261340500637E-13	3.01746956323571E-10	1E5	1E10	1E-30	1E-10	1E10	1E-30	1E-10	1E10	1E-30	1E-10	1E10	1E-30	1E-10	1E10	1E-30	1E-10	1E10	1E-30	1E-10	1E10	1E-30	1E-10	1E10	1E-30	1E-10	1E10	1E-30	1E-10	1E10	1E-30	1E-10	1E10	1E-30	1E-10
12	2.19999999999999E-11	1E10	1E11	1E-30	6.36895300513494E-11	1E10	1E-30	1E10	0.112317886161291	1E-30	3.12801238823589E-11	0.102574626724426	3.32714627536108E-10	7.74192733468354E-12	0.977714134796952	1.28405122784058E-12	2.48492874288507E-10	68.6311014002395	1.33069101251967E-12	1.99969088890516E-10	1E5	1E10	1E-30	1E-10	1E10	1E-30	1E-10	1E10	1E-30	1E-10	1E10	1E-30	1E-10	1E10	1E-30	1E-10	1E10	1E-30	1E-10	1E10	1E-30	1E-10	1E10	1E-30	1E-10	1E10	1E-30	1E-10	1E10	1E-30	1E-10	1E10	1E-30	1E-10
13	3.3E-11	1E10	1E11	1E-30	1.50356170088181E-11	1E10	1E-30	1E10	0.105667967101332	1E-30	3.16844645165468E-11	0.175338371109472	9.91064790543126E-10	3.59090259829441E-12	0.309879274815914	5.4785775828359E-11	2.0160644519317E-11	2.55510975746424	5.15051986813163E-12	7.08223235132464E-11	11.986139576669	6.14013762599766E-13	3.86244213330078E-10	1E5	1E10	1E-30	1E-10	1E10	1E-30	1E-10	1E10	1E-30	1E-10	1E10	1E-30	1E-10	1E10	1E-30	1E-10	1E10	1E-30	1E-10	1E10	1E-30	1E-10	1E10	1E-30	1E-10	1E10	1E-30	1E-10	1E10	1E-30	1E-10
14	4.7E-11	1E10	1E11	1E-30	8.3E-11	1E10	1E-30	1E10	9.36251842022613E-02	1E-30	1.80805999662136E-11	5.63642183003799E-02	3.40725763045706E-10	1.75871940561349E-11	1.46125700150569	8.01855929178524E-11	2.23537532030581E-11	2.28357931639111	3.39621647264335E-12	8.36661075412997E-11	8.17583841051022	8.46618270746308E-13	2.73748945448052E-10	1E5	1E10	1E-30	1E-10	1E10	1E-30	1E-10	1E10	1E-30	1E-10	1E10	1E-30	1E-10	1E10	1E-30	1E-10	1E10	1E-30	1E-10	1E10	1E-30	1E-10	1E10	1E-30	1E-10	1E10	1E-30	1E-10	1E10	1E-30	1E-10
15	6.79999999999999E-11	1E10	1E11	1E-30	7.56403624051644E-11	1E10	1E-30	1E10	9.02515090799945E-02	1E-30	3.55293531939586E-11	0.113535551094736	3.35283494510275E-09	2.17144669115835E-12	0.109639332046349	8.09102253923279E-11	2.25615376129678E-11	1.06356076056305	2.02185652749128E-12	1.6240666627054E-10	56.8876536850598	6.89506225286411E-13	2.8E-10	31622776.6016838	1E10	1E-30	1E-10	1E10	1E-30	1E-10	1E10	1E-30	1E-10	1E10	1E-30	1E-10	1E10	1E-30	1E-10	1E10	1E-30	1E-10	1E10	1E-30	1E-10	1E10	1E-30	1E-10	1E10	1E-30	1E-10	1E10	1E-30	1E-10
16	1E-10	1E10	1E11	1E-30	1.09388081197477E-11	1E10	1E-30	1E10	8.99380262194617E-02	1E-30	4.29370025945755E-11	0.157362647694312	1.02940388491552E-10	2.90297804268921E-11	1.36664078728167	3.4820095431859E-12	9.42832212685702E-11	16.16248494028	5.94337223847915E-13	4.3752931860879E-10	1E5	1E10	1E-30	1E-10	1E10	1E-30	1E-10	1E10	1E-30	1E-10	1E10	1E-30	1E-10	1E10	1E-30	1E-10	1E10	1E-30	1E-10	1E10	1E-30	1E-10	1E10	1E-30	1E-10	1E10	1E-30	1E-10	1E10	1E-30	1E-10	1E10	1E-30	1E-10
17	1.5E-10	1E10	1E11	1E-30	3.58152547298263E-12	1E10	1E-30	1E10	0.085	1E-30	8.47307594795346E-11	1.87234182800909	1.48598530402839E-09	9.97983027083763E-12	0.395688795005126	2.99363611946331E-10	1.93740860446095E-11	1.03764309825692	5.985030663121E-12	5.74995717267507E-11	16.4772265922991	6.25210083224539E-13	3.9720446147748E-10	1E5	1E10	1E-30	1E-10	1E10	1E-30	1E-10	1E10	1E-30	1E-10	1E10	1E-30	1E-10	1E10	1E-30	1E-10	1E10	1E-30	1E-10	1E10	1E-30	1E-10	1E10	1E-30	1E-10	1E10	1E-30	1E-10	1E10	1E-30	1E-10
18	2.2E-10	1E10	1E11	1E-30	1.79501484396977E-11	1E10	1E-30	1E10	0.09	1E-30	6.404123121396E-11	1.28262071605015	2.17428185089736E-09	8.82931962085797E-12	0.22024596284699	3.09294684534041E-10	2.29252489531785E-11	0.803844834987024	6.0281309270635E-10	1.6065618527591E-12	0.578629097639424	2.99741504305655E-12	1.18791138772545E-10	54.361864324484	7.69133249681347E-13	3.62275116832781E-10	1E5	1E10	1E-30	1E-10	1E10	1E-30	1E-10	1E10	1E-30	1E-10	1E10	1E-30	1E-10	1E10	1E-30	1E-10	1E10	1E-30	1E-10	1E10	1E-30	1E-10	1E10	1E-30	1E-10	1E10	1E-30	1E-10
19	3.3E-10	1E10	1E11	1E-30	1E-10	1E10	1E-30	1E10	7.48553995572944E-02	1E-30	3.20971963783738E-11	0.824977574850038	5.49595073234084E-10	2.59061463240251E-11	0.79648500099169	3.27477333261072E-10	1.16938687327413E-11	0.372332785555267	2.08765004156666E-11	1.70446781504615E-11	2.2133045583085	6.97056615902128E-13	3.402295556757E-10	1E5	1E10	1E-30	1E-10	1E10	1E-30	1E-10	1E10	1E-30	1E-10	1E10	1E-30	1E-10	1E10	1E-30	1E-10	1E10	1E-30	1E-10	1E10	1E-30	1E-10	1E10	1E-30	1E-10	1E10	1E-30	1E-10	1E10	1E-30	1E-10
20	4.7E-10	1E10	1E11	1E-30	1.05E-10	1E10	1E-30	1E10	5.72525820858612E-02	1E-30	2.47261755899736E-11	0.508422350610034	2.92408307426667E-09	2.15242281206299E-11	0.676589648997622	8.44250876090068E-10	2.4031266427849E-11	0.730928345140844	3.51568505065981E-10	1.74690659537582E-11	0.436214603902494	3.96380146845041E-12	6.72012139938981E-11	7.97348618492054	1.06479299959833E-12	2.33224893957016E-10	1E5	1E10	1E-30	1E-10	1E10	1E-30	1E-10	1E10	1E-30	1E-10	1E10	1E-30	1E-10	1E10	1E-30	1E-10	1E10	1E-30	1E-10	1E10	1E-30	1E-10	1E10	1E-30	1E-10	1E10	1E-30	1E-10
21	6.8E-10	1E10	1E11	1E-30	8.66328576828114E-11	1E10	1E-30	1E10	0.054535189498522	1E-30	3.14316032177254E-11	1.31679062357651	1E-30	6.44077468429479E-11	0.401560283348283	6.91525381514914E-09	1.31030792582255E-11	0.349598588635073	1.88966686920274E-09	1.69404535742225E-11	0.475461880307329	2.85073408718992E-11	1.17448020939739E-11	5.69779293461985	7.27370229140685E-13	3.18628463922229E-10	1E5	1E10	1E-30	1E-10	1E10	1E-30	1E-10	1E10	1E-30	1E-10	1E10	1E-30	1E-10	1E10	1E-30	1E-10	1E10	1E-30	1E-10	1E10	1E-30	1E-10	1E10	1E-30	1E-10	1E10	1E-30	1E-10
22	1.02478497461293E-09	1E10	1E11	1E-30	2.1100939864299E-10	1E10	1E-30	1E10	2.19131082250637E-02	1E-30	4.69193107735071E-11	0.485055483642987	1E-30	5.08842106778586E-11	1.62780508279679E-02	4.28070125119793E-09	3.31593203628779E-11	0.556066691547296	1.78680305304145E-09	3.08252081982293E-11	0.62046363555503	8.50056526685011E-09	3.78667937296036E-12	0.129954876511647	9.53979118932659E-10	1.8144118546292E-11	0.347362244077383	4.40391309012619E-12	6.64272846831407E-11	1E5	5.31609127380614E-12	4.70866567875357E-11	3.34324120990733	1E10	1E-30	1E-10	1E10	1E-30	1E-10	1E10	1E-30	1E-10	1E10	1E-30	1E-10	1E10	1E-30	1E-10	1E10	1E-30	1E-10	1E10	1E-30	1E-10
23	1.46825878698666E-09	1E10	1E11	1E-30	2.68797134394968E-11	1E10	1E-30	1E10	0.015	1E-30	5.04065787531184E-11	0.379980448333101	1E-30	1.22522766770367E-10	2.76163653293905E-02	1.07414055867087E-08	1.58956211118594E-11	0.241953518803793	1.83618802349673E-09	4.1460296380779E-11	0.595961397019391	2.62898615249474E-09	9.51602560427919E-12	0.188408001879177	7.17650787530356E-13	3.25558514004303E-10	1E5	2.36634419799877E-12	6.81176798484583E-11	6.43831486307871	1E10	1E-30	1E-10	1E10	1E-30	1E-10	1E10	1E-30	1E-10	1E10	1E-30	1E-10	1E10	1E-30	1E-10	1E10	1E-30	1E-10	1E10	1E-30	1E-10	1E10	1E-30	1E-10
24	1.54620441517427E-09	1E10	1E11	1E-30	1.64934395125228E-10	1E10	1E-30	1E10	0.017	1E-30	5.16258194476246E-11	0.50704394339583	1E-30	1.12592700590632E-10	2.91936107842792E-02	9.04289856696568E-09	2.01349843426517E-11	0.23791696290835	2.76869358678826E-09	3.0271571012839E-11	0.42257128833908	1.1414033178605E-09	2.10445637415011E-11	0.173856233772286	1.83185727515711E-11	2.03401836511774E-11	1.02756012595411	1.20101374299291E-12	2.2747643857363E-10	1E5	1E10	1E-30	1E-10	1E10	1E-30	1E-10	1E10	1E-30	1E-10	1E10	1E-30	1E-10	1E10	1E-30	1E-10	1E10	1E-30	1E-10	1E10	1E-30	1E-10	1E10	1E-30	1E-10
25	2.23172162399693E-09	1E10	1E11	1E-30	1.98500853552649E-10	1E10	1E-30	1E10	1.55081577047274E-02	1E-30	5.13899848452753E-11	0.712909755021661	1E-30	6.80086885744401E-11	1.42922366094603E-02	1.14079557833332E-08	2.49828744544289E-11	0.267006334033419	4.71592582207199E-09	2.23434078599285E-11	0.343196520972182	1.26416147402866E-09	2.41172391764969E-11	0.208646743525446	1.10143437618778E-10	2.64448487220072E-12	0.3791678527383	1.49033073840497E-12	1.70222535394262E-10	1E5	1E10	1E-30	1E-10	1E10	1E-30	1E-10	1E10	1E-30	1E-10	1E10	1E-30	1E-10	1E10	1E-30	1E-10	1E10	1E-30	1E-10	1E10	1E-30	1E-10	1E10	1E-30	1E-10
26	3.30595927550243E-09	1E10	1E11	1E-30	5.56495037951252E-12	1E10	1E-30	1E10	1.43905975953109E-02	1E-30	6.67848016215399E-11	0.380140949963303	1E-30	4.26233581987161E-11	1.02747090792206E-02	2.48720899109469E-08	1.62208801778614E-11	0.243593741348846	5.05881071877748E-09	3.86205812071124E-11	0.420500213916232	3.78444153344519E-09	1.70301412938384E-11	0.114941224375952	3.44832526132342E-11	8.68712705763485E-12	0.968884257028566	7.71853824827326E-13	3.15335384214678E-10	1E5	1E10	1E-30	1E-10	1E10	1E-30	1E-10	1E10	1E-30	1E-10	1E10	1E-30	1E-10	1E10	1E-30	1E-10	1E10	1E-30	1E-10	1E10	1E-30	1E-10	1E10	1E-30	1E-10
27	4.6641682872423E-09	1E10	1E11	1E-30	7.12174721082E-12	1E10	1E-30	1E10	3.89038448269459E-03	1E-30	7.19682492075361E-11	0.280239941652984	1E-30	6.87188298336065E-11	1.73535031453653E-02	1E-30	8.35231052134793E-10	7.27241563912251E-03	4.1517603594759E-08	1.17134529146033E-11	9.55224263849178E-02	7.74965659195419E-09	2.586371214893E-11	0.251877206441895	5.25480900007158E-13	4.32740601467365E-10	1166.44128848289	1E10	1E-30	1E-10	1E10	1E-30	1E-10	1E10	1E-30	1E-10	1E10	1E-30	1E-10	1E10	1E-30	1E-10	1E10	1E-30	1E-10	1E10	1E-30	1E-10	1E10	1E-30	1E-10	1E10	1E-30	1E-10
28	6.76170555507716E-09	1E10	1E11	1E-30	1.56648907240221E-10	1E10	1E-30	1E10	5.4631149695809E-03	1E-30	5.64950326957026E-11	0.235718809670656	1E-30	6.88279876667496E-11	1.64416328050331E-02	1E-30	9.2064723899902E-11	3.12778363474161E-03	1E-30	3.70410640939306E-10	2.07182867601935E-03	4.2809455777431E-08	1.87812874875213E-11	0.128912026218585	1.11303070075623E-08	3.17055738533953E-11	0.237579931266292	8.16988559467857E-09	1.39535801082904E-11	9.37166316552027E-02	1.12332823282756E-12	2.2156007682425E-10	136.416585372302	1E10	1E-30	1E-10	1E10	1E-30	1E-10	1E10	1E-30	1E-10	1E10	1E-30	1E-10	1E10	1E-30	1E-10	1E10	1E-30	1E-10	1E10	1E-30	1E-10
29	9.82875789704773E-09	1E10	1E11	1E-30	2.35902834180586E-10	1E10	1E-30	1E10	3.26069953589477E-03	1E-30	1.0835313690591E-10	0.213817549848571	1E-30	6.91650859487366E-11	6.95916735728271E-03	1E-30	2.84158718966343E-10	2.68184101129887E-03	4.21342425153575E-08	3.0819126388122E-11	0.190988499001688	2.83279785303162E-08	2.13522074453656E-11	0.219981614842862	1.69485170584305E-08	1.31177870041166E-11	6.14354444382596E-02	3.44660056148501E-12	7.84211247922703E-11	68.6541780856033	1E10	1E-30	1E-10	1E10	1E-30	1E-10	1E10	1E-30	1E-10	1E10	1E-30	1E-10	1E10	1E-30	1E-10	1E10	1E-30	1E-10	1E10	1E-30	1E-10	1E10	1E-30	1E-10
30	1.00968210397945E-08	1E10	5E9	1E-30	1.86223554274179E-10	1E10	1E-30	1E10	7.00172239956698E-02	1.10312093815445E-06	1E10	3606.92417275128	1.75017904817951E-06	1E10	279.986448899651	1.86041547566163E-06	1E10	39.5491371056358	1.39154181109021E-06	1E10	10.1935127790478	1.01170150506496E-06	1E10	1.37014880279011	5.49469716372123E-07	1E10	0.321835435854846	4.63438492982499E-07	1E10	4.90602761444718E-02	1E-30	8.51159376997838E-11	0.255868186656166	1.74719336531843E-07	5.93006325732738E-12	1.39284650721092E-02	1.31758908814632E-08	3.07595697486788E-11	0.069054155153425	3.28700221527422E-11	1.33788191482643E-10	2.42097407711387	2.50888144472516E-12	1.25156032655762E-10	13.2335287108834	1E10	1E-30	1E-10	1E10	1E-30	1E-10	1E10	1E-30	1E-10
31	2.1549645785348E-08	1E10	2272727272.72727	1E-30	2.62769263936842E-10	1E10	1E-30	1E10	4.80009546237031E-02	3.00570649628021E-06	1E10	1323.77315690056	6.11237513636145E-06	1E10	159.152538604276	3.27858814187322E-06	1E10	39.9773102260385	2.78381377305461E-06	1E10	4.59000935137305	2.23235427872352E-06	1E10	0.521792977575844	1.5826659297574E-06	1E10	8.36432459729753E-02	1.42461835271247E-06	1E10	2.08179513531615E-02	1E-30	7.04954278819226E-11	0.177369910457895	1.10644842362492E-07	1.9708771235392E-11	0.029368603060773	2.45840291464491E-08	3.65466358004676E-11	5.91639883086378E-02	3.97202244416785E-12	1.55369420828974E-10	11.0002192874799	1E10	1E-30	1E-10	1E10	1E-30	1E-10	1E10	1E-30	1E-10	1E10	1E-30	1E-10
32	9.82295038898808E-08	1E10	5E8	1E-30	1.99108338925243E-10	1E10	1E-30	1E10	1.26566955836677E-02	1.41545291912206E-05	1E10	261.017232248985	1.87313212913776E-05	1E10	38.6072777675924	1.86143427884194E-05	1E10	6.55645644076412	1.4319060284977E-05	1E10	1.22086932004372	1.24119784961245E-05	1E10	0.153018898158203	1.34463487307786E-05	1E10	2.99376699159833E-02	7.87194067369396E-06	1E10	1.35651656572321E-02	1E-30	1.33772861927169E-10	9.34200312706787E-02	1E-30	1.31642221098631E-11	7.94969318990613E-02	4.78930819132267E-07	2.83466909360704E-11	2.90810919325455E-02	1.33331557647441E-07	4.72498689687273E-11	4.13844284209887E-02	5.71741962155483E-12	7.44843215011173E-11	7.43659235192621	1E10	1E-30	1E-10	1E10	1E-30	1E-10	1E10	1E-30	1E-10
33	9.81671893339386E-08	1E10	5E8	1E-30	2.10335877004258E-10	1E10	1E-30	1E10	1.25303545158836E-02	1.20736170093531E-05	1E10	329.551084336618	2.46903875674072E-05	1E10	21.7732242205002	1.62476626694683E-05	1E10	8.08951984894766	1.32671613449396E-05	1E10	0.9977968324493	1.13481203211056E-05	1E10	0.122150767415432	1.01734344379776E-05	1E10	2.51919945690236E-02	1.43067523959964E-05	1E10	5.66485872685001E-03	1E-30	1.4366526290809E-10	8.79715696941867E-02	1E-30	1.06309820056449E-11	5.00973224540693E-02	7.04634013798493E-07	1.9441946722919E-11	2.11926419906542E-02	1.55954231955112E-07	4.22532111614732E-11	3.79659003101844E-02	1.89003977569675E-11	3.26537111623919E-11	3.54210968812148	1.12562229150883E-11	3.26678071147124E-11	3.29724524314574	1E10	1E-30	1E-10	1E10	1E-30	1E-10
34	9.51776945870132E-08	1E10	5E8	1E-30	2.06E-10	1E10	1E-30	1E10	0.012980702037901	1.29657382333599E-05	1E10	0.774502604069118	1.64291142874078E-05	1E10	0.244919228259	1.45182516942089E-05	1E10	0.087077471624394	1.10117971667598E-05	1E10	2.02708491332288E-02	1.15439248909636E-05	1E10	4.11333550365E-3	1E-30	1.00975218427872E-10	8.57735146880429E-02	1E-30	9.35173094024804E-12	5.03323455846204E-02	5.19435199089599E-07	2.637375553185E-11	2.87486416304516E-02	1.24246552468892E-07	3.33561518552882E-11	2.80885295147704E-02	2.97977777052016E-12	9.9970143444002E-11	11.6584969878965	1E10	1E-30	1E-10	1E10	1E-30	1E-10	1E10	1E-30	1E-10	1E10	1E-30	1E-10	1E10	1E-30	1E-10
35	2.20638920894317E-07	1E10	227272727.272727	1E-30	1.79097691085467E-10	1E10	1E-30	1E10	1.04122077523886E-02	2.55196510740725E-05	1E10	159.54581185305	4.15477322377998E-05	1E10	18.7449984246991	2.94603690793431E-05	1E10	3.57178581565471	2.67929116370749E-05	1E10	0.517368781983212	2.31403317576492E-05	1E10	6.41875132514093E-02	1.75042222019101E-05	1E10	1.19011060983299E-02	2.43833537932621E-05	1E10	1.66980862572915E-03	1E-30	2.0085170801277E-11	9.46491375530821E-02	1E-30	1.48283818662131E-10	0.051760817261688	1.3982372106209E-06	2.01287542773122E-11	0.010347765801303	4.91925510062119E-07	2.78767626812843E-11	1.74743112165088E-02	1.0258917934926E-11	6.2209628612073E-11	6.37721992040702	2.76307507466053E-12	6.36971472885595E-11	9.50935915476668	1E10	1E-30	1E-10	1E10	1E-30	1E-10
36	2.18167874829371E-07	1E10	227272727	1E-30	1.69954120402193E-10	1E10	1E-30	1E10	8.21211543694829E-03	3.11202387648866E-05	1E10	127.854853793306	4.64430921583754E-05	1E10	18.0599781245298	4.12484400036859E-05	1E10	2.5510397155964	3.94908567714467E-05	1E10	0.359189452789575	3.77382032779607E-05	1E10	4.21734288512993E-02	3.11919370098426E-05	1E10	8.60375033555172E-03	2.16401153174639E-05	1E10	9.62654785048935E-04	1E-30	2.02484720625978E-11	0.084816601437701	1E-30	1.41686073666377E-10	5.34143913775529E-02	1.13717989305346E-06	2.59116475905845E-11	1.38413552422664E-02	4.63778448155172E-07	3.11321932466343E-11	2.11642366179096E-02	9.84397452896514E-12	6.0903614617822E-11	8.84510299861806	2.5E-12	1E-10	23.5537462142235	1E10	1E-30	1E-10	1E10	1E-30	1E-10
37	4.56518544688416E-07	1E10	106382979	1E-30	2.20692034103848E-10	1E10	1E-30	1E10	9.10217513124469E-03	4.99769970027899E-05	1E10	79.614098803801	7.7529160750268E-05	1E10	6.93409813052765	8.93582726209648E-05	1E10	1.17757881357154	6.38266704665653E-05	1E10	0.347528145973919	6.10288358703595E-05	1E10	5.01544739642667E-02	4.63568611162516E-05	1E10	1.01556065947438E-02	1E-30	1.98701948037313E-11	6.85901447202374E-02	1E-30	1.58690375801077E-10	4.70089315323397E-02	3.11045037306498E-06	2.07345541338423E-11	8.58795225426318E-03	9.14435041871024E-07	3.50690123562083E-11	1.51948678820094E-02	5.74916850472328E-12	8.99362097270272E-11	8.2799050347571	1E10	1E-30	1E-10	1E10	1E-30	1E-10	1E10	1E-30	1E-10	1E10	1E-30	1E-10
38	3.76364144287253E-07	1E10	106382978.723404	1E-30	1.53313418488072E-10	1E10	1E-30	1E10	8.77970631052775E-03	1.28170281864424E-05	1E10	151.438476328543	1.41793802095478E-05	1E10	13.8113531907174	1.25017498662327E-05	1E10	1.73874635030586	9.40302419740034E-06	1E10	0.269299924342714	6.9843686542762E-06	1E10	3.95263544763987E-02	9.9463303254756E-06	1E10	5.10745340387297E-03	1E-30	1.86810992595665E-11	9.80421159853009E-02	1E-30	1.56490661810686E-10	5.28539766842865E-02	1.99669025502485E-06	2.26464800949253E-11	1.31428811798689E-02	5.35661270543582E-07	4.23302864796492E-11	2.02898810247806E-02	1.25282808023371E-11	3.9097898960561E-11	11.9847774155132	2.931121387427E-12	8.28221679746837E-11	19.3989751711556	1E10	1E-30	1E-10	1E10	1E-30	1E-10	1E10	1E-30	1E-10
39	7.39828071585455E-07	1E10	5E7	1E-30	2.22952099672566E-10	1E10	1E-30	1E10	7.69552905708913E-03	5.35643656767996E-06	1E10	1246.87498077865	1.82481345202383E-05	1E10	19.1112948263999	1.77851847921723E-05	1E10	1.7465790111307	1.38879968079153E-05	1E10	0.203009739814256	1.03684630241065E-05	1E10	2.31500851772579E-02	1E-30	2.92523742487054E-11	0.110435481567587	1E-30	1.73659836301206E-10	4.23184743272441E-02	3.07557138336544E-06	3.05614600783778E-11	1.01908482783851E-02	9.64852933113115E-07	4.54270615313191E-11	1.55126236319264E-02	3.80118685317348E-12	8.2224613909547E-11	15.1926424318471	1E10	1E-30	1E-10	1E10	1E-30	1E-10	1E10	1E-30	1E-10	1E10	1E-30	1E-10	1E10	1E-30	1E-10
40	7.39828071585455E-07	1E10	5E7	1E-30	2.22952099672566E-10	1E10	1E-30	1E10	7.69552905708913E-03	5.35643656767996E-06	1E10	1246.87498077865	1.82481345202383E-05	1E10	19.1112948263999	1.77851847921723E-05	1E10	1.7465790111307	1.38879968079153E-05	1E10	0.203009739814256	1.03684630241065E-05	1E10	2.31500851772579E-02	1E-30	2.92523742487054E-11	0.110435481567587	1E-30	1.73659836301206E-10	4.23184743272441E-02	3.07557138336544E-06	3.05614600783778E-11	1.01908482783851E-02	9.64852933113115E-07	4.54270615313191E-11	1.55126236319264E-02	3.80118685317348E-12	8.2224613909547E-11	15.1926424318471	1E10	1E-30	1E-10	1E10	1E-30	1E-10	1E10	1E-30	1E-10	1E10	1E-30	1E-10	1E10	1E-30	1E-10
41	1.54136627165892E-06	1E10	22727273	1E-30	1.89470630125265E-10	1E10	1E-30	1E10	5.97238685237668E-03	1.89602984995417E-05	1E10	306.798835318776	4.33648735435881E-05	1E10	9.87897138459408	3.83342720849308E-05	1E10	1.11360542350535	3.32810751845138E-05	1E10	0.12255095622773	2.66411406786792E-05	1E10	1.66346216894624E-02	1E-30	3.36553268165551E-11	9.20441514731528E-02	1E-30	2.06038841555417E-10	0.032482569597657	7.93950721757535E-06	2.72422558950785E-11	4.64412067329436E-03	3.18356006583801E-06	3.60460082234443E-11	7.3711642067649E-03	3.57337885713695E-12	9.44957597499285E-11	21.7472460098585	1E10	1E-30	1E-10	1E10	1E-30	1E-10	1E10	1E-30	1E-10	1E10	1E-30	1E-10	1E10	1E-30	1E-10
42	1.54136627165892E-06	1E10	22727272.7272727	1E-30	1.89470630125265E-10	1E10	1E-30	1E10	5.97238685237668E-03	1.89602984995417E-05	1E10	306.798835318776	4.33648735435881E-05	1E10	9.87897138459408	3.83342720849308E-05	1E10	1.11360542350535	3.32810751845138E-05	1E10	0.12255095622773	2.66411406786792E-05	1E10	1.66346216894624E-02	1E-30	3.36553268165551E-11	9.20441514731528E-02	1E-30	2.06038841555417E-10	0.032482569597657	7.93950721757535E-06	2.72422558950785E-11	4.64412067329436E-03	3.18356006583801E-06	3.60460082234443E-11	7.3711642067649E-03	3.57337885713695E-12	9.44957597499285E-11	21.7472460098585	1E10	1E-30	1E-10	1E10	1E-30	1E-10	1E10	1E-30	1E-10	1E10	1E-30	1E-10	1E10	1E-30	1E-10
43	3.52220569993399E-06	1E10	10638297.8723404	1E-30	1.66116326872134E-10	1E10	1E-30	1E10	3.73743687689474E-03	1.86298668248447E-04	1E10	28.4766650218609	1.99392268309533E-04	1E10	5.75076314067327	1.65868889559542E-04	1E10	0.781342578043562	1.52775839728472E-04	1E10	8.59871620498795E-02	1.08383303304765E-04	1E10	1.28472675024624E-02	1.70737638418761E-04	1E10	9.11486447762842E-04	1E-30	2.18484866312138E-11	0.108201680432142	1E-30	2.63173362228707E-10	2.24953619661245E-02	1E-30	3.08393628198928E-11	2.22357762463318E-02	1.30803200182924E-05	4.78683408360315E-11	5.74615352253704E-03	7.47302426498666E-06	4.17122983047536E-11	6.46550682802627E-03	2.73037531455306E-12	9.70842473097628E-11	24.4927944770508	1E10	1E-30	1E-10	1E10	1E-30	1E-10	1E10	1E-30	1E-10
44	7.0126816123188E-06	1E10	5E6	1E-30	2.20422338133355E-10	1E10	1E-30	1E10	3.30404248959987E-03	3.78433854968886E-04	1E10	4.40228580842736	4.26611751401858E-04	1E10	1.04477619862321	3.56581416560933E-04	1E10	0.220269351393451	3.07197926541243E-04	1E10	3.95305647778856E-02	1.97971152691051E-04	1E10	7.92047297004264E-03	1E-30	3.02894844555056E-11	0.127299822323167	1E-30	2.72171567301154E-11	2.38181749586269E-02	1E-30	1.96912649946081E-10	1.20885422717228E-02	1E-30	8.61115776153865E-11	6.90323056521079E-03	4.82383182305933E-05	2.98443258327473E-11	3.82908314577254E-03	8.04362326706925E-06	8.42586406755422E-11	5.63827290992529E-03	3.41165213999961E-11	1.05342532142532E-11	0.771246886207197	1E10	1E-30	1E-10	1E10	1E-30	1E-10	1E10	1E-30	1E-10
45	7.0126816123188E-06	1E10	5E6	1E-30	2.20422338133355E-10	1E10	1E-30	1E10	3.30404248959987E-03	3.78433854968886E-04	1E10	4.40228580842736	4.26611751401858E-04	1E10	1.04477619862321	3.56581416560933E-04	1E10	0.220269351393451	3.07197926541243E-04	1E10	3.95305647778856E-02	1.97971152691051E-04	1E10	7.92047297004264E-03	1E-30	3.02894844555056E-11	0.127299822323167	1E-30	2.72171567301154E-11	2.38181749586269E-02	1E-30	1.96912649946081E-10	1.20885422717228E-02	1E-30	8.61115776153865E-11	6.90323056521079E-03	4.82383182305933E-05	2.98443258327473E-11	3.82908314577254E-03	8.04362326706925E-06	8.42586406755422E-11	5.63827290992529E-03	3.41165213999961E-11	1.05342532142532E-11	0.771246886207197	1E10	1E-30	1E-10	1E10	1E-30	1E-10	1E10	1E-30	1E-10
46	7.0126816123188E-06	1E10	5E6	1E-30	2.20422338133355E-10	1E10	1E-30	1E10	3.30404248959987E-03	3.78433854968886E-04	1E10	4.40228580842736	4.26611751401858E-04	1E10	1.04477619862321	3.56581416560933E-04	1E10	0.220269351393451	3.07197926541243E-04	1E10	3.95305647778856E-02	1.97971152691051E-04	1E10	7.92047297004264E-03	1E-30	3.02894844555056E-11	0.127299822323167	1E-30	2.72171567301154E-11	2.38181749586269E-02	1E-30	1.96912649946081E-10	1.20885422717228E-02	1E-30	8.61115776153865E-11	6.90323056521079E-03	4.82383182305933E-05	2.98443258327473E-11	3.82908314577254E-03	8.04362326706925E-06	8.42586406755422E-11	5.63827290992529E-03	3.41165213999961E-11	1.05342532142532E-11	0.771246886207197	1E10	1E-30	1E-10	1E10	1E-30	1E-10	1E10	1E-30	1E-10
END DSCRDATA
