BEGIN DSCRDATA
% INDEX	K01	L01	M01	K02	L02	M02	K03	L03	M03	K04	L04	M04	K05	L05	M05	K06	L06	M06	K07	L07	M07	K08	L08	M08	K09	L09	M09	K10	L10	M10	K11	L11	M11	K12	L12	M12	K13	L13	M13	K14	L14	M14	K15	L15	M15	K16	L16	M16	K17	L17	M17	K18	L18	M18
0	0	0	0	0	0	0	0	0	0	0	0	0	0	0	0	0	0	0	0	0	0	0	0	0	0	0	0	0	0	0	0	0	0	0	0	0	0	0	0	0	0	0	0	0	0	0	0	0	0	0	0	0	0	0
1	9.99999999999999E-13	1E10	1E11	1E-30	4.15881885551335E-10	1E10	1E-30	1E10	0.372417427332573	1E-30	3.13918329472176E-11	1.80725770708838	1E-30	1.0338045763374E-10	0.269356913082511	1E10	1E-30	1E-10	1E10	1E-30	1E-10	1E10	1E-30	1E-10	1E10	1E-30	1E-10	1E10	1E-30	1E-10	1E10	1E-30	1E-10	1E10	1E-30	1E-10	1E10	1E-30	1E-10	1E10	1E-30	1E-10	1E10	1E-30	1E-10	1E10	1E-30	1E-10	1E10	1E-30	1E-10	1E10	1E-30	1E-10
2	2E-12	1E10	1E11	1E-30	3.35646141238048E-10	1E10	1E-30	1E10	0.209425709610179	1E-30	2.50714222252309E-11	1.3140523776635	1E-30	2.53490612326785E-11	0.158881750431012	1E10	1E-30	1E-10	1E10	1E-30	1E-10	1E10	1E-30	1E-10	1E10	1E-30	1E-10	1E10	1E-30	1E-10	1E10	1E-30	1E-10	1E10	1E-30	1E-10	1E10	1E-30	1E-10	1E10	1E-30	1E-10	1E10	1E-30	1E-10	1E10	1E-30	1E-10	1E10	1E-30	1E-10	1E10	1E-30	1E-10
3	3E-12	1E10	1E11	1E-30	3.09798217959746E-10	1E10	1E-30	1E10	0.171792448763102	1E-30	2.1970784963296E-11	1.03022037296475	1E-30	2.59223730639623E-11	0.141707277640162	1E10	1E-30	1E-10	1E10	1E-30	1E-10	1E10	1E-30	1E-10	1E10	1E-30	1E-10	1E10	1E-30	1E-10	1E10	1E-30	1E-10	1E10	1E-30	1E-10	1E10	1E-30	1E-10	1E10	1E-30	1E-10	1E10	1E-30	1E-10	1E10	1E-30	1E-10	1E10	1E-30	1E-10	1E10	1E-30	1E-10
4	3.3E-12	1E10	1E11	1E-30	2.9508104691E-10	1E10	1E-30	1E10	0.271903437025975	1E-30	8.8903947314701E-12	0.297384332176036	1.2246577785331E-11	2.23299460479544E-11	5.98977031286553	1E10	1E-30	1E-10	1E10	1E-30	1E-10	1E10	1E-30	1E-10	1E10	1E-30	1E-10	1E10	1E-30	1E-10	1E10	1E-30	1E-10	1E10	1E-30	1E-10	1E10	1E-30	1E-10	1E10	1E-30	1E-10	1E10	1E-30	1E-10	1E10	1E-30	1E-10	1E10	1E-30	1E-10	1E10	1E-30	1E-10
5	4E-12	1E10	1E11	1E-30	3.11068530340436E-10	1E10	1E-30	1E10	0.14181685042814	1E-30	2.29394077924088E-11	1.08838651430429	1E-30	2.98696839361945E-11	0.141171719890434	1E10	1E-30	1E-10	1E10	1E-30	1E-10	1E10	1E-30	1E-10	1E10	1E-30	1E-10	1E10	1E-30	1E-10	1E10	1E-30	1E-10	1E10	1E-30	1E-10	1E10	1E-30	1E-10	1E10	1E-30	1E-10	1E10	1E-30	1E-10	1E10	1E-30	1E-10	1E10	1E-30	1E-10	1E10	1E-30	1E-10
6	4.69999999999999E-12	1E10	1E11	1E-30	2.8279632624789E-10	1E10	1E-30	1E10	0.247430385733794	1E-30	8.42338888456742E-12	0.256989685716578	9.29426995665351E-12	4.25317865948845E-11	15.1330023197263	1E10	1E-30	1E-10	1E10	1E-30	1E-10	1E10	1E-30	1E-10	1E10	1E-30	1E-10	1E10	1E-30	1E-10	1E10	1E-30	1E-10	1E10	1E-30	1E-10	1E10	1E-30	1E-10	1E10	1E-30	1E-10	1E10	1E-30	1E-10	1E10	1E-30	1E-10	1E10	1E-30	1E-10	1E10	1E-30	1E-10
7	5E-12	1E10	1E11	1E-30	3.13846930116359E-10	1E10	1E-30	1E10	0.136795027747572	1E-30	2.55550729792668E-11	0.638549433355047	1E-30	2.33401280691782E-11	8.36168402497199E-02	3.67685302192619E-11	1.13218285341227E-11	3.6722671704067	1E10	1E-30	1E-10	1E10	1E-30	1E-10	1E10	1E-30	1E-10	1E10	1E-30	1E-10	1E10	1E-30	1E-10	1E10	1E-30	1E-10	1E10	1E-30	1E-10	1E10	1E-30	1E-10	1E10	1E-30	1E-10	1E10	1E-30	1E-10	1E10	1E-30	1E-10	1E10	1E-30	1E-10
8	6E-12	1E10	1E11	1E-30	1.9474955525655E-10	1E10	1E-30	1E10	0.126924464614133	1E-30	1.90324343958085E-11	0.548897493672579	1E-30	2.54659610288536E-11	0.128695083344742	9.18607737538593E-11	5.3614832050856E-12	1.37825048634213	1.72655522156177E-12	1.05608282901245E-10	1E5	1E10	1E-30	1E-10	1E10	1E-30	1E-10	1E10	1E-30	1E-10	1E10	1E-30	1E-10	1E10	1E-30	1E-10	1E10	1E-30	1E-10	1E10	1E-30	1E-10	1E10	1E-30	1E-10	1E10	1E-30	1E-10	1E10	1E-30	1E-10	1E10	1E-30	1E-10
9	6.79999999999999E-12	1E10	1E11	1E-30	2.77250451444507E-10	1E10	1E-30	1E10	0.226807941886212	1E-30	1.16254273062445E-11	0.301130595433827	1.7543591547069E-11	3.21725223093484E-11	9.91755110025914	1.39914560918195E-11	2.34040106803676E-11	9.2734135691259	1E10	1E-30	1E-10	1E10	1E-30	1E-10	1E10	1E-30	1E-10	1E10	1E-30	1E-10	1E10	1E-30	1E-10	1E10	1E-30	1E-10	1E10	1E-30	1E-10	1E10	1E-30	1E-10	1E10	1E-30	1E-10	1E10	1E-30	1E-10	1E10	1E-30	1E-10	1E10	1E-30	1E-10
10	7E-12	1E10	1E11	1E-30	3.04530249612066E-10	1E10	1E-30	1E10	0.110328046597581	1E-30	1.58134963580802E-11	0.359996241264345	1E-30	3.57366918653372E-11	0.146906165277205	2.31668896529406E-11	2.57197978991759E-11	7.3596366062867	7.27280376274428E-11	4.68664353957074E-12	0.630957344480193	1E10	1E-30	1E-10	1E10	1E-30	1E-10	1E10	1E-30	1E-10	1E10	1E-30	1E-10	1E10	1E-30	1E-10	1E10	1E-30	1E-10	1E10	1E-30	1E-10	1E10	1E-30	1E-10	1E10	1E-30	1E-10	1E10	1E-30	1E-10	1E10	1E-30	1E-10
11	8E-12	1E10	1E11	1E-30	3.20715737607842E-10	1E10	1E-30	1E10	0.094696361355024	1E-30	2.37511147486007E-11	0.446725791522383	1E-30	3.6844329112243E-11	8.91732669192987E-02	1.47427638150187E-10	4.57556888559348E-12	1.15979784823838	2.73293573792474E-10	1.27134174432051E-12	0.275494721088616	1E10	1E-30	1E-10	1E10	1E-30	1E-10	1E10	1E-30	1E-10	1E10	1E-30	1E-10	1E10	1E-30	1E-10	1E10	1E-30	1E-10	1E10	1E-30	1E-10	1E10	1E-30	1E-10	1E10	1E-30	1E-10	1E10	1E-30	1E-10	1E10	1E-30	1E-10
12	9E-12	1E10	1E11	1E-30	3.00418257832059E-10	1E10	1E-30	1E10	0.110968441329686	1E-30	3.73456909602098E-11	2.69303901985616	1E-30	4.26790006981383E-11	0.172176141218411	5.10900363585452E-10	1.54169664184216E-12	0.367858820084238	1E10	1E-30	1E-10	1E10	1E-30	1E-10	1E10	1E-30	1E-10	1E10	1E-30	1E-10	1E10	1E-30	1E-10	1E10	1E-30	1E-10	1E10	1E-30	1E-10	1E10	1E-30	1E-10	1E10	1E-30	1E-10	1E10	1E-30	1E-10	1E10	1E-30	1E-10	1E10	1E-30	1E-10
13	9.99999999999999E-12	1E10	1E11	1E-30	2.83030017759788E-10	1E10	1E-30	1E10	0.111013737718072	1E-30	1.32475598622433E-11	0.211404794072828	1E-30	3.26150842909698E-11	8.18159204998121E-02	3.8140550593983E-11	2.3590231196236E-11	5.82773672286234	9.48124305269642E-12	2.70111322060915E-11	4.1327321861758	1E10	1E-30	1E-10	1E10	1E-30	1E-10	1E10	1E-30	1E-10	1E10	1E-30	1E-10	1E10	1E-30	1E-10	1E10	1E-30	1E-10	1E10	1E-30	1E-10	1E10	1E-30	1E-10	1E10	1E-30	1E-10	1E10	1E-30	1E-10	1E10	1E-30	1E-10
14	1.5E-11	1E10	1E11	1E-30	2.37130446946773E-10	1E10	1E-30	1E10	0.106365138716823	1E-30	2.00601666361902E-11	0.39958007735051	1E-30	3.51199913675695E-11	0.105473523438098	1.06312166274082E-10	1.00513063402124E-11	1.60544580212145	2.87056289763273E-11	1.18354379416774E-11	2.12882140535134	2.31749782679977E-12	8.88228374925701E-11	1E5	1E10	1E-30	1E-10	1E10	1E-30	1E-10	1E10	1E-30	1E-10	1E10	1E-30	1E-10	1E10	1E-30	1E-10	1E10	1E-30	1E-10	1E10	1E-30	1E-10	1E10	1E-30	1E-10	1E10	1E-30	1E-10	1E10	1E-30	1E-10
15	2.19999999999999E-11	1E10	1E11	1E-30	1.69929473340801E-10	1E10	1E-30	1E10	0.100700328531255	1E-30	2.01425501189948E-11	0.148315715036624	1E-30	2.75437464747101E-11	3.67022385119252E-02	1.32855240253356E-10	1.2380163256999E-11	1.89242890642092	1.43917486927993E-11	3.18994721677412E-11	4.74413085887599	1.90896032071103E-12	1.38198415656445E-10	1E5	1E10	1E-30	1E-10	1E10	1E-30	1E-10	1E10	1E-30	1E-10	1E10	1E-30	1E-10	1E10	1E-30	1E-10	1E10	1E-30	1E-10	1E10	1E-30	1E-10	1E10	1E-30	1E-10	1E10	1E-30	1E-10	1E10	1E-30	1E-10
16	3.3E-11	1E10	1E11	1E-30	2.3247209733551E-10	1E10	1E-30	1E10	8.05361229815984E-02	1E-30	1.24088027507347E-11	0.141726144144999	1E-30	3.924920627042E-11	8.57790550268821E-02	1.81150862033613E-10	1.35904437632997E-11	1.18292564207594	7.61602558336672E-11	1.07540806943875E-11	1.33764666193966	5.35054617342881E-11	7.8245145813573E-12	1.22477635578398	2.94637660985265E-12	7.19314188180441E-11	1E5	1E10	1E-30	1E-10	1E10	1E-30	1E-10	1E10	1E-30	1E-10	1E10	1E-30	1E-10	1E10	1E-30	1E-10	1E10	1E-30	1E-10	1E10	1E-30	1E-10	1E10	1E-30	1E-10	1E10	1E-30	1E-10
17	4.7E-11	1E10	1E11	1E-30	1.00222588902466E-10	1E10	1E-30	1E10	7.44320468503425E-02	1E-30	3.85680999857499E-11	8.54872496276451E-02	1E-30	2.4817439738064E-12	5.60932854056809E-02	4.56398267497499E-10	7.44967847859255E-12	0.745932687291892	6.39535258248649E-11	2.17570434079164E-11	2.38299371545519	1.34071905433712E-11	3.0502853052969E-11	3.03973372493998	1.13925386633986E-12	1.82294042285343E-10	1E5	1E10	1E-30	1E-10	1E10	1E-30	1E-10	1E10	1E-30	1E-10	1E10	1E-30	1E-10	1E10	1E-30	1E-10	1E10	1E-30	1E-10	1E10	1E-30	1E-10	1E10	1E-30	1E-10	1E10	1E-30	1E-10
18	6.8E-11	1E10	1E11	1E-30	2.48327082102289E-10	1E10	1E-30	1E10	0.127443701380429	1E-30	8.26798015746508E-12	9.27335178209692E-02	1E-30	2.93639302626424E-11	6.90341256619355E-02	6.74876344625283E-10	5.84815162669018E-12	0.31400137300232	7.63537496440765E-11	2.04381620004397E-11	1.37927585094289	2.68083611889436E-11	1.52110708119518E-11	1.25118325873037	2.46015911750206E-12	8.79201096899506E-11	1E5	1E10	1E-30	1E-10	1E10	1E-30	1E-10	1E10	1E-30	1E-10	1E10	1E-30	1E-10	1E10	1E-30	1E-10	1E10	1E-30	1E-10	1E10	1E-30	1E-10	1E10	1E-30	1E-10	1E10	1E-30	1E-10
19	1E-10	1E10	1E11	1E-30	2.65036164287074E-10	1E10	1E-30	1E10	7.86504140490514E-02	1E-30	1.32088003639041E-11	6.82874476371687E-02	1E-30	1.75649096517539E-11	2.48213900209067E-02	1.0791711301745E-09	6.63892082513949E-12	0.444895973448223	1.58040391487074E-10	1.89351014860553E-11	1.24059107794462	2.8905705421808E-11	2.30117203088304E-11	1.17400212168821	8.66192727029822E-12	2.97638964808589E-11	1E5	1E10	1E-30	1E-10	1E10	1E-30	1E-10	1E10	1E-30	1E-10	1E10	1E-30	1E-10	1E10	1E-30	1E-10	1E10	1E-30	1E-10	1E10	1E-30	1E-10	1E10	1E-30	1E-10	1E10	1E-30	1E-10
20	1.5E-10	1E10	1E11	1E-30	1.49302831580557E-10	1E10	1E-30	1E10	8.71356517742512E-02	1E-30	1.15195558316491E-11	4.61486288701062E-02	1.47446620376668E-09	7.15167112798697E-12	0.27523486608161	2.51101993678051E-10	1.72821398793644E-11	0.855366318309252	6.99094389383351E-12	4.64389063753605E-11	1.71245157463578	1.46332826073664E-12	1.5125102674213E-10	1E5	1E10	1E-30	1E-10	1E10	1E-30	1E-10	1E10	1E-30	1E-10	1E10	1E-30	1E-10	1E10	1E-30	1E-10	1E10	1E-30	1E-10	1E10	1E-30	1E-10	1E10	1E-30	1E-10	1E10	1E-30	1E-10	1E10	1E-30	1E-10
21	2.2E-10	1E10	1E11	1E-30	2.06095279374456E-10	1E10	1E-30	1E10	0.095	1E-30	4.83827046680691E-11	1.04006960761914	2.61980492430005E-09	5.20008973243592E-12	0.133972637226373	3.4123427664977E-10	1.62125393519295E-11	0.56240044449034	6.81052921626979E-11	5.32910677146341E-12	1.13776429937261	1.66417254376571E-12	1.2996958702071E-10	824748801.672243	1E10	1E-30	1E-10	1E10	1E-30	1E-10	1E10	1E-30	1E-10	1E10	1E-30	1E-10	1E10	1E-30	1E-10	1E10	1E-30	1E-10	1E10	1E-30	1E-10	1E10	1E-30	1E-10	1E10	1E-30	1E-10	1E10	1E-30	1E-10
22	2.2E-10	1E10	1E10	1E-30	1.6E-10	1E10	1E-30	1E10	0.482073182857828	1.27338861856326E-08	1E10	200271.382723088	4.07421883932005E-08	1E10	4694.81946263428	3.25220668539814E-08	1E10	503.058968881788	2.65401256817287E-08	1E10	53.0856910281451	2.30456384929603E-08	1E10	7.67341836554797	1.12116251971186E-08	1E10	2.58100515059863	2.35721316517832E-09	1E10	1.22760481774907	1.00003222393296E-09	1E10	0.454713756168387	9.22654652422964E-11	3.26441294592112E-11	0.600569009007606	1.90069552813363E-12	1.79522952688314E-10	17.5941643516372	1E10	1E-30	1E-10	1E10	1E-30	1E-10	1E10	1E-30	1E-10	1E10	1E-30	1E-10	1E10	1E-30	1E-10
23	2.25124458301765E-10	1E10	1E10	1E-30	1.65E-10	1E10	1E-30	1E10	0.528112976059979	3.04945915530068E-08	1E10	53601.455958509	5.43904047265568E-08	1E10	7747.76762123153	3.26708508845887E-08	1E10	1510.69428564385	3.07794231804465E-08	1E10	131.57597183505	3.93572647405767E-08	1E10	13.4795057651968	2.36623870616334E-08	1E10	7.47341446140024	1.06432183253998E-08	1E10	1.99381976674073	1.75302219831972E-09	1E10	1.21051856041865	1.79478841862714E-09	1E10	0.295587196500177	7.67235506901064E-11	3.92568613534236E-11	0.722226467985105	1.90671212682429E-12	1.70130784298992E-10	18.1267051211023	1E10	1E-30	1E-10	1E10	1E-30	1E-10	1E10	1E-30	1E-10	1E10	1E-30	1E-10
24	3.3E-10	1E10	1E11	1E-30	1.98153778016854E-10	1E10	1E-30	1E10	7.51122076816265E-02	1E-30	6.23811760672932E-11	0.953697375189499	4.12893795421875E-09	5.92264770642546E-12	0.18854518069152	7.02424727385407E-10	1.49625489809783E-11	0.46398372891104	6.02600846272499E-11	5.81125558509052E-12	0.777607424863811	2.32571640059325E-12	1.04347809355808E-10	1E5	1E10	1E-30	1E-10	1E10	1E-30	1E-10	1E10	1E-30	1E-10	1E10	1E-30	1E-10	1E10	1E-30	1E-10	1E10	1E-30	1E-10	1E10	1E-30	1E-10	1E10	1E-30	1E-10	1E10	1E-30	1E-10	1E10	1E-30	1E-10
25	4.7E-10	1E10	1E11	1E-30	1.3E-10	1E10	1E-30	1E10	5.29062938571425E-02	1E-30	7.92543921792337E-11	0.677281073641941	6.71769320427336E-09	5.61473232170161E-12	0.20711718992658	1.85034004621792E-09	9.34973521699605E-12	0.401684660529287	7.68865626093125E-11	4.5756976705078E-12	1.64425695080451	1.49929698923675E-12	1.25647086500321E-10	1E5	1E10	1E-30	1E-10	1E10	1E-30	1E-10	1E10	1E-30	1E-10	1E10	1E-30	1E-10	1E10	1E-30	1E-10	1E10	1E-30	1E-10	1E10	1E-30	1E-10	1E10	1E-30	1E-10	1E10	1E-30	1E-10	1E10	1E-30	1E-10
26	4.75726524071925E-10	1E10	1E10	1E-30	1.44E-10	1E10	1E-30	1E10	0.410868097402297	5.91973909213104E-08	1E10	25638.9025161858	9.34969697758503E-08	1E10	2036.57041759498	7.19605118324214E-08	1E10	218.222451892884	5.79066726199108E-08	1E10	25.6502451986059	4.74311025190489E-08	1E10	3.72833048918988	3.08020182911997E-08	1E10	0.875767744449365	8.90037543417399E-09	1E10	0.458508296295704	4.1286647428311E-09	1E10	0.321239740944186	6.24837350842377E-11	4.82033570484116E-11	0.886819249065186	1.91540063717805E-12	1.92450234009833E-10	18.8433741886459	1E10	1E-30	1E-10	1E10	1E-30	1E-10	1E10	1E-30	1E-10	1E10	1E-30	1E-10	1E10	1E-30	1E-10
27	4.73615698211526E-10	1E10	1E10	1E-30	1.71898665483858E-10	1E10	1E-30	1E10	0.402501750477577	4.49428547860139E-08	1E10	48924.7792101814	9.16504020614175E-08	1E10	2751.24251756986	7.73858311271902E-08	1E10	308.694487697358	7.2466234954073E-08	1E10	43.9252689732708	4.62830589907304E-08	1E10	9.53403675430201	3.14483718995832E-08	1E10	1.63252661813861	1.05658089229389E-08	1E10	0.6025281897588	3.75332675616629E-09	1E10	0.353364169600611	6.27085338125631E-11	4.74642825537515E-11	0.897890396651999	1.91683881632408E-12	1.7E-10	16.1432172192016	1E10	1E-30	1E-10	1E10	1E-30	1E-10	1E10	1E-30	1E-10	1E10	1E-30	1E-10	1E10	1E-30	1E-10
28	6.8E-10	1E10	1E11	1E-30	2.78671642404862E-10	1E10	1E-30	1E10	5.20030973253546E-02	1E-30	3.64943608057037E-11	0.772327707501811	5.11108421683086E-09	9.69712748647588E-12	0.266434573727971	1.09566990359575E-09	1.9000801306229E-11	0.533706669494134	6.62211711525027E-10	9.26386082437902E-12	0.218019882614309	6.55185602440195E-11	3.52181445549802E-12	0.659624039241664	1E10	1E-30	1E-10	1E10	1E-30	1E-10	1E10	1E-30	1E-10	1E10	1E-30	1E-10	1E10	1E-30	1E-10	1E10	1E-30	1E-10	1E10	1E-30	1E-10	1E10	1E-30	1E-10	1E10	1E-30	1E-10	1E10	1E-30	1E-10
29	9.77237220955811E-10	1E10	1E11	1E-30	2.14459359839185E-10	1E10	1E-30	1E10	6.26241277358255E-03	1E-30	4.61917219564415E-11	0.510526877440269	1E-30	1.65211539240423E-11	2.04367026351322E-02	1E-30	8.16527358608469E-11	1.17590042382082E-02	5.95884392876992E-09	1.37984685193588E-11	0.331180326373593	2.1808630015656E-09	1.73455619236225E-11	0.534103033107721	7.84611035116729E-09	2.15962104515713E-12	6.47691967643746E-02	2.6091573696595E-09	4.4184738228582E-12	0.143060863691201	5.3233729561637E-11	5.05351389365038E-12	0.405747505379068	1E10	1E-30	1E-10	1E10	1E-30	1E-10	1E10	1E-30	1E-10	1E10	1E-30	1E-10	1E10	1E-30	1E-10	1E10	1E-30	1E-10	1E10	1E-30	1E-10
30	1.00856668387991E-09	1E10	1E10	1E-30	1.44676703981414E-10	1E10	1E-30	1E10	0.245400631009476	9.12413100596101E-08	1E10	22376.972989457	1.99478286547523E-07	1E10	707.622017867513	1.69195570092433E-07	1E10	122.970612909147	1.15245968048226E-07	1E10	18.6734424286119	1.03759832823916E-07	1E10	2.55646362631139	1.09747126937105E-07	1E10	0.517927463712311	2.93302921471442E-08	1E10	0.387592805547848	1.01864206473559E-08	1E10	0.173602516310341	1E-30	4.07832710447172E-11	0.549104677300479	1.85282304786454E-09	1.12985041263655E-11	0.12055946680009	2.04178450309504E-12	1.58833736227939E-10	21.6405984768018	1E10	1E-30	1E-10	1E10	1E-30	1E-10	1E10	1E-30	1E-10	1E10	1E-30	1E-10
31	9.97890369131522E-10	1E10	1E10	1E-30	1.75E-10	1E10	1E-30	1E10	0.243454988799894	1.03815573771299E-07	1E10	16956.5047268255	1.61496865991041E-07	1E10	998.473022539825	1.4456639697802E-07	1E10	88.9890018039855	1.63686284619026E-07	1E10	10.2272967916152	9.37353128751766E-08	1E10	2.82453456643452	6.24310649318814E-08	1E10	0.553307697520828	1.64387392184596E-08	1E10	0.265190441217397	1.01348983241009E-08	1E10	7.81635338852001E-02	1E-30	1.82925929500338E-11	0.595576165588232	9.65004061842744E-10	1.82284033474935E-11	0.195383556473379	2.19511852010219E-12	1.35295763413159E-10	12.3061927881384	1E10	1E-30	1E-10	1E10	1E-30	1E-10	1E10	1E-30	1E-10	1E10	1E-30	1E-10
32	2.1969175416059E-09	1E10	1E10	1E-30	1.96E-10	1E10	1E-30	1E10	0.165407204063842	2.82233371069747E-07	1E10	7234.09964947771	3.69926929105086E-07	1E10	425.975368080504	3.10610321881035E-07	1E10	51.2135035066251	2.38299930891891E-07	1E10	5.55515543627253	1.73055031046764E-07	1E10	0.793766104619719	7.3959121556523E-08	1E10	0.215193122555223	2.16595967119946E-08	1E10	9.18501306881201E-02	1E-30	3.52237802009369E-11	0.331976307332775	1.84713771903946E-09	2.43791443974135E-11	0.137860813691494	3.04650964525242E-12	1.03780854580589E-10	15.3531482338762	1E10	1E-30	1E-10	1E10	1E-30	1E-10	1E10	1E-30	1E-10	1E10	1E-30	1E-10	1E10	1E-30	1E-10
33	2.1520471523414E-09	1E10	1E10	1E-30	1.84192738610535E-10	1E10	1E-30	1E10	0.150127913172203	2.65025528790704E-07	1E10	5317.6438747769	3.58078064767468E-07	1E10	422.395467194392	3.09224877195948E-07	1E10	48.4974885363109	2.60599039960053E-07	1E10	5.44311262086836	2.46443060260408E-07	1E10	0.922583107744013	1.01146804781105E-07	1E10	0.314700881429376	2.54826235746625E-08	1E10	0.104093771078673	1E-30	3.81887283633365E-11	0.359920285428583	1.83727299043913E-09	2.45100414629232E-11	0.138601019158381	3.05160419486201E-12	1.10633868144189E-10	15.3343079563185	1E10	1E-30	1E-10	1E10	1E-30	1E-10	1E10	1E-30	1E-10	1E10	1E-30	1E-10	1E10	1E-30	1E-10
34	4.71858229022828E-09	1E10	1E10	1E-30	1.55E-10	1E10	1E-30	1E10	0.102284830369065	5.02582554392231E-07	1E10	3899.25933556091	6.86306818263093E-07	1E10	209.402624548975	6.11258506707569E-07	1E10	20.4636038875093	4.73200417309479E-07	1E10	2.24224855924427	3.09524380636015E-07	1E10	0.358950042712829	1.52709372356181E-07	1E10	6.94805392475323E-02	1.53804414368184E-07	1E10	2.06957574976882E-02	1E-30	4.75596332466153E-11	0.186766243018739	6.41065461269413E-09	1.95124973340832E-11	5.60149564280349E-02	2.25679193336645E-12	1.32E-10	17.8987071578581	1E10	1E-30	1E-10	1E10	1E-30	1E-10	1E10	1E-30	1E-10	1E10	1E-30	1E-10	1E10	1E-30	1E-10
35	4.92403592573985E-09	1E10	1E10	1E-30	1.86240893762534E-10	1E10	1E-30	1E10	0.092984715038828	6.6426445215586E-07	1E10	2650.07296665952	8.29154853910435E-07	1E10	236.188001765817	7.19663060197881E-07	1E10	28.3960434406397	5.71995753811179E-07	1E10	3.30620125795662	4.79967305859332E-07	1E10	0.473707691422691	2.73852036559279E-07	1E10	0.129149176963949	1.01343107054825E-07	1E10	4.61898976065982E-02	1E-30	5.24923000038717E-11	0.284729689140296	6.08609590475911E-09	2.25094332554214E-11	8.26678004070581E-02	3.8204363182876E-12	8.8369023454448E-11	11.3268745754874	1E10	1E-30	1E-10	1E10	1E-30	1E-10	1E10	1E-30	1E-10	1E10	1E-30	1E-10	1E10	1E-30	1E-10
36	9.51403539518374E-09	1E10	5E9	1E-30	1.73061198737781E-10	1E10	1E-30	1E10	7.26273000703297E-02	1.04742321297053E-06	1E10	3056.64825875727	2.31725606404305E-06	1E10	226.592465827138	1.65055932904532E-06	1E10	56.9174540393487	1.42733783709813E-06	1E10	10.8966588179789	1.08864626756638E-06	1E10	1.60299934062862	8.78674248584754E-07	1E10	0.264785496388604	1.00057902735274E-06	1E10	4.16398105294754E-02	3.60104185809057E-07	1E10	2.82664962618511E-02	1E-30	6.49450244800625E-11	0.21364648771126	1.79554914107322E-08	1.53716178876396E-11	4.08815297096995E-02	2.60086773659631E-12	1.20315444975362E-10	17.728856061154	1E10	1E-30	1E-10	1E10	1E-30	1E-10	1E10	1E-30	1E-10	1E10	1E-30	1E-10
37	9.96822522165665E-09	1E10	5E9	1E-30	1.91883684325057E-10	1E10	1E-30	1E10	4.93253524879161E-02	1.1853343694945E-06	1E10	2894.18829525848	2.21571478238074E-06	1E10	219.546633869503	1.72176411220385E-06	1E10	51.4667545423382	1.41520632570636E-06	1E10	9.35709880968836	1.08636874650576E-06	1E10	1.36723405944211	7.59206847793903E-07	1E10	0.261346991800113	5.90316954024122E-07	1E10	4.22315318960816E-02	1E-30	5.45070861581518E-11	0.212174323335959	2.3125644594438E-08	1.37031019244312E-11	4.28114938706754E-02	4.44908267026355E-12	6.54907515059682E-11	14.5124085708734	1E10	1E-30	1E-10	1E10	1E-30	1E-10	1E10	1E-30	1E-10	1E10	1E-30	1E-10	1E10	1E-30	1E-10
38	2.16489451867086E-08	1E10	2272727272.72727	1E-30	1.80005235418137E-10	1E10	1E-30	1E10	5.15310932130671E-02	2.66656846300076E-06	1E10	1385.51703604949	8.3563635678238E-06	1E10	100.371836421077	3.18927383195159E-06	1E10	48.0409813328129	2.84271077907101E-06	1E10	5.04844789071567	3.17596436956631E-06	1E10	0.630876732091303	2.15840596871644E-06	1E10	0.166950974474983	7.90340834105616E-07	1E10	4.12909105702393E-02	1E-30	6.50084131093978E-11	0.167175506573528	3.02013967105276E-08	2.19560011021808E-11	3.18225065341737E-02	2.57221711999895E-12	1.18265655939025E-10	16.4407044501614	1E10	1E-30	1E-10	1E10	1E-30	1E-10	1E10	1E-30	1E-10	1E10	1E-30	1E-10	1E10	1E-30	1E-10
39	2.13641638304493E-08	1E10	2272727272.72727	1E-30	1.60599504576191E-10	1E10	1E-30	1E10	3.37344383698032E-02	2.3653568889879E-06	1E10	1682.14513244124	7.82301441006691E-06	1E10	92.4407506037113	3.07074446721396E-06	1E10	49.6436223545256	2.792265230056E-06	1E10	5.69985047905722	2.29348009590051E-06	1E10	0.754677306772945	1.64815836478394E-06	1E10	0.124085819495639	1.58923379818934E-06	1E10	2.47918183971034E-02	1E-30	2.09272101557616E-11	0.678428889765793	1E-30	7.35999984745371E-11	0.170196174894374	1.12939188323444E-07	1.45927471010506E-11	2.25196831033007E-02	3.35975288905314E-08	2.22955711049451E-11	4.60005080549395E-02	5.62871266540565E-12	4.84315946979969E-11	12.5176222853096	1E10	1E-30	1E-10	1E10	1E-30	1E-10	1E10	1E-30	1E-10
40	4.61653634128035E-08	1E10	1063829787.23404	1E-30	1.94425668533343E-10	1E10	1E-30	1E10	2.19740249471747E-02	8.48698182483768E-06	1E10	468.820796299216	7.77008668872705E-06	1E10	135.209394584784	6.37230877127586E-06	1E10	20.4647700068049	6.02184459935871E-06	1E10	2.41040815387927	5.4361845649926E-06	1E10	0.328492863160778	3.65779678785164E-06	1E10	0.078253274108492	3.79622849735327E-06	1E10	1.31636946491411E-02	1E-30	1.47839627121866E-11	0.126738762848524	1E-30	7.68576443840011E-11	9.70692372407776E-02	7.55964386864789E-07	5.68778074513751E-12	1.11564672051413E-02	6.8960268726334E-08	2.89905161587315E-11	0.032888394793406	7.5397257375873E-12	4.01238513411908E-11	6.04019296343958	1E10	1E-30	1E-10	1E10	1E-30	1E-10	1E10	1E-30	1E-10
41	4.77560811388539E-08	1E10	1063829787.23404	1E-30	1.79522952688314E-10	1E10	1E-30	1E10	2.28892045138545E-02	5.61663246575259E-06	1E10	772.83823972931	1.04460484375751E-05	1E10	64.2818848729601	6.68372447551777E-06	1E10	20.8012102003705	5.59523311859962E-06	1E10	2.5649114044613	4.97145006742496E-06	1E10	0.305729291494523	3.89928872385368E-06	1E10	6.10571737849202E-02	3.75902768004759E-06	1E10	9.85495444210112E-03	1E-30	1.55382669257688E-11	0.118719260495933	1E-30	7.11181310568895E-11	9.19125642357802E-02	8.47046007063672E-07	5.076181987475E-12	7.90899006809585E-03	5.59892090991729E-08	3.57067695183925E-11	3.21763879500999E-02	5.57562872983681E-12	5.52997236214248E-11	12.0465504854246	1E10	1E-30	1E-10	1E10	1E-30	1E-10	1E10	1E-30	1E-10
42	4.43817056902044E-08	1E10	1063829787.23404	1E-30	1.76578657556367E-10	1E10	1E-30	1E10	2.31482721943476E-02	4.50577609173726E-06	1E10	883.060652879284	7.90021049823414E-06	1E10	78.702863530766	5.93890574461494E-06	1E10	14.9965214849096	6.10716788996201E-06	1E10	1.80297844242828	4.30509053757665E-06	1E10	0.383545956091303	2.96285201872646E-06	1E10	5.98872934508217E-02	3.74890402611653E-06	1E10	7.79304611979713E-03	1E-30	1.70614054251183E-11	0.26420778307521	1E-30	8.21056591049223E-11	0.132526448608185	1.1173517899169E-07	2.74807657992524E-11	2.44696376642294E-02	7.09922131091532E-08	1.80666249960952E-11	2.61826737474353E-02	9.59022644315093E-12	3.07700100401799E-11	6.01964812446483	1E10	1E-30	1E-10	1E10	1E-30	1E-10	1E10	1E-30	1E-10
43	9.43476138882855E-08	1E10	5E8	1E-30	1.53204846876427E-10	1E10	1E-30	1E10	0.0167	9.88527361966032E-06	1E10	402.505153664537	1.46448059271973E-05	1E10	36.7089063038674	1.38283622957271E-05	1E10	6.09216202882505	1.6063694899042E-05	1E10	0.821810045161926	1.1554677584944E-05	1E10	0.278675019387448	9.19E-6	1E10	0.0491	6.72E-6	1E10	0.0158	1E-30	1.74E-11	0.0926	1E-30	8.86E-11	0.0662	5.03E-7	1.5E-11	0.0111	2.18E-7	1.69E-11	0.0167	5.66341573998817E-12	5.78626071340975E-11	16.7542824981689	1E10	1E-30	1E-10	1E10	1E-30	1E-10	1E10	1E-30	1E-10
44	9.42844995523731E-08	1E10	5E8	1E-30	1.89604070990717E-10	1E10	1E-30	1E10	0.016	9.52736465572538E-06	1E10	417.625830549722	1.75408249455912E-05	1E10	35.5457230116728	1.23689342413782E-05	1E10	11.5023704975548	1.70228698726061E-05	1E10	1.17702951247647	1.40173714543772E-05	1E10	0.468583888869973	7.91505020717154E-06	1E10	0.10522974325221	5.41735613458723E-06	1E10	1.87796383932458E-02	1E-30	1.77249824053659E-11	0.163557133651525	1E-30	8.27154937635712E-11	7.29800680702037E-02	1.4958876863341E-06	6.34041512101836E-12	6.64205727504469E-03	1.08018800877474E-07	4.17020762044094E-11	2.66435910101221E-02	9.26441765725829E-12	3.50882606573174E-11	3.85785793219938	1E10	1E-30	1E-10	1E10	1E-30	1E-10	1E10	1E-30	1E-10
45	1.02318679545982E-07	1E10	5E8	1E-30	2.00675973516497E-10	1E10	1E-30	1E10	1.42201348423038E-02	1.09329148960253E-05	1E10	363.935292201341	1.37856255949336E-05	1E10	38.9963691451026	1.12746696800434E-05	1E10	4.4827786057318	1.42585596877787E-05	1E10	0.418357241331994	1.36625590074758E-05	1E10	0.133748241592297	7.31363980916344E-06	1E10	3.93184670113908E-02	8.17102491391661E-06	1E10	6.62815027930775E-03	1E-30	2.12936780951704E-11	0.149354775584984	1E-30	9.47643633186297E-11	6.49551332997647E-02	2.58381578460087E-06	4.02674092607884E-12	5.2872475653378E-03	1.53802455427566E-07	3.36109597902472E-11	2.15583553062499E-02	1.01038743081767E-11	3.08417998880433E-11	3.95320877563195	1E10	1E-30	1E-10	1E10	1E-30	1E-10	1E10	1E-30	1E-10
46	9.43476138882855E-08	1E10	5E8	1E-30	1.53204846876427E-10	1E10	1E-30	1E10	0.0167	9.88527361966032E-06	1E10	402.505153664537	1.46448059271973E-05	1E10	36.7089063038674	1.38283622957271E-05	1E10	6.09216202882505	1.6063694899042E-05	1E10	0.821810045161926	1.1554677584944E-05	1E10	0.278675019387448	9.19E-6	1E10	0.0491	6.72E-6	1E10	0.0158	1E-30	1.74E-11	0.0926	1E-30	8.86E-11	0.0662	5.03E-7	1.5E-11	0.0111	2.18E-7	1.69E-11	0.0167	5.66341573998817E-12	5.78626071340975E-11	16.7542824981689	1E10	1E-30	1E-10	1E10	1E-30	1E-10	1E10	1E-30	1E-10
47	1.42904356251286E-07	1E10	227272727.272727	1E-30	1.27426994944043E-10	1E10	1E-30	1E10	1.70361218543108E-02	4.22380395601971E-06	1E10	942.011897031048	7.46412235881963E-06	1E10	89.9614377608639	5.81641605762822E-06	1E10	22.5972914870607	5.4644501682767E-06	1E10	3.49990605975692	3.78236768060396E-06	1E10	0.839568986962071	2.64726503832057E-06	1E10	0.105228048370122	2.24351615531176E-06	1E10	1.70667044286131E-02	1E-30	2.35911184428343E-11	0.169830497690842	1E-30	1.12017060830051E-10	6.50126642069014E-02	9.56494968630786E-07	1.19369895823302E-11	8.34006785960104E-03	3.40582199333083E-07	1.83571180013347E-11	1.55003495163482E-02	2.24973968063001E-12	1.00277745098542E-10	28.0168270550909	1E10	1E-30	1E-10	1E10	1E-30	1E-10	1E10	1E-30	1E-10
48	3.65397399629435E-07	1E10	106382979	1E-30	1.63839836962857E-10	1E10	1E-30	1E10	2.94004873984313E-02	1.35314692256198E-05	1E10	294.045939206954	2.3671828530889E-05	1E10	24.4576759272203	2.07547969588305E-05	1E10	4.05896387551656	1.90276218263554E-05	1E10	0.510993276844233	1.03082557362488E-04	1E10	0.185530444957204	1.39124925728799E-05	1E10	0.114397145053748	5.98459792637376E-06	1E10	2.57570888479132E-02	1E-30	5.34777073780727E-11	0.309213051218693	1E-30	1.10181165555373E-10	5.22880227580629E-02	4.59431179468384E-12	4.66451687404835E-11	7.49402810879104	1E10	1E-30	1E-10	1E10	1E-30	1E-10	1E10	1E-30	1E-10	1E10	1E-30	1E-10	1E10	1E-30	1E-10
49	7.91859856760746E-07	1E10	5E7	1E-30	1.20219712474376E-10	1E10	1E-30	1E10	0.013768285603245	3.55518952856759E-05	1E10	103.539603628053	3.71079117783729E-05	1E10	10.6108366000786	3.81540945838499E-05	1E10	1.39496680034161	3.73479348649893E-05	1E10	0.223727924466067	3.2051187939285E-05	1E10	4.92791017917004E-02	2.13251185573527E-05	1E10	1.18399358283514E-02	1E-30	3.86242260998761E-11	0.257224082400783	1E-30	2.42047465944724E-11	3.55502718833023E-02	1E-30	1.38691802825675E-10	2.83918477599415E-02	2.88931789289799E-06	2.47152741197451E-11	3.73419038755698E-03	2.75927716637666E-06	1.42221557907368E-11	2.76819357726343E-03	2.64144642674272E-12	9.47355113957416E-11	22.8382367722222	1E10	1E-30	1E-10	1E10	1E-30	1E-10	1E10	1E-30	1E-10
END DSCRDATA
