BEGIN DSCRDATA
% INDEX	K01	L01	M01	K02	L02	M02	K03	L03	M03	K04	L04	M04	K05	L05	M05	K06	L06	M06	K07	L07	M07	K08	L08	M08	K09	L09	M09	K10	L10	M10	K11	L11	M11	K12	L12	M12	K13	L13	M13	K14	L14	M14	K15	L15	M15	K16	L16	M16	K17	L17	M17	K18	L18	M18
0	0	0	0	0	0	0	0	0	0	0	0	0	0	0	0	0	0	0	0	0	0	0	0	0	0	0	0	0	0	0	0	0	0	0	0	0	0	0	0	0	0	0	0	0	0	0	0	0	0	0	0	0	0	0
1	1E-11	1E10	1E11	1E-30	6.46401149372555E-11	1E10	1E-30	1E10	0.234100138810514	6.65534382500493E-11	1E10	2807.09684340181	1E-30	3.12354332868111E-11	0.304461290623304	6.87917445871723E-13	5.2528315243422E-10	265.36277258308	1E10	1E-30	1E-10	1E10	1E-30	1E-10	1E10	1E-30	1E-10	1E10	1E-30	1E-10	1E10	1E-30	1E-10	1E10	1E-30	1E-10	1E10	1E-30	1E-10	1E10	1E-30	1E-10	1E10	1E-30	1E-10	1E10	1E-30	1E-10	1E10	1E-30	1E-10	1E10	1E-30	1E-10
2	1E-11	1E10	1E11	1E-30	6.46401149372555E-11	1E10	1E-30	1E10	0.234100138810514	6.65534382500493E-11	1E10	2807.09684340181	1E-30	3.12354332868111E-11	0.304461290623304	6.87917445871723E-13	5.2528315243422E-10	265.36277258308	1E10	1E-30	1E-10	1E10	1E-30	1E-10	1E10	1E-30	1E-10	1E10	1E-30	1E-10	1E10	1E-30	1E-10	1E10	1E-30	1E-10	1E10	1E-30	1E-10	1E10	1E-30	1E-10	1E10	1E-30	1E-10	1E10	1E-30	1E-10	1E10	1E-30	1E-10	1E10	1E-30	1E-10
3	1E-11	1E10	1E11	1E-30	6.46401149372555E-11	1E10	1E-30	1E10	0.234100138810514	6.65534382500493E-11	1E10	2807.09684340181	1E-30	3.12354332868111E-11	0.304461290623304	6.87917445871723E-13	5.2528315243422E-10	265.36277258308	1E10	1E-30	1E-10	1E10	1E-30	1E-10	1E10	1E-30	1E-10	1E10	1E-30	1E-10	1E10	1E-30	1E-10	1E10	1E-30	1E-10	1E10	1E-30	1E-10	1E10	1E-30	1E-10	1E10	1E-30	1E-10	1E10	1E-30	1E-10	1E10	1E-30	1E-10	1E10	1E-30	1E-10
4	6.8E-10	1E10	1E11	1E-30	1.53439226497855E-10	1E10	1E-30	1E10	2.5600071855926E-03	1.58427627860181E-06	1E10	9.36692349177055E-03	5.2575695085799E-09	9.52454902339695E-11	3.95904122944533E-02	3.77192951098164E-09	2.11701075665045E-11	0.619119813484126	1.01673899943407E-09	3.05864059691971E-11	1.02081318437958	4.44376821372614E-10	1.97219634039024E-11	0.308421562064945	8.96325514726438E-12	4.50536811261237E-11	0.954132870742095	8.52764361691741E-13	3.94591326935208E-10	563.050407858538	1E10	1E-30	1E-10	1E10	1E-30	1E-10	1E10	1E-30	1E-10	1E10	1E-30	1E-10	1E10	1E-30	1E-10	1E10	1E-30	1E-10	1E10	1E-30	1E-10	1E10	1E-30	1E-10
5	6.8E-10	1E10	1E11	1E-30	1.53439226497855E-10	1E10	1E-30	1E10	2.5600071855926E-03	1.58427627860181E-06	1E10	9.36692349177055E-03	5.2575695085799E-09	9.52454902339695E-11	3.95904122944533E-02	3.77192951098164E-09	2.11701075665045E-11	0.619119813484126	1.01673899943407E-09	3.05864059691971E-11	1.02081318437958	4.44376821372614E-10	1.97219634039024E-11	0.308421562064945	8.96325514726438E-12	4.50536811261237E-11	0.954132870742095	8.52764361691741E-13	3.94591326935208E-10	563.050407858538	1E10	1E-30	1E-10	1E10	1E-30	1E-10	1E10	1E-30	1E-10	1E10	1E-30	1E-10	1E10	1E-30	1E-10	1E10	1E-30	1E-10	1E10	1E-30	1E-10	1E10	1E-30	1E-10
6	6.8E-10	1E10	1E11	1E-30	1.53439226497855E-10	1E10	1E-30	1E10	2.5600071855926E-03	1.58427627860181E-06	1E10	9.36692349177055E-03	5.2575695085799E-09	9.52454902339695E-11	3.95904122944533E-02	3.77192951098164E-09	2.11701075665045E-11	0.619119813484126	1.01673899943407E-09	3.05864059691971E-11	1.02081318437958	4.44376821372614E-10	1.97219634039024E-11	0.308421562064945	8.96325514726438E-12	4.50536811261237E-11	0.954132870742095	8.52764361691741E-13	3.94591326935208E-10	563.050407858538	1E10	1E-30	1E-10	1E10	1E-30	1E-10	1E10	1E-30	1E-10	1E10	1E-30	1E-10	1E10	1E-30	1E-10	1E10	1E-30	1E-10	1E10	1E-30	1E-10	1E10	1E-30	1E-10
7	1.5E-9	1E10	1E11	1E-30	4.09656242149746E-10	1E10	1E-30	1E10	1.06079451897904E-02	1.23737207441197E-06	1E10	5540.85657460746	5.11488175168964E-06	1E10	125.178463859211	6.034851213127E-06	1E10	21.2409299853025	1.41260577493605E-05	1E10	1.3964920474732	1.08742624199855E-05	1E10	0.346286697233297	1.08649096744574E-05	1E10	4.92236501666044E-02	1E-30	8.18489457278605E-11	0.861050408071413	1E-30	6.43898907093908E-11	1.64205218577874E-02	5.80773476613282E-09	3.13029864105344E-11	0.849708472554348	2.25378021987872E-09	3.30483835171873E-11	0.969754915032866	1.76026499706883E-09	1.3545808562805E-11	0.239278345503828	1E10	1E-30	1E-10	1E10	1E-30	1E-10	1E10	1E-30	1E-10	1E10	1E-30	1E-10
8	1.8E-9	1E10	1E11	1E-30	3.47876070483106E-10	1E10	1E-30	1E10	1.07440687203321E-02	1.95671135935786E-06	1E10	3503.88991250668	9.21222584721733E-06	1E10	106.694686015063	5.36819622712799E-06	1E10	30.1823153810772	2.75918750540169E-05	1E10	0.894338373336997	1.43237339936969E-05	1E10	0.549148162677502	1.13323840536601E-05	1E10	8.76496228913607E-02	1E-30	6.73647275374505E-11	1.86004345141081	1E-30	4.98063493921207E-11	1.12786726326693E-02	6.18925632161247E-09	3.86425850954008E-11	1.08418832086398	3.31108576245993E-09	3.07898334986476E-11	1.04898700687765	3.52575621044753E-10	6.59960370532068E-11	0.368432388144524	1E10	1E-30	1E-10	1E10	1E-30	1E-10	1E10	1E-30	1E-10	1E10	1E-30	1E-10
9	2.26551683715487E-09	1E10	1E11	1E-30	2.44309305238952E-10	1E10	1E-30	1E10	1.20265543684154E-02	1E-30	7.51251543338011E-11	0.37738408752557	1E-30	7.62053809244347E-11	0.016183415001374	1.57256474467384E-08	1.41493029217877E-11	0.222920937401498	2.61714885826623E-09	3.1368146675657E-11	0.452103954197362	2.04937945065613E-12	1.71614456633232E-10	82.4318840251264	1E10	1E-30	1E-10	1E10	1E-30	1E-10	1E10	1E-30	1E-10	1E10	1E-30	1E-10	1E10	1E-30	1E-10	1E10	1E-30	1E-10	1E10	1E-30	1E-10	1E10	1E-30	1E-10	1E10	1E-30	1E-10	1E10	1E-30	1E-10
10	2.2E-9	1E10	1E11	1E-30	3.14590879162421E-10	1E10	1E-30	1E10	4.87073280286857E-03	4.06995670441597E-07	1E10	74750.9298692284	1.0290104285543E-05	1E10	26.0731407368401	1.04862449276247E-05	1E10	19.1253992586703	1.38459312539774E-05	1E10	1.28123445497748	1.29563724007E-05	1E10	0.139892590914693	1.23711731454408E-05	1E10	5.69420730875352E-03	1E-30	8.26239732020225E-11	9.60098595126826E-03	6.17455781547212E-09	5.08695582434659E-11	1.51768348619646	3.88888543959656E-09	3.54955829442025E-11	1.06827883029432	5.82882269462789E-11	1.28895287991396E-10	0.599358259647848	1E10	1E-30	1E-10	1E10	1E-30	1E-10	1E10	1E-30	1E-10	1E10	1E-30	1E-10	1E10	1E-30	1E-10
11	3.19870654052305E-09	1E10	1E11	1E-30	9.77237220955811E-11	1E10	1E-30	1E10	9.29457882247932E-03	1E-30	9.61310498202077E-11	0.414022811230517	1E-30	7.02352276756617E-11	1.35290772357031E-02	1.63380989216575E-08	2.19845932433433E-11	0.207314570960649	3.67946248014326E-09	4.16782532293198E-11	0.44563059856216	2.58811682670035E-12	1.4425995603786E-10	89.2705287271335	2.66652090383773E-12	1.20445455761654E-10	1E5	1E10	1E-30	1E-10	1E10	1E-30	1E-10	1E10	1E-30	1E-10	1E10	1E-30	1E-10	1E10	1E-30	1E-10	1E10	1E-30	1E-10	1E10	1E-30	1E-10	1E10	1E-30	1E-10	1E10	1E-30	1E-10
12	4.8364775852526E-09	1E10	1E11	1E-30	6.30957344480193E-11	1E10	1E-30	1E10	7.27529966663067E-03	1E-30	7.68125732414576E-11	0.295600528096737	1E-30	6.53137955495743E-11	1.42150268029335E-02	2.5467370019157E-08	1.7688302894161E-11	0.188527784623686	5.90191543481113E-09	2.85386400544579E-11	0.332443541585514	5.5589119363912E-12	6.32007705404643E-11	18.4475810867113	1.32011624266562E-12	2.11070683688924E-10	1E5	1E10	1E-30	1E-10	1E10	1E-30	1E-10	1E10	1E-30	1E-10	1E10	1E-30	1E-10	1E10	1E-30	1E-10	1E10	1E-30	1E-10	1E10	1E-30	1E-10	1E10	1E-30	1E-10	1E10	1E-30	1E-10
13	6.69478584639229E-09	1E10	1E11	1E-30	1.58865646944856E-11	1E10	1E-30	1E10	5.73700102595758E-03	1E-30	8.03699406792192E-11	0.25310116777938	1E-30	8.57086511928456E-11	1.06526094801097E-02	3.89104140328745E-08	1.995242325486E-11	0.208111938924854	8.38050708102981E-09	3.58070383921717E-11	0.323657299873853	1.53465467573701E-07	9.434225947108E-13	9.43061200360683E-03	1.31582917184103E-08	6.54016013503024E-12	8.61522051524022E-02	7.13390909453754E-13	3.98505154394034E-10	987.03883607645	1E10	1E-30	1E-10	1E10	1E-30	1E-10	1E10	1E-30	1E-10	1E10	1E-30	1E-10	1E10	1E-30	1E-10	1E10	1E-30	1E-10	1E10	1E-30	1E-10	1E10	1E-30	1E-10
14	9.99270092899501E-09	1E10	1E11	1E-30	4.46683592150963E-11	1E10	1E-30	1E10	5.33192378834544E-03	1E-30	9.8797716859481E-11	0.289279854855325	1E-30	5.99047274196344E-11	7.44547555389664E-03	3.56190998152986E-08	3.68690112712943E-11	0.246666780766367	1.26256331618752E-08	4.22642553109173E-11	0.304848468046194	1.15642011216074E-07	2.39517986243662E-12	2.53339987827826E-02	1.21610974216501E-08	1.37829098181903E-11	0.100777815937896	3.43998014591833E-11	1.00012067841299E-11	1.16362562960681	9.7773361302817E-13	2.62788202961881E-10	1E5	1E10	1E-30	1E-10	1E10	1E-30	1E-10	1E10	1E-30	1E-10	1E10	1E-30	1E-10	1E10	1E-30	1E-10	1E10	1E-30	1E-10	1E10	1E-30	1E-10
15	1.49843400636321E-08	1E10	66666666666.6666	1E-30	7.58577575029183E-11	1E10	1E-30	1E10	5E-3	1E-30	1.20354295650096E-10	0.244007953122572	1E-30	7.16434234220237E-11	5.08506209902665E-03	3.8864277142818E-08	4.81249204861826E-11	0.242132482641532	2.28876134555269E-08	3.60278873100833E-11	0.268708693197827	1.47201732455586E-07	2.74498649840879E-12	4.31827212672561E-02	3.21212204021077E-08	7.96732529341782E-12	7.21333814217891E-02	1.08947694836576E-11	3.12491858565074E-11	6.29303442629264	1.53521943512038E-12	1.61759438902635E-10	99999.9999999999	1E10	1E-30	1E-10	1E10	1E-30	1E-10	1E10	1E-30	1E-10	1E10	1E-30	1E-10	1E10	1E-30	1E-10	1E10	1E-30	1E-10	1E10	1E-30	1E-10
16	2.2015875362068E-08	1E10	45454545454.5454	1E-30	6.16595001861482E-11	1E10	1E-30	1E10	3.27547514033015E-03	1E-30	1.25270589611805E-10	0.203348032125782	1E-30	7.38896150235741E-11	5.06403118229918E-03	5.98141493581912E-08	5.67356997090635E-11	0.28032801049285	2.98216806925366E-08	4.95753782616456E-11	0.23716225588876	7.48171597330845E-08	1.020405648061E-11	6.61231295143689E-02	4.78692864512994E-08	9.99002869523428E-12	8.12524464633744E-02	2.8452243167708E-12	1.05469308380473E-10	45.586152193877	2.22644667614897E-12	1.31047214265499E-10	1E5	1E10	1E-30	1E-10	1E10	1E-30	1E-10	1E10	1E-30	1E-10	1E10	1E-30	1E-10	1E10	1E-30	1E-10	1E10	1E-30	1E-10	1E10	1E-30	1E-10
17	4.65093246652343E-08	1E10	1063829787.23404	1E-30	1.24112509390674E-10	1E10	1E-30	1E10	2.09087889954806E-02	6.22943385570823E-06	1E10	593.083756703578	8.45480242058116E-06	1E10	62.103493302959	7.30518007776226E-06	1E10	8.57266849322753	6.18861422322035E-06	1E10	1.07920876976115	5.58268656196396E-06	1E10	0.150610632266473	4.51027478509895E-06	1E10	4.27066863241265E-02	3.20511587504314E-06	1E10	1.31478621390068E-02	1E-30	1.0745235729916E-10	0.12859868049598	1.72700274808156E-07	4.20987390847207E-11	6.14378266117186E-02	4.38021165281579E-08	4.52858242034699E-11	5.28147051183406E-02	1.39000038240296E-11	8.53904861553038E-11	7.18763338422178	2.50976729849562E-12	1.45730015664522E-10	27.0380541605058	1E10	1E-30	1E-10	1E10	1E-30	1E-10	1E10	1E-30	1E-10
18	1.02200422992635E-07	1E10	5E8	1E-30	1.67653124124958E-10	1E10	1E-30	1E10	1.50200986537734E-02	1.18233136864917E-05	1E10	336.527785932235	1.86741147966481E-05	1E10	26.7313522135223	1.62531749981481E-05	1E10	4.53963492183335	1.54624051596054E-05	1E10	0.703837918474612	1.32723399977917E-05	1E10	0.110487679007842	6.82884570156939E-06	1E10	2.59785458190196E-02	1E-30	1.07229397614565E-10	8.47726276705599E-02	1E-30	1.23526680559737E-11	6.15069497406132E-02	4.32772959821178E-07	3.42662683087397E-11	3.68354063290199E-02	9.54565920431761E-08	6.46017743095743E-11	4.77251221954317E-02	8.918133719031E-12	8.70874276450607E-11	9.67508265293758	3.01140519485231E-12	1.23147065632613E-10	20.6377058926512	1E10	1E-30	1E-10	1E10	1E-30	1E-10	1E10	1E-30	1E-10
19	4.42881718616242E-07	1E10	106382978.723404	1E-30	1.58367114104096E-10	1E10	1E-30	1E10	6.14787676812502E-03	4.84785457291962E-05	1E10	76.2105360588847	6.94784230288479E-05	1E10	6.1946249361886	5.4566979990227E-05	1E10	1.07650243479	5.05978649920072E-05	1E10	0.104849577557627	1.44885511123613E-04	1E10	1.21073388025819E-02	5.53452038744659E-05	1E10	9.58559079800847E-03	2.42807195326398E-05	1E10	2.34119357978264E-03	1E-30	1.56244421146764E-10	4.49237339396984E-02	1E-30	1.32315734778506E-11	3.99054854721112E-02	1.50971462527409E-06	4.48615008414238E-11	2.10841095962754E-02	6.88445745090427E-07	4.23034810352389E-11	2.10163709970665E-02	1.15839900058704E-11	9.0010692760522E-11	9.39051590011312	2.93308176395857E-12	1.38437844980856E-10	19.3444307052434	1E10	1E-30	1E-10	1E10	1E-30	1E-10
20	9.40575019097771E-07	1E10	5E7	1E-30	2.14715578138622E-10	1E10	1E-30	1E10	5.6332657339356E-03	9.6324963566436E-05	1E10	12.0074984065573	9.32403513740307E-05	1E10	1.37012802413894	9.75499526374303E-05	1E10	0.192932391490485	9.56210655854373E-05	1E10	2.81580712496476E-02	9.22953657075442E-05	1E10	7.53887408840895E-03	9.0581030387816E-05	1E10	2.18222231979543E-03	1E-30	8.53531374417826E-12	7.84641592521211E-02	1E-30	2.53631221185314E-11	5.17422787235316E-02	1E-30	2.1165306539615E-10	0.038271058180634	2.8167011300294E-06	5.71274022751156E-11	1.51702719317195E-02	1.37923008514092E-06	5.28667129639582E-11	1.36972894034211E-02	1.97418997108161E-11	5.84280186026215E-11	5.65985826388149	2.63027892496947E-11	2.76927854462525E-11	3.25488426355629	1E10	1E-30	1E-10	1E10	1E-30	1E-10
21	9.91957398065695E-07	1E10	5E7	1E-30	4.96608003617867E-12	1E10	1E-30	1E10	4.95128998889882E-03	1.47767747103116E-04	1E10	27.8688613481341	2.13244381025359E-04	1E10	2.66576143338375	1.35045223833196E-04	1E10	0.651958043663769	1.20754793085405E-04	1E10	9.61157366543228E-02	1.29524847951081E-04	1E10	1.48711921712184E-02	1.10878388290583E-04	1E10	4.00326012201954E-03	1E-30	1.42220889994279E-11	4.85517092577372E-02	1E-30	2.00773807508809E-10	3.97226463557099E-02	2.97933702093334E-06	5.78366720369417E-11	1.67352596215231E-02	1.50392378400461E-06	5.34692240834543E-11	1.76377447652412E-02	2.97258142389647E-11	3.43878641000934E-11	6.28401843990972	4.17833137434736E-12	7.31201732205135E-11	1E5	1.37944665368737E-12	2.19202431022565E-10	22.4432230656508	1E10	1E-30	1E-10	1E10	1E-30	1E-10
22	1.00367455835399E-06	1E10	5E7	1E-30	1.3805364175442E-10	1E10	1E-30	1E10	4.03047504747974E-03	1.52772998502012E-04	1E10	29.8197929572618	2.05421783548979E-04	1E10	4.04377794112488	1.69019886989177E-04	1E10	0.495072292875048	1.81578244535518E-04	1E10	4.92189646570796E-02	1.36646264628794E-04	1E10	7.69524351100915E-03	1E-30	2.22910157710547E-11	6.17794815020469E-02	1E-30	2.58177413338692E-10	3.81355420211744E-02	3.91815884000098E-06	4.52524005899541E-11	1.53313142367975E-02	2.71686378837802E-06	3.2304026728049E-11	1.48167457401258E-02	1.98263893566797E-11	6.15873371524384E-11	5.20398880144863	2.64511309201304E-12	7.59422486123032E-11	17.3866358123775	1E10	1E-30	1E-10	1E10	1E-30	1E-10	1E10	1E-30	1E-10	1E10	1E-30	1E-10
23	9.754093395853E-07	1E10	5E7	1E-30	1.30031774020409E-10	1E10	1E-30	1E10	3.74442685060115E-03	5.64448509120078E-04	1E10	12.2602315799751	4.38151527689824E-04	1E10	2.03469198122792	2.68467169849318E-04	1E10	0.502610803315619	2.05149829486401E-04	1E10	0.119086317032506	2.04579731977548E-04	1E10	1.75966122910006E-02	1.71343434593573E-04	1E10	4.08580563222127E-03	1E-30	1.95303811253163E-11	6.47283733883273E-02	1E-30	2.39049213365755E-10	3.82128628572234E-02	4.00779324226944E-06	4.45508524115389E-11	1.59272851541194E-02	1.90633948432501E-06	4.57831228596335E-11	1.74157298551723E-02	2.31536309076316E-11	4.88143669994115E-11	4.67309243910492	2.29745100291936E-12	9.90871957421302E-11	23.0816653682924	1E10	1E-30	1E-10	1E10	1E-30	1E-10	1E10	1E-30	1E-10
24	2.09152905349641E-06	1E10	22727273	1E-30	1.53766813770103E-10	1E10	1E-30	1E10	3.40163810625799E-03	3.19979085403094E-04	1E10	10.9161576323019	2.5532896508218E-04	1E10	1.25122953012321	2.39374281164413E-04	1E10	0.164095689396031	2.10852396470416E-04	1E10	2.26021581554891E-02	2.18556858746387E-04	1E10	3.17706114920159E-03	1E-30	2.53153348273651E-11	0.056045015475621	1E-30	2.4593946824522E-10	2.95220355192051E-02	6.55235605735832E-06	5.82432529975616E-11	1.13783674897842E-02	3.0693480472319E-06	5.90412239490312E-11	1.16968906238413E-02	9.18539139881287E-12	6.66326234640623E-11	7.69489524751313	5.93058680198209E-12	5.17233818373836E-11	19.7789262930559	1E10	1E-30	1E-10	1E10	1E-30	1E-10	1E10	1E-30	1E-10	1E10	1E-30	1E-10
25	1.680576910284E-06	1E10	22727273	1E-30	2.16900694132658E-10	1E10	1E-30	1E10	4.78953802373511E-03	6.62070525864819E-05	1E10	29.661583189981	7.92830417083713E-05	1E10	4.13466163707516	9.44827968561566E-05	1E10	0.912825051291308	6.25189518983399E-05	1E10	0.31467977205654	4.46699025922083E-05	1E10	0.076161321978803	2.89028638770264E-05	1E10	0.014279108721834	1E-30	9.51841460528722E-12	6.37472857210086E-02	1E-30	1.42102343220675E-11	3.87670227159206E-02	1E-30	1.57802850543929E-10	2.50534908292601E-02	1E-30	6.28289250730375E-11	1.15726762690119E-02	7.64946343897444E-06	3.48827431676903E-11	1.28153312558609E-02	1.23950471791246E-06	9.4087996888567E-11	1.40174008578707E-02	1.49543819184827E-11	5.36123876888386E-11	8.10178930231556	1E10	1E-30	1E-10	1E10	1E-30	1E-10
26	3.3441696796755E-06	1E10	10638297.8723404	1E-30	1.75071340237683E-10	1E10	1E-30	1E10	3.09337503220964E-03	1.29369797717745E-04	1E10	7.16128010606083	1.24667628285875E-04	1E10	1.05819860811405	1.02296522780771E-04	1E10	0.166773066683094	7.74455201591444E-05	1E10	2.72072629286851E-02	5.7436987315675E-05	1E10	4.0716786841444E-03	1E-30	8.07295187030363E-12	0.070948331187384	1E-30	2.77539437522649E-11	4.23111080010558E-02	1E-30	2.93690933060554E-10	0.025536619347999	1.40422000127228E-05	4.25955740885479E-11	7.99960748210805E-03	4.39364331683959E-06	6.81643616031372E-11	8.98889816711071E-03	1.40724005032672E-11	4.34816992344766E-11	7.06481023241847	9.95911090804728E-12	3.36409899655898E-11	12.6505454038346	1E10	1E-30	1E-10	1E10	1E-30	1E-10	1E10	1E-30	1E-10
27	3.78573128666038E-06	1E10	10638298	1E-30	2.0087958738698E-10	1E10	1E-30	1E10	3.30616123068189E-03	1.6733671448342E-04	1E10	23.0344590963977	2.18201987598075E-04	1E10	2.19312541897157	1.99860196847398E-04	1E10	0.357643796751816	1.9750103391672E-04	1E10	5.42611984521961E-02	2.02422941814572E-04	1E10	0.01060621433951	1.40128059056718E-04	1E10	3.8931414124043E-03	1E-30	1.51446822927486E-11	0.111344833384371	1E-30	2.3569968448274E-10	2.31071284068798E-02	1E-30	2.2729827382926E-11	2.26223603725018E-02	7.2588081691517E-06	8.64558387482446E-11	0.010986351946116	5.35518561389136E-06	5.15101863822077E-11	8.49570389571329E-03	8.66021915051081E-12	5.91283363099279E-11	11.7092779328747	1E10	1E-30	1E-10	1E10	1E-30	1E-10	1E10	1E-30	1E-10
28	3.78573128666038E-06	1E10	10638298	1E-30	2.0087958738698E-10	1E10	1E-30	1E10	3.30616123068189E-03	1.6733671448342E-04	1E10	23.0344590963977	2.18201987598075E-04	1E10	2.19312541897157	1.99860196847398E-04	1E10	0.357643796751816	1.9750103391672E-04	1E10	5.42611984521961E-02	2.02422941814572E-04	1E10	0.01060621433951	1.40128059056718E-04	1E10	3.8931414124043E-03	1E-30	1.51446822927486E-11	0.111344833384371	1E-30	2.3569968448274E-10	2.31071284068798E-02	1E-30	2.2729827382926E-11	2.26223603725018E-02	7.2588081691517E-06	8.64558387482446E-11	0.010986351946116	5.35518561389136E-06	5.15101863822077E-11	8.49570389571329E-03	8.66021915051081E-12	5.91283363099279E-11	11.7092779328747	1E10	1E-30	1E-10	1E10	1E-30	1E-10	1E10	1E-30	1E-10
29	2.94797638058244E-06	1E10	10638297.8723404	1E-30	1.74163747116357E-10	1E10	1E-30	1E10	4.41900738825605E-03	1.15275672204716E-04	1E10	9.0418060689726	1.0520354916452E-04	1E10	1.35920246789686	8.89457464115936E-05	1E10	0.164250623388269	1.06239566113715E-04	1E10	0.019672981984683	7.05203041609735E-05	1E10	7.70019112391027E-03	1E-30	3.1079468252674E-11	3.98095398753034E-02	1E-30	6.47441222251713E-12	0.03915997780353	1E-30	2.18989043347315E-10	2.37278065964516E-02	9.72579872763912E-06	5.16156381137663E-11	6.79548099203764E-03	3.97016504887016E-06	6.03394813629854E-11	8.6695921498243E-03	1.72764624089071E-11	6.09917970649453E-11	8.17172773102263	4.88839479449141E-12	6.98954570461081E-11	13.0979962689072	1E10	1E-30	1E-10	1E10	1E-30	1E-10	1E10	1E-30	1E-10
30	6.77015249294504E-06	1E10	5E6	1E-30	2.02166856795501E-10	1E10	1E-30	1E10	3.11949604844404E-03	2.55553473504812E-04	1E10	20.7595095342342	3.69113098892998E-04	1E10	2.00002910769464	3.32921617138118E-04	1E10	0.35106654055885	3.20772403711699E-04	1E10	5.38001378252086E-02	3.95872444648934E-04	1E10	8.33588358983301E-03	3.24462556085753E-04	1E10	3.37255893148551E-03	1E-30	1.17407731641284E-11	5.17291394340258E-02	1E-30	3.14525205671594E-11	1.84420937612716E-02	1E-30	2.82880498607287E-10	1.55922228123208E-02	2.19421404910313E-05	5.97108426473074E-11	6.17501546593197E-03	9.00468555712815E-06	7.04239766712422E-11	6.47917488883261E-03	5.03521983902747E-12	1.03457633378475E-10	21.85813794479	1E10	1E-30	1E-10	1E10	1E-30	1E-10	1E10	1E-30	1E-10
31	6.69575313594253E-06	1E10	5E6	1E-30	1.4787477776145E-10	1E10	1E-30	1E10	3.11462899774085E-03	1.99506413913097E-04	1E10	7.48828390161122	2.24238916871127E-04	1E10	0.786815654211436	2.04654763221433E-04	1E10	9.97079285642502E-02	2.11809903734195E-04	1E10	1.31645525637983E-02	1.9896413356397E-04	1E10	3.38635215230686E-03	1E-30	9.19427694482542E-12	5.33297339515478E-02	1E-30	3.38099374520956E-11	3.66996366820453E-02	1E-30	2.89918013574469E-10	1.97940603284807E-02	2.34461015305859E-05	5.35314777296615E-11	4.73685666383995E-03	1.03758204105136E-05	6.10668132925113E-11	6.00815148278882E-03	1.28603865009138E-11	5.20324629332334E-11	9.90089131062293	5.08772863887409E-12	6.4588919509255E-11	14.8581556833174	1E10	1E-30	1E-10	1E10	1E-30	1E-10	1E10	1E-30	1E-10
32	6.35445906946155E-06	1E10	5E6	1E-30	1.17989755559592E-10	1E10	1E-30	1E10	3.58762995372349E-03	1.65185538459266E-04	1E10	32.1163996510388	2.4130935444264E-04	1E10	2.85575197244845	2.24257372313823E-04	1E10	0.489186245540796	2.00607592579501E-04	1E10	7.61776013749011E-02	1.45219495505805E-04	1E10	1.46589724031371E-02	3.26343879524053E-04	1E10	1.28889077564048E-03	1E-30	1.38953329853954E-11	6.54510451357008E-02	1E-30	3.94785374147886E-11	0.03162822686196	1E-30	2.15876734553653E-10	1.77166352022298E-02	1.140763143667E-05	8.45464718722252E-11	5.76289054172291E-03	1.51703607958511E-05	3.23002562804683E-11	5.10223173333391E-03	1.44814045250385E-11	6.36307236500514E-11	9.29884735625548	3.17788248347539E-12	7.58236223014966E-11	19.6428136919075	1E10	1E-30	1E-10	1E10	1E-30	1E-10
33	1.66551248965285E-05	1E10	2272727	1E-30	1.96022222217414E-10	1E10	1E-30	1E10	2.18152669220127E-03	4.12809733309337E-04	1E10	25.6418259687944	9.27313115893081E-04	1E10	1.52289094466538	7.93343389845279E-04	1E10	0.252748035122572	8.2825350369662E-04	1E10	4.25017877289925E-02	6.90684061166047E-04	1E10	7.45945936412131E-03	6.34960471836523E-04	1E10	1.71992526567722E-03	1E-30	1.69826957642478E-11	0.102823330144185	1E-30	4.75039846533231E-11	2.49099512886104E-02	1E-30	4.18266320301484E-10	1.24993211573176E-02	5.26142648310146E-05	6.98589191429769E-11	3.62043067131141E-03	3.61451077144519E-05	5.00360162632933E-11	2.78021474612481E-03	9.3832403749841E-12	4.89796417374545E-11	8.51499728522483	1E10	1E-30	1E-10	1E10	1E-30	1E-10	1E10	1E-30	1E-10
END DSCRDATA
