BEGIN DSCRDATA
% INDEX	K01	L01	M01	K02	L02	M02	K03	L03	M03	K04	L04	M04	K05	L05	M05	K06	L06	M06	K07	L07	M07	K08	L08	M08	K09	L09	M09	K10	L10	M10	K11	L11	M11	K12	L12	M12	K13	L13	M13	K14	L14	M14	K15	L15	M15	K16	L16	M16	K17	L17	M17	K18	L18	M18
0	0	0	0	0	0	0	0	0	0	0	0	0	0	0	0	0	0	0	0	0	0	0	0	0	0	0	0	0	0	0	0	0	0	0	0	0	0	0	0	0	0	0	0	0	0	0	0	0	0	0	0	0	0	0
1	7.03141384786427E-08	1E10	1470588235.29411	1E-30	1.80379541376461E-10	1E10	1E-30	1E10	0.0226157058654	9.72697371232336E-06	1E10	232.035063720116	1.0437103336405E-05	1E10	52.91993323711	9.29040383215601E-06	1E10	11.7371248943668	8.78032174335412E-06	1E10	2.501287906219	7.8592949203439E-06	1E10	0.580075353208763	7.28484662733264E-06	1E10	0.107368030289234	4.79362377344043E-06	1E10	2.69642003281254E-02	1E-30	1.55133491571428E-11	6.61838743246337E-02	1E-30	6.97606274121324E-11	6.34441433807232E-02	1.62585643819896E-07	4.15205543804319E-11	5.83610936620739E-02	5.60288770580776E-08	3.48091031701291E-11	5.04247307547376E-02	7.05047863432855E-12	5.07415694236421E-10	50.6215055509086	1E10	1E-30	1E-10	1E10	1E-30	1E-10	1E10	1E-30	1E-10
2	1.03352453529069E-07	1E10	1E9	1E-30	2.30953697824176E-10	1E10	1E-30	1E10	1.60935789766676E-02	1.18924608055943E-05	1E10	153.044898088965	1.45045065166143E-05	1E10	23.3989372450334	1.19753194331328E-05	1E10	5.12177107229579	1.08222340246335E-05	1E10	0.918496286168965	9.46486830188361E-06	1E10	0.184982053178859	7.05880456295659E-06	1E10	3.30777811919938E-02	1E-30	4.77179143359616E-11	0.122018254764077	1E-30	1.37076291764655E-10	0.112942967421876	1.92683163108274E-07	7.3581031983248E-11	9.15086247475683E-02	7.6978015937279E-08	5.6481957598116E-11	6.94726443466673E-02	9.83362270949025E-12	2.55828494463636E-10	29.6967702535609	1E10	1E-30	1E-10	1E10	1E-30	1E-10	1E10	1E-30	1E-10	1E10	1E-30	1E-10
3	1.03137232499542E-07	1E10	1E9	1E-30	2.31028895258511E-10	1E10	1E-30	1E10	1.60935789766676E-02	1.233574841041E-05	1E10	149.203864433943	1.51784588067235E-05	1E10	22.4125398603306	1.27247375482981E-05	1E10	4.85753635483618	1.12070870740615E-05	1E10	0.901935523585488	1.02191989768309E-05	1E10	0.169612044037811	6.94732491480355E-06	1E10	2.60952865257766E-02	1E-30	4.77085973706843E-11	0.12202631837731	1E-30	1.37063100012711E-10	0.112958631134568	1.9271895273682E-07	7.35656944966325E-11	9.14866273276752E-02	7.69338527541995E-08	5.65171194500583E-11	0.069451820152633	9.83497822910801E-12	2.55802572864312E-10	29.6939465653034	1E10	1E-30	1E-10	1E10	1E-30	1E-10	1E10	1E-30	1E-10	1E10	1E-30	1E-10
4	1.55275812997483E-07	1E10	666666666.666666	1E-30	1.19001199798502E-10	1E10	1E-30	1E10	1.40786192650323E-02	1.80538511767063E-05	1E10	89.0760007821912	2.26867071315533E-05	1E10	13.7442078141122	1.93415326491129E-05	1E10	3.0413416529114	1.67529030383688E-05	1E10	0.594384185065708	1.73136491569546E-05	1E10	0.10557293694537	1.01689832493377E-05	1E10	2.35826851634846E-02	1E-30	3.25543727956791E-11	5.71963831834867E-02	1E-30	9.70849155461815E-11	5.65519213316572E-02	3.0473969187599E-07	5.84271963515109E-11	5.64427621122311E-02	1.14875589426448E-07	4.82289125308005E-11	4.84910040475922E-02	6.50260358715629E-12	5.01947556547699E-10	48.4412515418879	1E10	1E-30	1E-10	1E10	1E-30	1E-10	1E10	1E-30	1E-10	1E10	1E-30	1E-10
5	2.32773079077599E-07	1E10	454545454.545454	1E-30	2.69759622311695E-10	1E10	1E-30	1E10	9.97541147136744E-03	2.68571247447186E-05	1E10	74.8969660947792	3.06628288104856E-05	1E10	14.8122528119141	2.59164250819038E-05	1E10	3.32472658687262	2.28924757308279E-05	1E10	0.689227920891616	2.63481002945756E-05	1E10	0.116428503923369	1.76959357971762E-05	1E10	2.49078136329007E-02	1E-30	1.96006504707689E-11	0.144890190275799	1E-30	1.28965909656149E-10	8.52812531162648E-02	3.96506401113626E-07	9.96190737164255E-11	8.26499961418769E-02	1.17870846064165E-07	1.1130714284242E-10	6.85109158605737E-02	1.45907638181331E-11	1.43473584176939E-10	18.4520500472003	1E10	1E-30	1E-10	1E10	1E-30	1E-10	1E10	1E-30	1E-10	1E10	1E-30	1E-10
6	3.59690052339745E-07	1E10	303030303.030303	1E-30	1.49437464264136E-10	1E10	1E-30	1E10	1.17320475080206E-02	2.61314659468115E-05	1E10	238.29023302828	3.18285034626529E-05	1E10	19.1531016880793	3.70594742548558E-05	1E10	2.64637365896944	3.23952142608926E-05	1E10	0.578412260137762	4.11655277247845E-05	1E10	9.12167256653193E-02	2.9239335996225E-05	1E10	1.80510043534588E-02	1E-30	2.12708260879533E-10	3.00174351869987E-02	1E-30	1.42983442633722E-10	2.97950013332755E-02	6.38941315047361E-12	5.1224141488171E-10	48.7230965957931	1E10	1E-30	1E-10	1E10	1E-30	1E-10	1E10	1E-30	1E-10	1E10	1E-30	1E-10	1E10	1E-30	1E-10	1E10	1E-30	1E-10
7	3.59690052339745E-07	1E10	303030303.030303	1E-30	1.49437464264136E-10	1E10	1E-30	1E10	1.17320475080206E-02	2.61314659468115E-05	1E10	238.29023302828	3.18285034626529E-05	1E10	19.1531016880793	3.70594742548558E-05	1E10	2.64637365896944	3.23952142608926E-05	1E10	0.578412260137762	4.11655277247845E-05	1E10	9.12167256653193E-02	2.9239335996225E-05	1E10	1.80510043534588E-02	1E-30	2.12708260879533E-10	3.00174351869987E-02	1E-30	1.42983442633722E-10	2.97950013332755E-02	6.38941315047361E-12	5.1224141488171E-10	48.7230965957931	1E10	1E-30	1E-10	1E10	1E-30	1E-10	1E10	1E-30	1E-10	1E10	1E-30	1E-10	1E10	1E-30	1E-10	1E10	1E-30	1E-10
8	4.83181347452379E-07	1E10	212765957.446808	1E-30	2.82456847894028E-10	1E10	1E-30	1E10	9.03985901957846E-03	5.3125066806982E-05	1E10	39.0006027926702	5.50793850888961E-05	1E10	9.68076752430061	4.86067314399916E-05	1E10	2.02956482818241	4.37974887369984E-05	1E10	0.429662730579647	6.62206851857523E-05	1E10	5.01034175457704E-02	3.53188050069271E-05	1E10	1.98490152597427E-02	1E-30	3.91204613090382E-11	0.161389016796825	1E-30	1.1939259022452E-10	5.72399910395236E-02	1.01174665799634E-06	6.41542029227446E-11	3.35980016127846E-02	2.17471574165907E-07	9.27618058122288E-11	3.66202590128961E-02	1.20228215051875E-11	2.16997423200232E-10	36.7164616936296	1E10	1E-30	1E-10	1E10	1E-30	1E-10	1E10	1E-30	1E-10	1E10	1E-30	1E-10
9	4.83181347452379E-07	1E10	212765957.446808	1E-30	2.82456847894028E-10	1E10	1E-30	1E10	9.03985901957846E-03	5.3125066806982E-05	1E10	39.0006027926702	5.50793850888961E-05	1E10	9.68076752430061	4.86067314399916E-05	1E10	2.02956482818241	4.37974887369984E-05	1E10	0.429662730579647	6.62206851857523E-05	1E10	5.01034175457704E-02	3.53188050069271E-05	1E10	1.98490152597427E-02	1E-30	3.91204613090382E-11	0.161389016796825	1E-30	1.1939259022452E-10	5.72399910395236E-02	1.01174665799634E-06	6.41542029227446E-11	3.35980016127846E-02	2.17471574165907E-07	9.27618058122288E-11	3.66202590128961E-02	1.20228215051875E-11	2.16997423200232E-10	36.7164616936296	1E10	1E-30	1E-10	1E10	1E-30	1E-10	1E10	1E-30	1E-10	1E10	1E-30	1E-10
10	7.14716854015655E-07	1E10	147058823.529411	1E-30	2.49486832341013E-10	1E10	1E-30	1E10	8.96535851304482E-03	7.1930930799019E-05	1E10	26.9851542985843	6.69240239505271E-05	1E10	8.79443175805287	5.93464020672363E-05	1E10	1.72531134233044	5.77863371564218E-05	1E10	0.409587887762576	7.95693542971714E-05	1E10	4.81717656173643E-02	6.46646938592526E-05	1E10	0.010453777129287	1E-30	3.76502730449663E-11	0.190993730664346	1E-30	7.59739450380417E-11	2.53359832797551E-02	1E-30	1.09060550535707E-10	2.24732467107353E-02	1.52554230870616E-06	5.36196480632213E-11	1.85206481473186E-02	7.87787959763697E-07	3.1917400558014E-11	1.35990865870089E-02	9.32978692011539E-12	3.21093542757532E-10	61.3809554872615	1E10	1E-30	1E-10	1E10	1E-30	1E-10	1E10	1E-30	1E-10
11	1.01656355755002E-06	1E10	1E8	1E-30	2.86822225752678E-10	1E10	1E-30	1E10	7.03043868958485E-03	1.37291846273194E-04	1E10	15.6461489851019	1.14920310707683E-04	1E10	6.04391553724097	9.99239303981336E-05	1E10	1.20314026426046	1.07367764717144E-04	1E10	0.271398369656555	1.36649846003388E-04	1E10	4.09723531060009E-02	9.35387248693597E-05	1E10	1.29421677655981E-02	1E-30	2.86768835323229E-11	0.255590927807539	1E-30	3.47745317963668E-11	3.35302989743088E-02	1E-30	1.85954926180164E-10	3.34389454023504E-02	1.95169389072367E-06	8.29271524039087E-11	0.019263003018378	9.38748923647601E-07	5.31785717388459E-11	1.52361851403098E-02	1.40219829437724E-11	1.6937627331451E-10	29.8614413475493	1E10	1E-30	1E-10	1E10	1E-30	1E-10	1E10	1E-30	1E-10
END DSCRDATA
