BEGIN DSCRDATA
% INDEX	K01	L01	M01	K02	L02	M02	K03	L03	M03	K04	L04	M04	K05	L05	M05	K06	L06	M06	K07	L07	M07	K08	L08	M08	K09	L09	M09	K10	L10	M10	K11	L11	M11	K12	L12	M12	K13	L13	M13	K14	L14	M14	K15	L15	M15	K16	L16	M16	K17	L17	M17	K18	L18	M18
0	0	0	0	0	0	0	0	0	0	0	0	0	0	0	0	0	0	0	0	0	0	0	0	0	0	0	0	0	0	0	0	0	0	0	0	0	0	0	0	0	0	0	0	0	0	0	0	0	0	0	0	0	0	0
1	1.18951233550276E-09	1E10	1E11	1E-30	1.47257320175646E-11	1E10	1E-30	1E10	1.52703014597236E-02	1E-30	4.92518204880449E-11	2.13555755397878E-02	2.49455274730286E-09	2.43423980419558E-11	0.439496869928125	5.99224376011265E-10	2.88466494311852E-11	0.651944952561382	1.29167205087058E-12	5.36465613940007E-10	181.411916567363	1E10	1E-30	1E-10	1E10	1E-30	1E-10	1E10	1E-30	1E-10	1E10	1E-30	1E-10	1E10	1E-30	1E-10	1E10	1E-30	1E-10	1E10	1E-30	1E-10	1E10	1E-30	1E-10	1E10	1E-30	1E-10	1E10	1E-30	1E-10	1E10	1E-30	1E-10
2	1.22263508484336E-09	1E10	1E11	1E-30	1.04386337343177E-11	1E10	1E-30	1E10	4.5326038999115E-03	1E-30	1.34726315319228E-10	1.28282351408241	1E-30	5.54003593934782E-11	1.63897066877419E-02	2.34533222050817E-09	6.84378921243142E-11	2.22537594261581	1.33853343991407E-09	4.49276233721167E-11	1.58278660705095	3.62717564618656E-09	7.28396190139551E-12	0.399397422338845	2.53108277053695E-09	6.42899326918664E-12	0.388335860337633	1.36196983390529E-12	3.22673152149755E-10	215.703705606752	1E10	1E-30	1E-10	1E10	1E-30	1E-10	1E10	1E-30	1E-10	1E10	1E-30	1E-10	1E10	1E-30	1E-10	1E10	1E-30	1E-10	1E10	1E-30	1E-10	1E10	1E-30	1E-10
3	1.44713229537092E-09	1E10	1E11	1E-30	1.19531936524164E-11	1E10	1E-30	1E10	1.38540081699161E-02	1E-30	7.49348561263048E-11	1.19984092940671	1E-30	3.81502918142942E-11	1.73215541826377E-02	3.46314185548425E-09	2.57719733060941E-11	0.499347333375073	1.3855794785295E-09	1.8939759242627E-11	0.514339346654375	1.46863346801425E-12	4.61558018799273E-10	586.417404676227	1E10	1E-30	1E-10	1E10	1E-30	1E-10	1E10	1E-30	1E-10	1E10	1E-30	1E-10	1E10	1E-30	1E-10	1E10	1E-30	1E-10	1E10	1E-30	1E-10	1E10	1E-30	1E-10	1E10	1E-30	1E-10	1E10	1E-30	1E-10
4	1.49647814622432E-09	1E10	1E11	1E-30	1.89341536238756E-11	1E10	1E-30	1E10	4.57922459871559E-03	1E-30	1.48103401825497E-10	0.921277781225359	1E-30	6.03322460963645E-11	1.48488341995086E-02	2.44936678457889E-09	9.33096751997199E-11	2.26339897568611	1.95363521326118E-09	4.32106941170448E-11	1.59883119450839	5.25073066922354E-09	7.57963904106561E-12	0.404199186960071	2.49838053022544E-09	9.36117439036649E-12	0.394453380871839	1.40279570772393E-12	3.39207747649391E-10	301.111778367869	1E10	1E-30	1E-10	1E10	1E-30	1E-10	1E10	1E-30	1E-10	1E10	1E-30	1E-10	1E10	1E-30	1E-10	1E10	1E-30	1E-10	1E10	1E-30	1E-10	1E10	1E-30	1E-10
5	1.79982377580543E-09	1E10	1E11	1E-30	6.49688325738772E-12	1E10	1E-30	1E10	1.25175824440248E-02	1E-30	8.27212897293032E-11	0.895482476920338	1E-30	4.33890691443196E-11	1.97001405854502E-02	4.55212699757256E-09	2.87373547490037E-11	0.53543103799143	1.6738400356736E-09	2.37296834726446E-11	0.526311373622421	1.54898307178239E-12	4.17919898591991E-10	250.630216838961	1E10	1E-30	1E-10	1E10	1E-30	1E-10	1E10	1E-30	1E-10	1E10	1E-30	1E-10	1E10	1E-30	1E-10	1E10	1E-30	1E-10	1E10	1E-30	1E-10	1E10	1E-30	1E-10	1E10	1E-30	1E-10	1E10	1E-30	1E-10
6	1.78332696330601E-09	1E10	1E11	1E-30	3.06175035720031E-11	1E10	1E-30	1E10	4.71713103645617E-03	1E-30	1.31764304810294E-10	0.925140466226439	1E-30	5.89079513340911E-11	1.42409043704443E-02	3.29273785839904E-09	9.08149198865714E-11	2.08579295722383	2.54735156885764E-09	4.4979365923547E-11	1.47767779095763	4.38789832059895E-09	1.22788860359914E-11	0.400219235337007	3.03749874563531E-09	1.04408676763614E-11	0.393834434263822	1.61403034319539E-12	4.36753908807407E-10	346.359318795565	1E10	1E-30	1E-10	1E10	1E-30	1E-10	1E10	1E-30	1E-10	1E10	1E-30	1E-10	1E10	1E-30	1E-10	1E10	1E-30	1E-10	1E10	1E-30	1E-10	1E10	1E-30	1E-10
7	2.18187235293238E-09	1E10	1E11	1E-30	1.20929702271363E-11	1E10	1E-30	1E10	9.5382473317522E-03	1E-30	9.10590400640278E-11	0.580447389791614	1E-30	4.57048964576718E-11	1.16694858520618E-02	4.67340239338542E-09	3.99010916320283E-11	0.616685384341121	2.02248216730137E-09	2.9048331728934E-11	0.601101135314233	1.21000548454389E-12	4.24964236220263E-10	219.508490354962	1E10	1E-30	1E-10	1E10	1E-30	1E-10	1E10	1E-30	1E-10	1E10	1E-30	1E-10	1E10	1E-30	1E-10	1E10	1E-30	1E-10	1E10	1E-30	1E-10	1E10	1E-30	1E-10	1E10	1E-30	1E-10	1E10	1E-30	1E-10
8	2.13673385269779E-09	1E10	1E11	1E-30	5.11852902789978E-11	1E10	1E-30	1E10	4.64196681186982E-03	1E-30	1.82184993377451E-10	0.884957682534686	1E-30	4.6981994489671E-11	1.13578231038048E-02	4.12270345413344E-09	9.56163726437223E-11	2.50706764873781	3.14885445293049E-09	4.79677811159052E-11	1.68855824834193	7.29387520351388E-09	9.96453863687765E-12	0.577414711674952	5.67316391402729E-09	8.08029780340435E-12	0.477258666397823	1.81508966497978E-12	3.4613890189538E-10	299.01008462437	1E10	1E-30	1E-10	1E10	1E-30	1E-10	1E10	1E-30	1E-10	1E10	1E-30	1E-10	1E10	1E-30	1E-10	1E10	1E-30	1E-10	1E10	1E-30	1E-10	1E10	1E-30	1E-10
9	4.7E-9	1E10	1E11	1E-30	6.46704570313215E-10	1E10	1E-30	1E10	1.48424710291683E-03	6.22399927434565E-06	1E10	670.344364084965	1.76466706036811E-05	1E10	35.4733244597312	2.68249815943772E-05	1E10	7.24110738427831	2.94995422428392E-05	1E10	1.01069629943518	2.81939757005343E-05	1E10	0.101411763190674	1.79872195747516E-05	1E10	5.57259306328401E-03	1E-30	9.55850212654273E-11	1.46295654297381E-02	1.23396759166466E-08	5.5447905866126E-11	0.765952865319556	5.36087325431028E-09	4.66272361483735E-11	0.904596682809433	3.00153388202877E-09	2.46403457303505E-11	0.205621412829196	2.06880410434775E-11	8.00580563669716E-11	0.614024889102086	1E10	1E-30	1E-10	1E10	1E-30	1E-10	1E10	1E-30	1E-10	1E10	1E-30	1E-10
10	4.7E-9	1E10	1E11	1E-30	6.46704570313215E-10	1E10	1E-30	1E10	1.48424710291683E-03	6.22399927434565E-06	1E10	670.344364084965	1.76466706036811E-05	1E10	35.4733244597312	2.68249815943772E-05	1E10	7.24110738427831	2.94995422428392E-05	1E10	1.01069629943518	2.81939757005343E-05	1E10	0.101411763190674	1.79872195747516E-05	1E10	5.57259306328401E-03	1E-30	9.55850212654273E-11	1.46295654297381E-02	1.23396759166466E-08	5.5447905866126E-11	0.765952865319556	5.36087325431028E-09	4.66272361483735E-11	0.904596682809433	3.00153388202877E-09	2.46403457303505E-11	0.205621412829196	2.06880410434775E-11	8.00580563669716E-11	0.614024889102086	1E10	1E-30	1E-10	1E10	1E-30	1E-10	1E10	1E-30	1E-10	1E10	1E-30	1E-10
11	4.7E-9	1E10	1E11	1E-30	6.46704570313215E-10	1E10	1E-30	1E10	1.48424710291683E-03	6.22399927434565E-06	1E10	670.344364084965	1.76466706036811E-05	1E10	35.4733244597312	2.68249815943772E-05	1E10	7.24110738427831	2.94995422428392E-05	1E10	1.01069629943518	2.81939757005343E-05	1E10	0.101411763190674	1.79872195747516E-05	1E10	5.57259306328401E-03	1E-30	9.55850212654273E-11	1.46295654297381E-02	1.23396759166466E-08	5.5447905866126E-11	0.765952865319556	5.36087325431028E-09	4.66272361483735E-11	0.904596682809433	3.00153388202877E-09	2.46403457303505E-11	0.205621412829196	2.06880410434775E-11	8.00580563669716E-11	0.614024889102086	1E10	1E-30	1E-10	1E10	1E-30	1E-10	1E10	1E-30	1E-10	1E10	1E-30	1E-10
12	5.6E-9	1E10	1E11	1E-30	5.68409998215699E-10	1E10	1E-30	1E10	3.14401832965472E-03	9.36375905052543E-06	1E10	445.571357946507	1.80952382085313E-05	1E10	40.9623906903252	3.71178456915527E-05	1E10	6.04214521011677	3.44663183390218E-05	1E10	1.07541420440129	3.74500140547064E-05	1E10	9.61654371151026E-02	6.30913816170193E-05	1E10	5.73256247294257E-03	1E-30	3.03625868299839E-11	1.87692225357718	1E-30	4.82380464027367E-11	2.92035306546134E-03	1E-30	4.3118305155581E-11	2.78352113388906E-03	1.39124784083947E-08	6.9591921282767E-11	0.993104467090506	7.68227479465446E-09	4.8210022700129E-11	0.956923729685317	1.06631355911205E-08	1.01729712560667E-11	0.216955123881235	3.37611344517418E-11	1.24078341141472E-10	0.3866052192255	1E10	1E-30	1E-10	1E10	1E-30	1E-10
13	5.6E-9	1E10	1E11	1E-30	5.68409998215699E-10	1E10	1E-30	1E10	3.14401832965472E-03	9.36375905052543E-06	1E10	445.571357946507	1.80952382085313E-05	1E10	40.9623906903252	3.71178456915527E-05	1E10	6.04214521011677	3.44663183390218E-05	1E10	1.07541420440129	3.74500140547064E-05	1E10	9.61654371151026E-02	6.30913816170193E-05	1E10	5.73256247294257E-03	1E-30	3.03625868299839E-11	1.87692225357718	1E-30	4.82380464027367E-11	2.92035306546134E-03	1E-30	4.3118305155581E-11	2.78352113388906E-03	1.39124784083947E-08	6.9591921282767E-11	0.993104467090506	7.68227479465446E-09	4.8210022700129E-11	0.956923729685317	1.06631355911205E-08	1.01729712560667E-11	0.216955123881235	3.37611344517418E-11	1.24078341141472E-10	0.3866052192255	1E10	1E-30	1E-10	1E10	1E-30	1E-10
14	5.6E-9	1E10	1E11	1E-30	5.68409998215699E-10	1E10	1E-30	1E10	3.14401832965472E-03	9.36375905052543E-06	1E10	445.571357946507	1.80952382085313E-05	1E10	40.9623906903252	3.71178456915527E-05	1E10	6.04214521011677	3.44663183390218E-05	1E10	1.07541420440129	3.74500140547064E-05	1E10	9.61654371151026E-02	6.30913816170193E-05	1E10	5.73256247294257E-03	1E-30	3.03625868299839E-11	1.87692225357718	1E-30	4.82380464027367E-11	2.92035306546134E-03	1E-30	4.3118305155581E-11	2.78352113388906E-03	1.39124784083947E-08	6.9591921282767E-11	0.993104467090506	7.68227479465446E-09	4.8210022700129E-11	0.956923729685317	1.06631355911205E-08	1.01729712560667E-11	0.216955123881235	3.37611344517418E-11	1.24078341141472E-10	0.3866052192255	1E10	1E-30	1E-10	1E10	1E-30	1E-10
15	5.63106924712045E-09	1E10	1E11	1E-30	2.52152534756534E-11	1E10	1E-30	1E10	5.31897894418496E-03	1E-30	1.10576015331962E-10	0.461365282370339	1E-30	3.63339654251699E-11	8.97042155545428E-03	1.05814946295521E-08	7.58043690374264E-11	0.851287439860579	6.26848667103906E-09	4.61867041629466E-11	0.715415973196406	1.9466004052378E-08	6.79295780693774E-12	0.176321867478902	1.31802372980767E-08	6.06107592674907E-12	0.197127410098228	1.34595882558529E-12	3.94192440712635E-10	361.878278008818	1E10	1E-30	1E-10	1E10	1E-30	1E-10	1E10	1E-30	1E-10	1E10	1E-30	1E-10	1E10	1E-30	1E-10	1E10	1E-30	1E-10	1E10	1E-30	1E-10	1E10	1E-30	1E-10
16	6.8E-9	1E10	1E11	1E-30	4.94570124942211E-10	1E10	1E-30	1E10	4.01307431977236E-03	1.43130187965565E-05	1E10	199.740672315837	2.4354444929488E-05	1E10	28.3926140223803	4.81406506324396E-05	1E10	4.02861332798812	4.62630828148863E-05	1E10	0.856342263728168	6.19280753382173E-05	1E10	8.64346680021545E-02	7.40620147497934E-05	1E10	1.76656874490034E-02	1E-30	6.52427250348951E-11	1.06448550256513	1E-30	5.15903130438938E-11	3.79557142234045E-03	1.50373951146593E-08	8.5677189814416E-11	1.16011748290943	9.70402868138723E-09	5.24205378074252E-11	1.06130201159384	7.3107830448707E-10	1.18522709086584E-10	0.303026410486698	1E10	1E-30	1E-10	1E10	1E-30	1E-10	1E10	1E-30	1E-10	1E10	1E-30	1E-10
17	6.8E-9	1E10	1E11	1E-30	4.94570124942211E-10	1E10	1E-30	1E10	4.01307431977236E-03	1.43130187965565E-05	1E10	199.740672315837	2.4354444929488E-05	1E10	28.3926140223803	4.81406506324396E-05	1E10	4.02861332798812	4.62630828148863E-05	1E10	0.856342263728168	6.19280753382173E-05	1E10	8.64346680021545E-02	7.40620147497934E-05	1E10	1.76656874490034E-02	1E-30	6.52427250348951E-11	1.06448550256513	1E-30	5.15903130438938E-11	3.79557142234045E-03	1.50373951146593E-08	8.5677189814416E-11	1.16011748290943	9.70402868138723E-09	5.24205378074252E-11	1.06130201159384	7.3107830448707E-10	1.18522709086584E-10	0.303026410486698	1E10	1E-30	1E-10	1E10	1E-30	1E-10	1E10	1E-30	1E-10	1E10	1E-30	1E-10
18	6.8E-9	1E10	1E11	1E-30	4.94570124942211E-10	1E10	1E-30	1E10	4.01307431977236E-03	1.43130187965565E-05	1E10	199.740672315837	2.4354444929488E-05	1E10	28.3926140223803	4.81406506324396E-05	1E10	4.02861332798812	4.62630828148863E-05	1E10	0.856342263728168	6.19280753382173E-05	1E10	8.64346680021545E-02	7.40620147497934E-05	1E10	1.76656874490034E-02	1E-30	6.52427250348951E-11	1.06448550256513	1E-30	5.15903130438938E-11	3.79557142234045E-03	1.50373951146593E-08	8.5677189814416E-11	1.16011748290943	9.70402868138723E-09	5.24205378074252E-11	1.06130201159384	7.3107830448707E-10	1.18522709086584E-10	0.303026410486698	1E10	1E-30	1E-10	1E10	1E-30	1E-10	1E10	1E-30	1E-10	1E10	1E-30	1E-10
19	6.77240571893719E-09	1E10	1E11	1E-30	9.90938746461317E-12	1E10	1E-30	1E10	4.50860671384428E-03	1E-30	1.45971678871817E-10	0.421364263113298	1E-30	2.28225593690267E-11	2.7389791591603E-03	1.04950720770887E-08	1.01565164276386E-10	0.828710445063078	9.05651275618699E-09	4.47649569036403E-11	0.727399959875971	1.98987896399762E-08	9.54425434065679E-12	0.188148997406957	1.06548002912783E-08	1.08187994759809E-11	0.179870929311942	1.32600067575873E-12	3.49056927908478E-10	286.087672761047	1E10	1E-30	1E-10	1E10	1E-30	1E-10	1E10	1E-30	1E-10	1E10	1E-30	1E-10	1E10	1E-30	1E-10	1E10	1E-30	1E-10	1E10	1E-30	1E-10	1E10	1E-30	1E-10
20	7.0141E-9	1E10	1E10	1E-30	2.29371E-10	1E10	1E-30	1E10	0.079172106	6.37503E-7	1E10	2745.718255	7.97546E-7	1E10	417.4250502	7.01872E-7	1E10	85.22120289	6.92169E-7	1E10	14.66320279	5.06512E-7	1E10	3.060467282	3.00396E-7	1E10	0.511972738	1.99986E-7	1E10	0.10924907	1E-30	3.53096E-11	0.423131814	1E-30	4.65614E-11	0.359322279	3.69084E-8	1.01226E-11	0.076908166	1.2979E-8	8.12541E-12	0.077440737	7.08243E-12	3.7473E-10	22.63838711	1E10	1E-30	1E-10	1E10	1E-30	1E-10	1E10	1E-30	1E-10
21	7.01410128221248E-09	1E10	1E10	1E-30	2.29371270558984E-10	1E10	1E-30	1E10	7.91721063412101E-02	6.37503361732447E-07	1E10	2745.71825538105	7.97546408746167E-07	1E10	417.425050209049	7.01872168951768E-07	1E10	85.2212028864448	6.92169334022943E-07	1E10	14.66320279016	5.0651212036434E-07	1E10	3.06046728155621	3.00395894599398E-07	1E10	0.511972738086901	1.99985578838763E-07	1E10	0.109249069666549	1E-30	3.53096421196244E-11	0.423131813707937	1E-30	4.65613813831411E-11	0.359322279303579	3.69084307786018E-08	1.01225542965714E-11	7.69081655587081E-02	1.2979036992591E-08	8.12540796790102E-12	0.077440736672459	7.08242635859708E-12	3.74730223403978E-10	22.6383871107017	1E10	1E-30	1E-10	1E10	1E-30	1E-10	1E10	1E-30	1E-10
22	8.2E-9	1E10	1E11	1E-30	4.41228544342588E-10	1E10	1E-30	1E10	2.35541554922336E-03	8.08817568255649E-06	1E10	847.669667775342	3.05660652736346E-05	1E10	26.0577425412664	4.36223845391056E-05	1E10	4.13646247407364	6.36936370245412E-05	1E10	0.58889537994496	4.83169254393842E-05	1E10	7.97299032465073E-02	3.7610039895686E-05	1E10	3.01759550631909E-03	1E-30	6.1246369797071E-11	4.21141266465444E-03	1.58755876674294E-08	1.02445276326977E-10	1.27829062859803	1.11759222851718E-08	5.87564486828726E-11	0.990159873715724	2.16873117071971E-08	1.48716587661109E-11	0.323747776107304	4.21283797168329E-11	1.71422422354903E-10	0.416100123706876	1E10	1E-30	1E-10	1E10	1E-30	1E-10	1E10	1E-30	1E-10	1E10	1E-30	1E-10
23	8.2E-9	1E10	1E11	1E-30	4.41228544342588E-10	1E10	1E-30	1E10	2.35541554922336E-03	8.08817568255649E-06	1E10	847.669667775342	3.05660652736346E-05	1E10	26.0577425412664	4.36223845391056E-05	1E10	4.13646247407364	6.36936370245412E-05	1E10	0.58889537994496	4.83169254393842E-05	1E10	7.97299032465073E-02	3.7610039895686E-05	1E10	3.01759550631909E-03	1E-30	6.1246369797071E-11	4.21141266465444E-03	1.58755876674294E-08	1.02445276326977E-10	1.27829062859803	1.11759222851718E-08	5.87564486828726E-11	0.990159873715724	2.16873117071971E-08	1.48716587661109E-11	0.323747776107304	4.21283797168329E-11	1.71422422354903E-10	0.416100123706876	1E10	1E-30	1E-10	1E10	1E-30	1E-10	1E10	1E-30	1E-10	1E10	1E-30	1E-10
24	8.2E-9	1E10	1E11	1E-30	4.41228544342588E-10	1E10	1E-30	1E10	2.35541554922336E-03	8.08817568255649E-06	1E10	847.669667775342	3.05660652736346E-05	1E10	26.0577425412664	4.36223845391056E-05	1E10	4.13646247407364	6.36936370245412E-05	1E10	0.58889537994496	4.83169254393842E-05	1E10	7.97299032465073E-02	3.7610039895686E-05	1E10	3.01759550631909E-03	1E-30	6.1246369797071E-11	4.21141266465444E-03	1.58755876674294E-08	1.02445276326977E-10	1.27829062859803	1.11759222851718E-08	5.87564486828726E-11	0.990159873715724	2.16873117071971E-08	1.48716587661109E-11	0.323747776107304	4.21283797168329E-11	1.71422422354903E-10	0.416100123706876	1E10	1E-30	1E-10	1E10	1E-30	1E-10	1E10	1E-30	1E-10	1E10	1E-30	1E-10
25	8.25241431284924E-09	1E10	1E11	1E-30	9.13654929785238E-12	1E10	1E-30	1E10	4.25265242334485E-03	1E-30	1.19044993879653E-10	0.380477643315154	1E-30	4.65220606303627E-11	4.98724034410175E-03	1.64137608930699E-08	8.87125813349681E-11	0.826122687004534	1.42743492273654E-08	3.88244693937135E-11	0.645165055908905	2.35715874616367E-08	1.10472100318063E-11	0.194729201030005	9.93293520470652E-09	1.57483870406053E-11	0.203348448866812	1.56388505962788E-12	4.59924723772894E-10	267.701471451656	1E10	1E-30	1E-10	1E10	1E-30	1E-10	1E10	1E-30	1E-10	1E10	1E-30	1E-10	1E10	1E-30	1E-10	1E10	1E-30	1E-10	1E10	1E-30	1E-10	1E10	1E-30	1E-10
26	1E-8	1E10	1E11	1E-30	6.26330563880538E-10	1E10	1E-30	1E10	2.97072226726754E-03	8.7640192031317E-06	1E10	782.301023632094	3.67547855439323E-05	1E10	26.1595876430273	4.93664155262512E-05	1E10	3.79847461475392	8.91516397986785E-05	1E10	0.609204642356682	6.18510434116322E-05	1E10	0.116058244735388	8.77660223828959E-05	1E10	7.61551918781576E-03	1E-30	5.69008456426211E-11	2.1435607908357E-03	6.24720962400302E-08	3.15355984636521E-11	0.120975526390892	7.62316907068492E-09	1.00262268650424E-10	0.255829733782607	2.65272065354621E-08	9.87571627906878E-12	0.528472368140647	2.76618613993618E-11	1.50564732379937E-10	0.374835400040021	1E10	1E-30	1E-10	1E10	1E-30	1E-10	1E10	1E-30	1E-10	1E10	1E-30	1E-10
27	1E-8	1E10	1E11	1E-30	6.26330563880538E-10	1E10	1E-30	1E10	2.97072226726754E-03	8.7640192031317E-06	1E10	782.301023632094	3.67547855439323E-05	1E10	26.1595876430273	4.93664155262512E-05	1E10	3.79847461475392	8.91516397986785E-05	1E10	0.609204642356682	6.18510434116322E-05	1E10	0.116058244735388	8.77660223828959E-05	1E10	7.61551918781576E-03	1E-30	5.69008456426211E-11	2.1435607908357E-03	6.24720962400302E-08	3.15355984636521E-11	0.120975526390892	7.62316907068492E-09	1.00262268650424E-10	0.255829733782607	2.65272065354621E-08	9.87571627906878E-12	0.528472368140647	2.76618613993618E-11	1.50564732379937E-10	0.374835400040021	1E10	1E-30	1E-10	1E10	1E-30	1E-10	1E10	1E-30	1E-10	1E10	1E-30	1E-10
28	1E-8	1E10	1E11	1E-30	6.26330563880538E-10	1E10	1E-30	1E10	2.97072226726754E-03	8.7640192031317E-06	1E10	782.301023632094	3.67547855439323E-05	1E10	26.1595876430273	4.93664155262512E-05	1E10	3.79847461475392	8.91516397986785E-05	1E10	0.609204642356682	6.18510434116322E-05	1E10	0.116058244735388	8.77660223828959E-05	1E10	7.61551918781576E-03	1E-30	5.69008456426211E-11	2.1435607908357E-03	6.24720962400302E-08	3.15355984636521E-11	0.120975526390892	7.62316907068492E-09	1.00262268650424E-10	0.255829733782607	2.65272065354621E-08	9.87571627906878E-12	0.528472368140647	2.76618613993618E-11	1.50564732379937E-10	0.374835400040021	1E10	1E-30	1E-10	1E10	1E-30	1E-10	1E10	1E-30	1E-10	1E10	1E-30	1E-10
29	9.94307128357755E-09	1E10	1E11	1E-30	1.14801024797152E-11	1E10	1E-30	1E10	4.07294368259749E-03	1E-30	2.04601924020921E-10	0.359358332425326	1E-30	2.25728605000966E-11	1.87839945194845E-03	1.41579951575957E-08	1.4196835806287E-10	1.06922053487531	1.44574534148078E-08	5.29139332549047E-11	0.731366986779428	4.59499599018179E-08	8.19136552404509E-12	0.257962866806633	2.17223479050454E-08	1.08995085671967E-11	0.22825048097177	1.61365270384218E-12	3.30431557060528E-10	580.825291447284	1E10	1E-30	1E-10	1E10	1E-30	1E-10	1E10	1E-30	1E-10	1E10	1E-30	1E-10	1E10	1E-30	1E-10	1E10	1E-30	1E-10	1E10	1E-30	1E-10	1E10	1E-30	1E-10
30	1.01281E-8	1E10	1E10	1E-30	3.39151E-10	1E10	1E-30	1E10	0.058995804	1.11052E-6	1E10	1705.497276	1.3375E-6	1E10	274.2316673	1.16421E-6	1E10	58.45148374	1.08759E-6	1E10	11.02279162	8.23043E-7	1E10	2.218686629	5.70289E-7	1E10	0.444379603	3.34579E-7	1E10	0.097979874	1E-30	9.22817E-11	0.337003243	1E-30	3.0692E-11	0.249758199	2.90401E-8	2.522E-11	0.101289916	9.07969E-9	2.62525E-11	0.130793146	1.30663E-11	1.6835E-10	7.988730766	1E10	1E-30	1E-10	1E10	1E-30	1E-10	1E10	1E-30	1E-10
31	1.01280968792961E-08	1E10	1E10	1E-30	3.39150777903044E-10	1E10	1E-30	1E10	5.89958041080932E-02	1.11051950458965E-06	1E10	1705.49727556317	1.33750435560406E-06	1E10	274.231667322192	1.16421176779127E-06	1E10	58.4514837364817	1.08758570228277E-06	1E10	11.0227916167757	8.2304320410217E-07	1E10	2.21868662891022	5.70289085783396E-07	1E10	0.444379602598797	3.3457944899272E-07	1E10	9.79798738877256E-02	1E-30	9.22817484285864E-11	0.337003243366968	1E-30	3.06919692662764E-11	0.249758198506114	2.90401110357037E-08	2.52199706654826E-11	0.101289915939025	9.07969351252234E-09	2.62524643868679E-11	0.130793146143139	1.306634981459E-11	1.6835037878068E-10	7.98873076565845	1E10	1E-30	1E-10	1E10	1E-30	1E-10	1E10	1E-30	1E-10
32	1.2E-8	1E10	83333333333.3333	1E-30	6.15033461204578E-10	1E10	1E-30	1E10	2.00851573790187E-03	1.3346587735873E-05	1E10	513.696933585008	4.67220939737456E-05	1E10	19.1148390839262	6.11288708875083E-05	1E10	2.8068319772761	1.07960768850628E-04	1E10	0.458508990867474	7.43172857662036E-05	1E10	8.05490000042844E-02	6.98734494135693E-05	1E10	4.4955355154914E-03	1E-30	4.25908884290372E-11	0.886910987481512	1E-30	1.42868959500244E-11	0.381614686701592	1E-30	1.22813371603104E-10	6.11114025674973E-03	3.35611611208804E-08	5.69273274354447E-11	0.500607251823852	1.66910459575358E-08	4.27839227453696E-11	0.540515531853572	9.94448430569035E-10	9.77584836316562E-11	0.182700148992381	1E10	1E-30	1E-10	1E10	1E-30	1E-10	1E10	1E-30	1E-10
33	1.2E-8	1E10	83333333333.3333	1E-30	6.15033461204578E-10	1E10	1E-30	1E10	2.00851573790187E-03	1.3346587735873E-05	1E10	513.696933585008	4.67220939737456E-05	1E10	19.1148390839262	6.11288708875083E-05	1E10	2.8068319772761	1.07960768850628E-04	1E10	0.458508990867474	7.43172857662036E-05	1E10	8.05490000042844E-02	6.98734494135693E-05	1E10	4.4955355154914E-03	1E-30	4.25908884290372E-11	0.886910987481512	1E-30	1.42868959500244E-11	0.381614686701592	1E-30	1.22813371603104E-10	6.11114025674973E-03	3.35611611208804E-08	5.69273274354447E-11	0.500607251823852	1.66910459575358E-08	4.27839227453696E-11	0.540515531853572	9.94448430569035E-10	9.77584836316562E-11	0.182700148992381	1E10	1E-30	1E-10	1E10	1E-30	1E-10	1E10	1E-30	1E-10
34	1.2E-8	1E10	83333333333.3333	1E-30	6.15033461204578E-10	1E10	1E-30	1E10	2.00851573790187E-03	1.3346587735873E-05	1E10	513.696933585008	4.67220939737456E-05	1E10	19.1148390839262	6.11288708875083E-05	1E10	2.8068319772761	1.07960768850628E-04	1E10	0.458508990867474	7.43172857662036E-05	1E10	8.05490000042844E-02	6.98734494135693E-05	1E10	4.4955355154914E-03	1E-30	4.25908884290372E-11	0.886910987481512	1E-30	1.42868959500244E-11	0.381614686701592	1E-30	1.22813371603104E-10	6.11114025674973E-03	3.35611611208804E-08	5.69273274354447E-11	0.500607251823852	1.66910459575358E-08	4.27839227453696E-11	0.540515531853572	9.94448430569035E-10	9.77584836316562E-11	0.182700148992381	1E10	1E-30	1E-10	1E10	1E-30	1E-10	1E10	1E-30	1E-10
35	1.2E-8	1E10	83333333333.3333	1E-30	5.56633306276065E-10	1E10	1E-30	1E10	2.2439398940434E-03	1.4020679574022E-05	1E10	488.999207031623	5.24390928351797E-05	1E10	16.2358638756607	7.30519132507793E-05	1E10	2.25604138219932	1.20489698735494E-04	1E10	0.496558086196717	8.95866751763996E-05	1E10	9.47987917012553E-02	9.66490226907165E-05	1E10	8.08562839126251E-03	1E-30	3.05848336706505E-10	0.401436546937264	1E-30	1.74613596669258E-11	6.40758660144379E-04	1E10	1E-30	1E-10	1E10	1E-30	1E-10	1E10	1E-30	1E-10	1E10	1E-30	1E-10	1E10	1E-30	1E-10	1E10	1E-30	1E-10	1E10	1E-30	1E-10
36	1.2E-8	1E10	83333333333.3333	1E-30	5.56633306276065E-10	1E10	1E-30	1E10	2.2439398940434E-03	1.4020679574022E-05	1E10	488.999207031623	5.24390928351797E-05	1E10	16.2358638756607	7.30519132507793E-05	1E10	2.25604138219932	1.20489698735494E-04	1E10	0.496558086196717	8.95866751763996E-05	1E10	9.47987917012553E-02	9.66490226907165E-05	1E10	8.08562839126251E-03	1E-30	3.05848336706505E-10	0.401436546937264	1E-30	1.74613596669258E-11	6.40758660144379E-04	1E10	1E-30	1E-10	1E10	1E-30	1E-10	1E10	1E-30	1E-10	1E10	1E-30	1E-10	1E10	1E-30	1E-10	1E10	1E-30	1E-10	1E10	1E-30	1E-10
37	1.2E-8	1E10	83333333333.3333	1E-30	5.56633306276065E-10	1E10	1E-30	1E10	2.2439398940434E-03	1.4020679574022E-05	1E10	488.999207031623	5.24390928351797E-05	1E10	16.2358638756607	7.30519132507793E-05	1E10	2.25604138219932	1.20489698735494E-04	1E10	0.496558086196717	8.95866751763996E-05	1E10	9.47987917012553E-02	9.66490226907165E-05	1E10	8.08562839126251E-03	1E-30	3.05848336706505E-10	0.401436546937264	1E-30	1.74613596669258E-11	6.40758660144379E-04	1E10	1E-30	1E-10	1E10	1E-30	1E-10	1E10	1E-30	1E-10	1E10	1E-30	1E-10	1E10	1E-30	1E-10	1E10	1E-30	1E-10	1E10	1E-30	1E-10
38	1.5E-8	1E10	66666666666.6666	1E-30	5.29381830243612E-10	1E10	1E-30	1E10	1.68937613757891E-03	1.4037709232113E-05	1E10	488.40598422263	6.07399882883139E-05	1E10	17.9153319589845	7.81426033800079E-05	1E10	2.24074383543443	1.55684569663486E-04	1E10	0.476369210217577	1.00180906080268E-04	1E10	9.73628177027999E-02	9.65094015766646E-05	1E10	7.00441811919514E-03	1E-30	1.88788621066186E-11	1.12028578483231	1E-30	2.34348776770164E-11	0.879811821236186	1E-30	1.20278006471702E-10	5.29398164393031E-03	3.74529205194338E-08	7.08660273428097E-11	0.56993158950589	2.04602212495036E-08	5.0274827974187E-11	0.571699716962819	1.6313508628103E-08	1.95446777976545E-11	9.86540748746693E-02	7.89312240212767E-11	1.13779316323653E-10	0.206565991631011	1E10	1E-30	1E-10	1E10	1E-30	1E-10
39	1.5E-8	1E10	66666666666.6666	1E-30	5.29381830243612E-10	1E10	1E-30	1E10	1.68937613757891E-03	1.4037709232113E-05	1E10	488.40598422263	6.07399882883139E-05	1E10	17.9153319589845	7.81426033800079E-05	1E10	2.24074383543443	1.55684569663486E-04	1E10	0.476369210217577	1.00180906080268E-04	1E10	9.73628177027999E-02	9.65094015766646E-05	1E10	7.00441811919514E-03	1E-30	1.88788621066186E-11	1.12028578483231	1E-30	2.34348776770164E-11	0.879811821236186	1E-30	1.20278006471702E-10	5.29398164393031E-03	3.74529205194338E-08	7.08660273428097E-11	0.56993158950589	2.04602212495036E-08	5.0274827974187E-11	0.571699716962819	1.6313508628103E-08	1.95446777976545E-11	9.86540748746693E-02	7.89312240212767E-11	1.13779316323653E-10	0.206565991631011	1E10	1E-30	1E-10	1E10	1E-30	1E-10
40	1.5E-8	1E10	66666666666.6666	1E-30	5.29381830243612E-10	1E10	1E-30	1E10	1.68937613757891E-03	1.4037709232113E-05	1E10	488.40598422263	6.07399882883139E-05	1E10	17.9153319589845	7.81426033800079E-05	1E10	2.24074383543443	1.55684569663486E-04	1E10	0.476369210217577	1.00180906080268E-04	1E10	9.73628177027999E-02	9.65094015766646E-05	1E10	7.00441811919514E-03	1E-30	1.88788621066186E-11	1.12028578483231	1E-30	2.34348776770164E-11	0.879811821236186	1E-30	1.20278006471702E-10	5.29398164393031E-03	3.74529205194338E-08	7.08660273428097E-11	0.56993158950589	2.04602212495036E-08	5.0274827974187E-11	0.571699716962819	1.6313508628103E-08	1.95446777976545E-11	9.86540748746693E-02	7.89312240212767E-11	1.13779316323653E-10	0.206565991631011	1E10	1E-30	1E-10	1E10	1E-30	1E-10
41	1.5E-8	1E10	66666666666.6666	1E-30	4.57189191483088E-10	1E10	1E-30	1E10	3.07971983227282E-03	1.30393364636561E-05	1E10	525.801386661884	5.7808490426324E-05	1E10	20.4827571579094	7.73019643097588E-05	1E10	2.47781206702081	1.46494452039617E-04	1E10	0.652139301739889	9.82420211990645E-05	1E10	0.131763069365853	1.26667780031642E-04	1E10	0.010962281419566	1E-30	2.62331878390083E-11	0.44939928183387	1E-30	2.28631742939036E-11	0.403415182005194	1E-30	4.5536474190252E-11	6.49503329467849E-04	3.53089444497529E-08	9.82768587841742E-11	10016.6534159991	1.32790141647606E-07	2.48396614200557E-11	6.49340595856505E-02	1.12472896217693E-08	1.1445603277659E-10	0.24552201677997	5.79295252772782E-10	1.8690259725314E-10	0.281830386343861	1E10	1E-30	1E-10	1E10	1E-30	1E-10
42	1.5E-8	1E10	66666666666.6666	1E-30	4.57189191483088E-10	1E10	1E-30	1E10	3.07971983227282E-03	1.30393364636561E-05	1E10	525.801386661884	5.7808490426324E-05	1E10	20.4827571579094	7.73019643097588E-05	1E10	2.47781206702081	1.46494452039617E-04	1E10	0.652139301739889	9.82420211990645E-05	1E10	0.131763069365853	1.26667780031642E-04	1E10	0.010962281419566	1E-30	2.62331878390083E-11	0.44939928183387	1E-30	2.28631742939036E-11	0.403415182005194	1E-30	4.5536474190252E-11	6.49503329467849E-04	3.53089444497529E-08	9.82768587841742E-11	10016.6534159991	1.32790141647606E-07	2.48396614200557E-11	6.49340595856505E-02	1.12472896217693E-08	1.1445603277659E-10	0.24552201677997	5.79295252772782E-10	1.8690259725314E-10	0.281830386343861	1E10	1E-30	1E-10	1E10	1E-30	1E-10
43	1.5E-8	1E10	66666666666.6666	1E-30	4.57189191483088E-10	1E10	1E-30	1E10	3.07971983227282E-03	1.30393364636561E-05	1E10	525.801386661884	5.7808490426324E-05	1E10	20.4827571579094	7.73019643097588E-05	1E10	2.47781206702081	1.46494452039617E-04	1E10	0.652139301739889	9.82420211990645E-05	1E10	0.131763069365853	1.26667780031642E-04	1E10	0.010962281419566	1E-30	2.62331878390083E-11	0.44939928183387	1E-30	2.28631742939036E-11	0.403415182005194	1E-30	4.5536474190252E-11	6.49503329467849E-04	3.53089444497529E-08	9.82768587841742E-11	10016.6534159991	1.32790141647606E-07	2.48396614200557E-11	6.49340595856505E-02	1.12472896217693E-08	1.1445603277659E-10	0.24552201677997	5.79295252772782E-10	1.8690259725314E-10	0.281830386343861	1E10	1E-30	1E-10	1E10	1E-30	1E-10
44	1.48808E-8	1E10	6666666667	1E-30	3.00203E-10	1E10	1E-30	1E10	0.048476893	1.52838E-6	1E10	1250.341103	1.85343E-6	1E10	217.8055228	1.58435E-6	1E10	47.91752228	1.52102E-6	1E10	8.991131306	1.15328E-6	1E10	1.90950346	1.21151E-6	1E10	0.300767774	6.57685E-7	1E10	0.061198043	1E-30	4.63549E-11	0.326981465	1E-30	7.19426E-11	0.179976336	5.34732E-8	3.0037E-11	0.114349349	1.18888E-8	4.05574E-11	0.132729193	8.46081E-12	2.97059E-10	18.62056686	1E10	1E-30	1E-10	1E10	1E-30	1E-10	1E10	1E-30	1E-10
45	1.48807879042764E-08	1E10	6666666666.66666	1E-30	3.00202861193339E-10	1E10	1E-30	1E10	4.84768932302566E-02	1.52837892634842E-06	1E10	1250.34110251325	1.8534253355333E-06	1E10	217.805522807766	1.58434776335237E-06	1E10	47.9175222752918	1.52101988044793E-06	1E10	8.99113130616545	1.15328412352133E-06	1E10	1.90950346049733	1.21151242319088E-06	1E10	0.300767773565065	6.57685117151636E-07	1E10	6.11980425576029E-02	1E-30	4.63549472524499E-11	0.326981465002189	1E-30	7.19426358293768E-11	0.179976336460322	5.34732255897754E-08	3.00369540286775E-11	0.114349349227582	1.18887969952438E-08	4.05574214731738E-11	0.132729192898563	8.46081250574179E-12	2.97059477436836E-10	18.6205668620125	1E10	1E-30	1E-10	1E10	1E-30	1E-10	1E10	1E-30	1E-10
46	1.52261673826519E-08	1E10	6666666666.66666	1E-30	2.94283535633862E-10	1E10	1E-30	1E10	4.84768932302566E-02	1.59372533733456E-06	1E10	1225.38528332793	1.89706635361626E-06	1E10	210.954142821854	1.61655933444855E-06	1E10	46.7057012177544	1.56644674996597E-06	1E10	8.77361281568788	1.13923199645293E-06	1E10	1.89795008698846	7.69123376524219E-07	1E10	0.295740409759106	4.33129822274075E-07	1E10	6.09677991894334E-02	1E-30	4.78809495512681E-11	0.347238725933802	1E-30	7.16860271672744E-11	0.179545207324172	5.43877215334348E-08	2.95132284300603E-11	0.113208973455141	1.19370810023496E-08	4.03915256755016E-11	0.13205281468596	8.43727192073325E-12	2.98095125784822E-10	18.948683846908	1E10	1E-30	1E-10	1E10	1E-30	1E-10	1E10	1E-30	1E-10
47	1.8E-8	1E10	55555555555.5555	1E-30	6.02047343688221E-10	1E10	1E-30	1E10	2.06755941092255E-03	1.93551120941221E-05	1E10	354.226891603659	7.99937520165128E-05	1E10	13.9277111636733	8.63115328571772E-05	1E10	1.98205161824121	1.85013827621719E-04	1E10	0.362193737501994	1.32085903479603E-04	1E10	7.72563814818435E-02	1.05768751180045E-04	1E10	6.90628163215155E-03	1E-30	2.04339957085514E-10	0.252456440394549	1E10	1E-30	1E-10	1E10	1E-30	1E-10	1E10	1E-30	1E-10	1E10	1E-30	1E-10	1E10	1E-30	1E-10	1E10	1E-30	1E-10	1E10	1E-30	1E-10	1E10	1E-30	1E-10
48	1.8E-8	1E10	55555555555.5555	1E-30	6.02047343688221E-10	1E10	1E-30	1E10	2.06755941092255E-03	1.93551120941221E-05	1E10	354.226891603659	7.99937520165128E-05	1E10	13.9277111636733	8.63115328571772E-05	1E10	1.98205161824121	1.85013827621719E-04	1E10	0.362193737501994	1.32085903479603E-04	1E10	7.72563814818435E-02	1.05768751180045E-04	1E10	6.90628163215155E-03	1E-30	2.04339957085514E-10	0.252456440394549	1E10	1E-30	1E-10	1E10	1E-30	1E-10	1E10	1E-30	1E-10	1E10	1E-30	1E-10	1E10	1E-30	1E-10	1E10	1E-30	1E-10	1E10	1E-30	1E-10	1E10	1E-30	1E-10
49	1.8E-8	1E10	55555555555.5555	1E-30	6.02047343688221E-10	1E10	1E-30	1E10	2.06755941092255E-03	1.93551120941221E-05	1E10	354.226891603659	7.99937520165128E-05	1E10	13.9277111636733	8.63115328571772E-05	1E10	1.98205161824121	1.85013827621719E-04	1E10	0.362193737501994	1.32085903479603E-04	1E10	7.72563814818435E-02	1.05768751180045E-04	1E10	6.90628163215155E-03	1E-30	2.04339957085514E-10	0.252456440394549	1E10	1E-30	1E-10	1E10	1E-30	1E-10	1E10	1E-30	1E-10	1E10	1E-30	1E-10	1E10	1E-30	1E-10	1E10	1E-30	1E-10	1E10	1E-30	1E-10	1E10	1E-30	1E-10
50	1.8E-8	1E10	55555555555.5555	1E-30	6.11807037309207E-10	1E10	1E-30	1E10	2.94832454128432E-03	1.61526376387643E-05	1E10	424.457066831454	7.71973417429654E-05	1E10	16.6029472352403	9.42988004053707E-05	1E10	1.92210052414352	1.88957777313592E-04	1E10	0.650459840768768	1.18313690407698E-04	1E10	0.120673573575428	1.38808821749464E-04	1E10	9.08908718217782E-03	1E-30	2.07492436959564E-11	0.654591076108515	1E-30	5.07083248713467E-11	1.17334014543189E-03	8.8742810284177E-08	4.0921949751486E-11	0.118479954736065	1.49595627703485E-08	9.64144823942811E-11	0.191867661372262	4.63667466231045E-08	1.00016839402698E-11	0.27749869393413	6.94413582453288E-11	1.59442537892128E-10	0.229831866120102	1E10	1E-30	1E-10	1E10	1E-30	1E-10	1E10	1E-30	1E-10
51	1.8E-8	1E10	55555555555.5555	1E-30	6.11807037309207E-10	1E10	1E-30	1E10	2.94832454128432E-03	1.61526376387643E-05	1E10	424.457066831454	7.71973417429654E-05	1E10	16.6029472352403	9.42988004053707E-05	1E10	1.92210052414352	1.88957777313592E-04	1E10	0.650459840768768	1.18313690407698E-04	1E10	0.120673573575428	1.38808821749464E-04	1E10	9.08908718217782E-03	1E-30	2.07492436959564E-11	0.654591076108515	1E-30	5.07083248713467E-11	1.17334014543189E-03	8.8742810284177E-08	4.0921949751486E-11	0.118479954736065	1.49595627703485E-08	9.64144823942811E-11	0.191867661372262	4.63667466231045E-08	1.00016839402698E-11	0.27749869393413	6.94413582453288E-11	1.59442537892128E-10	0.229831866120102	1E10	1E-30	1E-10	1E10	1E-30	1E-10	1E10	1E-30	1E-10
52	1.8E-8	1E10	55555555555.5555	1E-30	6.11807037309207E-10	1E10	1E-30	1E10	2.94832454128432E-03	1.61526376387643E-05	1E10	424.457066831454	7.71973417429654E-05	1E10	16.6029472352403	9.42988004053707E-05	1E10	1.92210052414352	1.88957777313592E-04	1E10	0.650459840768768	1.18313690407698E-04	1E10	0.120673573575428	1.38808821749464E-04	1E10	9.08908718217782E-03	1E-30	2.07492436959564E-11	0.654591076108515	1E-30	5.07083248713467E-11	1.17334014543189E-03	8.8742810284177E-08	4.0921949751486E-11	0.118479954736065	1.49595627703485E-08	9.64144823942811E-11	0.191867661372262	4.63667466231045E-08	1.00016839402698E-11	0.27749869393413	6.94413582453288E-11	1.59442537892128E-10	0.229831866120102	1E10	1E-30	1E-10	1E10	1E-30	1E-10	1E10	1E-30	1E-10
53	2.2E-8	1E10	45454545454.5454	1E-30	5.96324036888305E-10	1E10	1E-30	1E10	3.3649870609307E-03	2.26968356465973E-05	1E10	302.072998214141	1.0307644175908E-04	1E10	13.954832924866	8.04564705171626E-05	1E10	2.13741795085562	3.0243096378903E-04	1E10	0.10308209922469	2.4383626005476E-04	1E10	5.40631269890423E-02	1.88300242619255E-04	1E10	8.76786541661655E-03	1E-30	2.28593805587034E-11	0.498210994195733	1E-30	1.66621189632369E-11	0.474849211807573	1E-30	7.93154974171681E-12	0.218077950869099	5.05588847796489E-08	9.68181846195899E-11	0.72215970693297	3.50612299011968E-08	5.73796475700603E-11	0.532466257246212	5.0757088078511E-08	1.2423844243425E-11	0.150590386244644	8.38847249789298E-10	1.64762653218813E-10	0.174367612490832	1E10	1E-30	1E-10	1E10	1E-30	1E-10
54	2.2E-8	1E10	45454545454.5454	1E-30	5.96324036888305E-10	1E10	1E-30	1E10	3.3649870609307E-03	2.26968356465973E-05	1E10	302.072998214141	1.0307644175908E-04	1E10	13.954832924866	8.04564705171626E-05	1E10	2.13741795085562	3.0243096378903E-04	1E10	0.10308209922469	2.4383626005476E-04	1E10	5.40631269890423E-02	1.88300242619255E-04	1E10	8.76786541661655E-03	1E-30	2.28593805587034E-11	0.498210994195733	1E-30	1.66621189632369E-11	0.474849211807573	1E-30	7.93154974171681E-12	0.218077950869099	5.05588847796489E-08	9.68181846195899E-11	0.72215970693297	3.50612299011968E-08	5.73796475700603E-11	0.532466257246212	5.0757088078511E-08	1.2423844243425E-11	0.150590386244644	8.38847249789298E-10	1.64762653218813E-10	0.174367612490832	1E10	1E-30	1E-10	1E10	1E-30	1E-10
55	2.2E-8	1E10	45454545454.5454	1E-30	5.96324036888305E-10	1E10	1E-30	1E10	3.3649870609307E-03	2.26968356465973E-05	1E10	302.072998214141	1.0307644175908E-04	1E10	13.954832924866	8.04564705171626E-05	1E10	2.13741795085562	3.0243096378903E-04	1E10	0.10308209922469	2.4383626005476E-04	1E10	5.40631269890423E-02	1.88300242619255E-04	1E10	8.76786541661655E-03	1E-30	2.28593805587034E-11	0.498210994195733	1E-30	1.66621189632369E-11	0.474849211807573	1E-30	7.93154974171681E-12	0.218077950869099	5.05588847796489E-08	9.68181846195899E-11	0.72215970693297	3.50612299011968E-08	5.73796475700603E-11	0.532466257246212	5.0757088078511E-08	1.2423844243425E-11	0.150590386244644	8.38847249789298E-10	1.64762653218813E-10	0.174367612490832	1E10	1E-30	1E-10	1E10	1E-30	1E-10
56	2.2E-8	1E10	45454545454.5454	1E-30	4.45070005840723E-10	1E10	1E-30	1E10	2.59431933983744E-03	2.02392000899883E-05	1E10	338.753565519259	7.88224434040575E-05	1E10	22.861980094206	8.77135830964863E-05	1E10	2.17952365826195	3.50278271090955E-04	1E10	0.25984070662351	1.52309663748066E-04	1E10	9.95219952157054E-02	1.73484527684064E-04	1E10	8.05570040156502E-03	1E-30	4.18694647916392E-11	0.550066310943322	1E-30	3.9055379122623E-11	7.66444841910341E-04	4.97819992608176E-08	1.03900170458102E-10	54.6410446137574	1.0896441503258E-08	1.81624992413922E-10	0.230138058601603	2.71247484982275E-09	1.15036221808242E-10	0.18804455885977	1.28945641248692E-09	3.63125639100084E-11	0.140604215988769	1E10	1E-30	1E-10	1E10	1E-30	1E-10	1E10	1E-30	1E-10
57	2.2E-8	1E10	45454545454.5454	1E-30	4.45070005840723E-10	1E10	1E-30	1E10	2.59431933983744E-03	2.02392000899883E-05	1E10	338.753565519259	7.88224434040575E-05	1E10	22.861980094206	8.77135830964863E-05	1E10	2.17952365826195	3.50278271090955E-04	1E10	0.25984070662351	1.52309663748066E-04	1E10	9.95219952157054E-02	1.73484527684064E-04	1E10	8.05570040156502E-03	1E-30	4.18694647916392E-11	0.550066310943322	1E-30	3.9055379122623E-11	7.66444841910341E-04	4.97819992608176E-08	1.03900170458102E-10	54.6410446137574	1.0896441503258E-08	1.81624992413922E-10	0.230138058601603	2.71247484982275E-09	1.15036221808242E-10	0.18804455885977	1.28945641248692E-09	3.63125639100084E-11	0.140604215988769	1E10	1E-30	1E-10	1E10	1E-30	1E-10	1E10	1E-30	1E-10
58	2.2E-8	1E10	45454545454.5454	1E-30	4.45070005840723E-10	1E10	1E-30	1E10	2.59431933983744E-03	2.02392000899883E-05	1E10	338.753565519259	7.88224434040575E-05	1E10	22.861980094206	8.77135830964863E-05	1E10	2.17952365826195	3.50278271090955E-04	1E10	0.25984070662351	1.52309663748066E-04	1E10	9.95219952157054E-02	1.73484527684064E-04	1E10	8.05570040156502E-03	1E-30	4.18694647916392E-11	0.550066310943322	1E-30	3.9055379122623E-11	7.66444841910341E-04	4.97819992608176E-08	1.03900170458102E-10	54.6410446137574	1.0896441503258E-08	1.81624992413922E-10	0.230138058601603	2.71247484982275E-09	1.15036221808242E-10	0.18804455885977	1.28945641248692E-09	3.63125639100084E-11	0.140604215988769	1E10	1E-30	1E-10	1E10	1E-30	1E-10	1E10	1E-30	1E-10
59	2.25072E-8	1E10	4545454545	1E-30	3.88429E-10	1E10	1E-30	1E10	0.030469524	2.50574E-6	1E10	839.2371623	2.94688E-6	1E10	160.5823669	2.55577E-6	1E10	35.87401039	2.39497E-6	1E10	7.328779718	2.03951E-6	1E10	1.505322501	1.57315E-6	1E10	0.341930206	9.54154E-7	1E10	0.06067113	1E-30	1.01933E-10	0.231537242	1E-30	1.47705E-11	0.116991061	5.91676E-8	5.33449E-11	0.165410102	1.39705E-8	8.50457E-11	0.160759231	1.60549E-11	1.43065E-10	7.935558938	1E10	1E-30	1E-10	1E10	1E-30	1E-10	1E10	1E-30	1E-10
60	2.25072488650292E-08	1E10	4545454545.45454	1E-30	3.88428597216517E-10	1E10	1E-30	1E10	3.04695241311358E-02	2.50573888346695E-06	1E10	839.237162317693	2.94687854376652E-06	1E10	160.582366853014	2.55577282569804E-06	1E10	35.8740103898265	2.39496572976748E-06	1E10	7.32877971828338	2.03951116548559E-06	1E10	1.5053225008201	1.57315089705061E-06	1E10	0.341930205673886	9.54153789062982E-07	1E10	6.06711298747658E-02	1E-30	1.01933017801826E-10	0.231537242166517	1E-30	1.47704752513348E-11	0.116991060796641	5.91676023097549E-08	5.33449072217531E-11	0.165410101983962	1.3970458063817E-08	8.50457217989807E-11	0.160759231100904	1.60549247458313E-11	1.43065086255272E-10	7.93555893825866	1E10	1E-30	1E-10	1E10	1E-30	1E-10	1E10	1E-30	1E-10
61	2.21261239360688E-08	1E10	4545454545.45454	1E-30	3.91938458472273E-10	1E10	1E-30	1E10	3.04695241311358E-02	2.60354344366119E-06	1E10	811.069073764266	3.04729865795516E-06	1E10	153.171901741428	2.62503209676094E-06	1E10	34.4228265114594	2.4384374837384E-06	1E10	7.05261192036568	2.03947212770199E-06	1E10	1.4493964526946	1.52245520355815E-06	1E10	0.326929691182311	1.03822735753875E-06	1E10	5.06966996479904E-02	1E-30	1.02199078673533E-10	0.23170956864123	1E-30	1.44410853117629E-11	0.113439137620531	5.85603014777991E-08	5.39179041431828E-11	0.167089675932133	1.39182745656065E-08	8.54568278223619E-11	0.161612261107998	1.62516100185481E-11	1.41751566888898E-10	7.76435841900822	1E10	1E-30	1E-10	1E10	1E-30	1E-10	1E10	1E-30	1E-10
62	2.7E-8	1E10	37037037037.037	1E-30	4.3914424541694E-10	1E10	1E-30	1E10	1.23177588515545E-03	3.38299944076267E-05	1E10	202.663385371284	9.77414174715574E-05	1E10	20.8917089313346	1.21411742243097E-04	1E10	1.7752038510662	3.99337603665451E-04	1E10	0.452191411618233	1.72848300042349E-04	1E10	0.117271817106195	1.54874634378434E-04	1E10	7.68830109421007E-03	1E-30	1.2797189651768E-11	0.777325450461579	1E-30	1.25854103973858E-11	0.472627900688676	1E-30	1.19477571705032E-10	2.74955812641875E-03	4.88595373937687E-08	1.36014754089894E-10	0.92265549960412	4.13487391532527E-08	6.71099719716392E-11	0.605884533992095	4.52330889682181E-08	2.8877998343766E-11	0.129447058325358	7.75408736042197E-11	2.01393204094506E-10	0.232670765144159	1E10	1E-30	1E-10	1E10	1E-30	1E-10
63	2.7E-8	1E10	37037037037.037	1E-30	4.3914424541694E-10	1E10	1E-30	1E10	1.23177588515545E-03	3.38299944076267E-05	1E10	202.663385371284	9.77414174715574E-05	1E10	20.8917089313346	1.21411742243097E-04	1E10	1.7752038510662	3.99337603665451E-04	1E10	0.452191411618233	1.72848300042349E-04	1E10	0.117271817106195	1.54874634378434E-04	1E10	7.68830109421007E-03	1E-30	1.2797189651768E-11	0.777325450461579	1E-30	1.25854103973858E-11	0.472627900688676	1E-30	1.19477571705032E-10	2.74955812641875E-03	4.88595373937687E-08	1.36014754089894E-10	0.92265549960412	4.13487391532527E-08	6.71099719716392E-11	0.605884533992095	4.52330889682181E-08	2.8877998343766E-11	0.129447058325358	7.75408736042197E-11	2.01393204094506E-10	0.232670765144159	1E10	1E-30	1E-10	1E10	1E-30	1E-10
64	2.7E-8	1E10	37037037037.037	1E-30	4.3914424541694E-10	1E10	1E-30	1E10	1.23177588515545E-03	3.38299944076267E-05	1E10	202.663385371284	9.77414174715574E-05	1E10	20.8917089313346	1.21411742243097E-04	1E10	1.7752038510662	3.99337603665451E-04	1E10	0.452191411618233	1.72848300042349E-04	1E10	0.117271817106195	1.54874634378434E-04	1E10	7.68830109421007E-03	1E-30	1.2797189651768E-11	0.777325450461579	1E-30	1.25854103973858E-11	0.472627900688676	1E-30	1.19477571705032E-10	2.74955812641875E-03	4.88595373937687E-08	1.36014754089894E-10	0.92265549960412	4.13487391532527E-08	6.71099719716392E-11	0.605884533992095	4.52330889682181E-08	2.8877998343766E-11	0.129447058325358	7.75408736042197E-11	2.01393204094506E-10	0.232670765144159	1E10	1E-30	1E-10	1E10	1E-30	1E-10
65	3.3E-8	1E10	30303030303.0303	1E-30	4.96726535422276E-10	1E10	1E-30	1E10	2.86479038324542E-03	3.51231451427697E-05	1E10	195.201801144867	1.41142797008594E-04	1E10	10.195242492478	1.28414504677159E-04	1E10	1.63061265720475	5.1932163263893E-04	1E10	0.125880432531458	2.65959774024415E-04	1E10	7.06212384142721E-02	2.61365904036331E-04	1E10	7.39718631856066E-03	1E-30	1.14645506880225E-11	0.424772584065177	1E-30	3.23350475687661E-11	0.257620045754273	1E-30	5.73874055014385E-12	3.31532609057873E-02	5.89814149087053E-08	1.34795097200929E-10	0.886641519034364	4.88234112865027E-08	6.70671262036295E-11	0.543611063890775	9.75412719241832E-08	1.70122746886716E-11	0.195611327387352	1.60425473282788E-09	1.84324059637466E-10	0.177870101313093	1E10	1E-30	1E-10	1E10	1E-30	1E-10
66	3.3E-8	1E10	30303030303.0303	1E-30	4.96726535422276E-10	1E10	1E-30	1E10	2.86479038324542E-03	3.51231451427697E-05	1E10	195.201801144867	1.41142797008594E-04	1E10	10.195242492478	1.28414504677159E-04	1E10	1.63061265720475	5.1932163263893E-04	1E10	0.125880432531458	2.65959774024415E-04	1E10	7.06212384142721E-02	2.61365904036331E-04	1E10	7.39718631856066E-03	1E-30	1.14645506880225E-11	0.424772584065177	1E-30	3.23350475687661E-11	0.257620045754273	1E-30	5.73874055014385E-12	3.31532609057873E-02	5.89814149087053E-08	1.34795097200929E-10	0.886641519034364	4.88234112865027E-08	6.70671262036295E-11	0.543611063890775	9.75412719241832E-08	1.70122746886716E-11	0.195611327387352	1.60425473282788E-09	1.84324059637466E-10	0.177870101313093	1E10	1E-30	1E-10	1E10	1E-30	1E-10
67	3.3E-8	1E10	30303030303.0303	1E-30	4.96726535422276E-10	1E10	1E-30	1E10	2.86479038324542E-03	3.51231451427697E-05	1E10	195.201801144867	1.41142797008594E-04	1E10	10.195242492478	1.28414504677159E-04	1E10	1.63061265720475	5.1932163263893E-04	1E10	0.125880432531458	2.65959774024415E-04	1E10	7.06212384142721E-02	2.61365904036331E-04	1E10	7.39718631856066E-03	1E-30	1.14645506880225E-11	0.424772584065177	1E-30	3.23350475687661E-11	0.257620045754273	1E-30	5.73874055014385E-12	3.31532609057873E-02	5.89814149087053E-08	1.34795097200929E-10	0.886641519034364	4.88234112865027E-08	6.70671262036295E-11	0.543611063890775	9.75412719241832E-08	1.70122746886716E-11	0.195611327387352	1.60425473282788E-09	1.84324059637466E-10	0.177870101313093	1E10	1E-30	1E-10	1E10	1E-30	1E-10
68	3.31826E-8	1E10	3030303030	1E-30	3.03378E-10	1E10	1E-30	1E10	0.026061993	3.54609E-6	1E10	653.887757	4.40724E-6	1E10	111.4992586	3.77803E-6	1E10	26.31791501	3.47816E-6	1E10	5.543585908	2.95217E-6	1E10	1.154537946	2.69843E-6	1E10	0.2530416	1.67926E-6	1E10	0.049115426	1E-30	8.79999E-11	0.120365776	1E-30	4.38744E-11	0.097838023	2.60339E-8	5.6644E-11	0.093449951	9.43133E-12	2.70438E-10	16.89137665	1E10	1E-30	1E-10	1E10	1E-30	1E-10	1E10	1E-30	1E-10	1E10	1E-30	1E-10
69	3.31826478764025E-08	1E10	3030303030.30303	1E-30	3.03377523811856E-10	1E10	1E-30	1E10	0.026061993292498	3.5460895240629E-06	1E10	653.887756972869	4.40724347995183E-06	1E10	111.499258569978	3.7780289413255E-06	1E10	26.3179150121097	3.4781616099378E-06	1E10	5.54358590836089	2.95217286286073E-06	1E10	1.15453794649543	2.69842968498473E-06	1E10	0.253041599678679	1.67925962730352E-06	1E10	4.91154260428418E-02	1E-30	8.79998734059846E-11	0.120365775565809	9.58956373403978E-08	4.38744032465412E-11	9.78380227935587E-02	2.60339461273027E-08	5.66440063811764E-11	9.34499505199562E-02	9.43132910448948E-12	2.70437842760543E-10	16.8913766465224	1E10	1E-30	1E-10	1E10	1E-30	1E-10	1E10	1E-30	1E-10	1E10	1E-30	1E-10
70	4.79383E-8	1E10	2127659574	1E-30	3.51127E-10	1E10	1E-30	1E10	0.020331073	6.015E-6	1E10	365.5531556	6.5287E-6	1E10	83.36972096	5.76369E-6	1E10	18.45850461	5.25792E-6	1E10	4.032601125	4.19108E-6	1E10	0.876148934	3.00072E-6	1E10	0.179311282	2.22065E-6	1E10	0.035052285	1E-30	1.5521E-10	0.175697401	1E-30	8.14782E-12	0.100004863	9.32607E-8	7.99944E-11	0.155071965	4.31953E-8	6.41985E-11	0.111039743	7.14525E-11	3.55438E-11	1.046118448	1E10	1E-30	1E-10	1E10	1E-30	1E-10	1E10	1E-30	1E-10
71	4.79382694498779E-08	1E10	2127659574.46808	1E-30	3.51126700361929E-10	1E10	1E-30	1E10	2.03310727537491E-02	6.01500474643674E-06	1E10	365.553155615101	6.52869998943386E-06	1E10	83.3697209621367	5.76369197237736E-06	1E10	18.458504611751	5.25791615788129E-06	1E10	4.03260112473239	4.19107746311953E-06	1E10	0.876148934010203	3.00072374011836E-06	1E10	0.179311281928277	2.22064515703938E-06	1E10	3.50522846236773E-02	1E-30	1.55210482454044E-10	0.175697400589783	1E-30	8.1478239008644E-12	0.100004863198898	9.32607207581328E-08	7.99944258168131E-11	0.155071964724822	4.31952829910444E-08	6.41985138530347E-11	0.111039743488306	7.14525307396279E-11	3.55437850724012E-11	1.046118447662	1E10	1E-30	1E-10	1E10	1E-30	1E-10	1E10	1E-30	1E-10
72	6.99766E-8	1E10	1470588235	1E-30	3.53951E-10	1E10	1E-30	1E10	0.022535574	7.58995E-6	1E10	267.420326	7.78804E-6	1E10	72.28158443	6.77224E-6	1E10	15.65300622	6.44984E-6	1E10	3.217971688	5.14209E-6	1E10	0.736355895	4.83418E-6	1E10	0.125622502	4.02491E-6	1E10	0.017739609	1E-30	8.00136E-11	0.078247785	1E-30	1.57085E-11	0.042620886	2.3565E-7	2.8389E-11	0.038318278	5.5271E-8	3.97934E-11	0.04556163	1.21128E-11	2.0275E-10	9.498125974	1E10	1E-30	1E-10	1E10	1E-30	1E-10	1E10	1E-30	1E-10
73	6.99765826044666E-08	1E10	1470588235.29411	1E-30	3.53950965835312E-10	1E10	1E-30	1E10	2.25355736640395E-02	7.58995415117033E-06	1E10	267.420326026603	7.78803971735291E-06	1E10	72.2815844320389	6.77223775593317E-06	1E10	15.6530062179373	6.44984106161732E-06	1E10	3.2179716878147	5.14208572712102E-06	1E10	0.736355895459194	4.83418383430625E-06	1E10	0.125622501943618	4.02490558281829E-06	1E10	1.77396089305649E-02	1E-30	8.00135934741237E-11	7.82477845762591E-02	1E-30	1.57084910775317E-11	4.26208857735513E-02	2.35649541230851E-07	2.83890388427714E-11	3.83182780260457E-02	5.52710402272354E-08	3.97933559140438E-11	0.045561630102073	1.21127954114661E-11	2.02749840378283E-10	9.49812597371979	1E10	1E-30	1E-10	1E10	1E-30	1E-10	1E10	1E-30	1E-10
74	6.99765826044666E-08	1E10	1470588235.29411	1E-30	3.53950965835312E-10	1E10	1E-30	1E10	2.25355736640395E-02	7.58995415117033E-06	1E10	267.420326026603	7.78803971735291E-06	1E10	72.2815844320389	6.77223775593317E-06	1E10	15.6530062179373	6.44984106161732E-06	1E10	3.2179716878147	5.14208572712102E-06	1E10	0.736355895459194	4.83418383430625E-06	1E10	0.125622501943618	4.02490558281829E-06	1E10	1.77396089305649E-02	1E-30	8.00135934741237E-11	7.82477845762591E-02	1E-30	1.57084910775317E-11	4.26208857735513E-02	2.35649541230851E-07	2.83890388427714E-11	3.83182780260457E-02	5.52710402272354E-08	3.97933559140438E-11	0.045561630102073	1.21127954114661E-11	2.02749840378283E-10	9.49812597371979	1E10	1E-30	1E-10	1E10	1E-30	1E-10	1E10	1E-30	1E-10
75	1.01518E-7	1E10	1E9	1E-30	3.44586E-10	1E10	1E-30	1E10	0.017209035	8.87731E-6	1E10	201.6380964	1.10257E-5	1E10	31.31714507	9.09459E-6	1E10	6.756986819	8.21688E-6	1E10	1.170599986	6.76676E-6	1E10	0.19356123	5.76922E-6	1E10	0.028043249	1E-30	2.98955E-11	0.248070559	1E-30	6.79371E-11	0.067737043	1E-30	3.75402E-11	0.040973417	7.29323E-8	6.39165E-11	0.05084562	1.12182E-11	2.57284E-10	13.55944611	1E10	1E-30	1E-10	1E10	1E-30	1E-10	1E10	1E-30	1E-10	1E10	1E-30	1E-10
76	1.01518369294212E-07	1E10	1E9	1E-30	3.44586034975323E-10	1E10	1E-30	1E10	1.72090347268588E-02	8.87731418839477E-06	1E10	201.638096429613	1.10257171146916E-05	1E10	31.3171450744973	9.09459273741702E-06	1E10	6.75698681915338	8.21687832678545E-06	1E10	1.17059998643123	6.76676156912705E-06	1E10	0.193561229687868	5.76921616126523E-06	1E10	2.80432492206974E-02	1E-30	2.98955348099451E-11	0.248070559105517	1E-30	6.79371433351942E-11	6.77370432571249E-02	3.60511579172291E-07	3.75402162386487E-11	4.09734165032397E-02	7.29322756427496E-08	6.39165326642561E-11	5.08456197116645E-02	1.12181758988906E-11	2.57283749588389E-10	13.5594461140779	1E10	1E-30	1E-10	1E10	1E-30	1E-10	1E10	1E-30	1E-10	1E10	1E-30	1E-10
77	1.01518369294212E-07	1E10	1E9	1E-30	3.44586034975323E-10	1E10	1E-30	1E10	1.72090347268588E-02	8.87731418839477E-06	1E10	201.638096429613	1.10257171146916E-05	1E10	31.3171450744973	9.09459273741702E-06	1E10	6.75698681915338	8.21687832678545E-06	1E10	1.17059998643123	6.76676156912705E-06	1E10	0.193561229687868	5.76921616126523E-06	1E10	2.80432492206974E-02	1E-30	2.98955348099451E-11	0.248070559105517	1E-30	6.79371433351942E-11	6.77370432571249E-02	3.60511579172291E-07	3.75402162386487E-11	4.09734165032397E-02	7.29322756427496E-08	6.39165326642561E-11	5.08456197116645E-02	1.12181758988906E-11	2.57283749588389E-10	13.5594461140779	1E10	1E-30	1E-10	1E10	1E-30	1E-10	1E10	1E-30	1E-10	1E10	1E-30	1E-10
78	1.51719E-7	1E10	666666666.7	1E-30	3.95402E-10	1E10	1E-30	1E10	0.014401493	1.15407E-5	1E10	150.166516	1.42012E-5	1E10	23.46451037	1.15402E-5	1E10	5.040698233	1.01017E-5	1E10	0.874011802	1.13309E-5	1E10	0.124279499	7.44485E-6	1E10	0.023423492	1E-30	1.13898E-10	0.067513501	1E-30	1.7838E-11	0.014447565	1E-30	4.29399E-11	0.035691391	1.46027E-7	3.57804E-11	0.03190701	3.21843E-11	7.24316E-11	2.300184129	1E10	1E-30	1E-10	1E10	1E-30	1E-10	1E10	1E-30	1E-10	1E10	1E-30	1E-10
79	1.51719323996518E-07	1E10	666666666.666666	1E-30	3.95401775867005E-10	1E10	1E-30	1E10	1.44014928246089E-02	1.15406660533843E-05	1E10	150.166515950816	1.420123738647E-05	1E10	23.4645103666596	1.15402038419371E-05	1E10	5.04069823347809	1.01016722613762E-05	1E10	0.87401180194864	1.13309004719162E-05	1E10	0.124279498556101	7.44484628987944E-06	1E10	2.34234921834776E-02	1E-30	1.1389799827321E-10	6.75135007447566E-02	1E-30	1.78379653625975E-11	1.44475653633558E-02	3.77911282925669E-07	4.29399000279077E-11	3.56913905169859E-02	1.46027246096594E-07	3.57803641613636E-11	3.19070104431132E-02	3.21842569894573E-11	7.2431627335585E-11	2.30018412876557	1E10	1E-30	1E-10	1E10	1E-30	1E-10	1E10	1E-30	1E-10	1E10	1E-30	1E-10
80	2.24978E-7	1E10	454545454.5	1E-30	3.13684E-10	1E10	1E-30	1E10	9.657708E-3	1.91636E-5	1E10	99.66395794	2.29311E-5	1E10	17.97437522	1.9043E-5	1E10	3.961757674	1.6125E-5	1E10	0.78904348	1.69539E-5	1E10	0.109839011	1.37929E-5	1E10	0.015361287	1E-30	1.74729E-11	0.16745881	1E-30	1.76057E-10	0.082477343	1E-30	5.36716E-11	0.046155858	1.71619E-7	7.78658E-11	0.044979522	1.53001E-11	1.52356E-10	7.155588888	1E10	1E-30	1E-10	1E10	1E-30	1E-10	1E10	1E-30	1E-10	1E10	1E-30	1E-10
81	2.24978192845125E-07	1E10	454545454.545454	1E-30	3.13684315048464E-10	1E10	1E-30	1E10	9.65770789369869E-03	1.916364279996E-05	1E10	99.6639579393793	2.29311094030657E-05	1E10	17.9743752218755	1.90429543439554E-05	1E10	3.96175767444005	1.61250472049924E-05	1E10	0.789043479514905	1.69538771118535E-05	1E10	0.109839010757756	1.37929249726352E-05	1E10	1.53612873024786E-02	1E-30	1.74729172308666E-11	0.167458810188709	1E-30	1.76057166020775E-10	8.24773427368951E-02	6.56129031094427E-07	5.36716280251574E-11	4.61558580457945E-02	1.71619270453832E-07	7.78658073552456E-11	4.49795216530468E-02	1.53001342536631E-11	1.52356459129274E-10	7.15558888813845	1E10	1E-30	1E-10	1E10	1E-30	1E-10	1E10	1E-30	1E-10	1E10	1E-30	1E-10
82	1.00297889706499E-06	1E10	5E8	1E-30	3.7767762353825E-12	1E10	1E-30	1E10	5.05606217507983E-03	1.41762978227252E-04	1E10	29.0189052147716	1.19588274760539E-04	1E10	3.92790713195666	1.16512725214495E-04	1E10	0.549201434865143	1.13332121109139E-04	1E10	8.49689549541629E-02	2.3030211650269E-04	1E10	1.27230864530832E-02	7.80365263234265E-05	1E10	9.21706134975643E-03	1E-30	2.7828416261466E-10	4.09439529242941E-02	1E-30	2.16763727618562E-11	0.037128588653108	2.51809197916168E-06	8.48101620809086E-11	2.68124903178492E-02	1.31351564713808E-06	6.84453009504808E-11	2.27835290779782E-02	1.42575189780403E-11	1.21877760786022E-10	10.1831431137501	1.85780681044434E-12	3.02718802112605E-10	53.0432933663332	1E10	1E-30	1E-10	1E10	1E-30	1E-10	1E10	1E-30	1E-10
83	9.79826698112061E-07	1E10	5E8	1E-30	1.13517093632715E-10	1E10	1E-30	1E10	5.00604899923974E-03	1.61743106409772E-04	1E10	32.7999436111319	1.81269440765758E-04	1E10	3.6844636989853	1.40261254164181E-04	1E10	0.599461310861183	1.09461740585932E-04	1E10	9.45010267670979E-02	2.77010651937122E-04	1E10	7.21136674997145E-03	9.91227097966043E-05	1E10	7.05546611992238E-03	1E-30	1.9132969887634E-10	3.78150418491522E-02	2.06876769257673E-06	8.97007112382637E-11	3.07728980229116E-02	1.13542667732607E-06	6.69439002290372E-11	2.33619875051001E-02	1.37635751386301E-11	1.52760851391443E-10	12.8483205763398	3.03022038130373E-12	2.4440750954424E-10	31.7894183518408	1E10	1E-30	1E-10	1E10	1E-30	1E-10	1E10	1E-30	1E-10	1E10	1E-30	1E-10
84	9.79826698112061E-07	1E10	5E8	1E-30	1.13517093632715E-10	1E10	1E-30	1E10	5.00604899923974E-03	1.61743106409772E-04	1E10	32.7999436111319	1.81269440765758E-04	1E10	3.6844636989853	1.40261254164181E-04	1E10	0.599461310861183	1.09461740585932E-04	1E10	9.45010267670979E-02	2.77010651937122E-04	1E10	7.21136674997145E-03	9.91227097966043E-05	1E10	7.05546611992238E-03	1E-30	1.9132969887634E-10	3.78150418491522E-02	2.06876769257673E-06	8.97007112382637E-11	3.07728980229116E-02	1.13542667732607E-06	6.69439002290372E-11	2.33619875051001E-02	1.37635751386301E-11	1.52760851391443E-10	12.8483205763398	3.03022038130373E-12	2.4440750954424E-10	31.7894183518408	1E10	1E-30	1E-10	1E10	1E-30	1E-10	1E10	1E-30	1E-10	1E10	1E-30	1E-10
85	4.50471765846614E-06	1E10	10638298	1E-30	1.16714948923277E-10	1E10	1E-30	1E10	2.51428546768333E-03	7.00866639081875E-04	1E10	2.75825719128059	4.74150485713986E-04	1E10	0.625511353229943	4.51792556413287E-04	1E10	0.105388291466458	4.73938207107522E-04	1E10	1.60211835681552E-02	3.40355403846936E-04	1E10	3.44760193503741E-03	1E-30	1.90014944898369E-11	0.162341610400718	1E-30	3.44558892554461E-11	3.03623125015996E-02	1E-30	2.96923274785727E-10	2.22281811484845E-02	9.23302099546011E-06	1.108209773923E-10	1.42060878026627E-02	5.3071364899857E-06	7.84176879995137E-11	1.05417719677877E-02	2.89253282139132E-11	5.06901466008952E-11	8.80883176712243	2.35957017203019E-12	1.78930280593774E-10	147.98973441867	1E10	1E-30	1E-10	1E10	1E-30	1E-10	1E10	1E-30	1E-10
86	4.44090601079274E-06	1E10	10638298	1E-30	1.0443239868326E-10	1E10	1E-30	1E10	2.62213708143134E-03	6.26924922315123E-04	1E10	2.10187829430582	4.56574366804043E-04	1E10	0.460867189722496	4.69910502235406E-04	1E10	7.37300173766942E-02	6.05605628751486E-04	1E10	1.15880541727981E-02	3.17593562766424E-04	1E10	3.4545802458295E-03	1E-30	1.94781333815738E-11	0.130262745295444	1E-30	2.48522373352501E-10	2.43902666958285E-02	1E-30	2.64527630091736E-11	2.39904885272069E-02	8.31782893946469E-06	1.21507448647959E-10	1.49180141944971E-02	3.922911226735E-06	1.02879149505662E-10	1.22098287925719E-02	3.75205892129543E-11	3.65568928161217E-11	8.59041223877607	1.99256053633921E-12	2.06763654149018E-10	96.4241323926108	1E10	1E-30	1E-10	1E10	1E-30	1E-10	1E10	1E-30	1E-10
87	4.50471765846614E-06	1E10	10638298	1E-30	1.16714948923277E-10	1E10	1E-30	1E10	2.51428546768333E-03	7.00866639081875E-04	1E10	2.75825719128059	4.74150485713986E-04	1E10	0.625511353229943	4.51792556413287E-04	1E10	0.105388291466458	4.73938207107522E-04	1E10	1.60211835681552E-02	3.40355403846936E-04	1E10	3.44760193503741E-03	1E-30	1.90014944898369E-11	0.162341610400718	1E-30	3.44558892554461E-11	3.03623125015996E-02	1E-30	2.96923274785727E-10	2.22281811484845E-02	9.23302099546011E-06	1.108209773923E-10	1.42060878026627E-02	5.3071364899857E-06	7.84176879995137E-11	1.05417719677877E-02	2.89253282139132E-11	5.06901466008952E-11	8.80883176712243	2.35957017203019E-12	1.78930280593774E-10	147.98973441867	1E10	1E-30	1E-10	1E10	1E-30	1E-10	1E10	1E-30	1E-10
88	4.44090601079274E-06	1E10	10638298	1E-30	1.0443239868326E-10	1E10	1E-30	1E10	2.62213708143134E-03	6.26924922315123E-04	1E10	2.10187829430582	4.56574366804043E-04	1E10	0.460867189722496	4.69910502235406E-04	1E10	7.37300173766942E-02	6.05605628751486E-04	1E10	1.15880541727981E-02	3.17593562766424E-04	1E10	3.4545802458295E-03	1E-30	1.94781333815738E-11	0.130262745295444	1E-30	2.48522373352501E-10	2.43902666958285E-02	1E-30	2.64527630091736E-11	2.39904885272069E-02	8.31782893946469E-06	1.21507448647959E-10	1.49180141944971E-02	3.922911226735E-06	1.02879149505662E-10	1.22098287925719E-02	3.75205892129543E-11	3.65568928161217E-11	8.59041223877607	1.99256053633921E-12	2.06763654149018E-10	96.4241323926108	1E10	1E-30	1E-10	1E10	1E-30	1E-10	1E10	1E-30	1E-10
89	4.44090601079274E-06	1E10	10638298	1E-30	1.0443239868326E-10	1E10	1E-30	1E10	2.62213708143134E-03	6.26924922315123E-04	1E10	2.10187829430582	4.56574366804043E-04	1E10	0.460867189722496	4.69910502235406E-04	1E10	7.37300173766942E-02	6.05605628751486E-04	1E10	1.15880541727981E-02	3.17593562766424E-04	1E10	3.4545802458295E-03	1E-30	1.94781333815738E-11	0.130262745295444	1E-30	2.48522373352501E-10	2.43902666958285E-02	1E-30	2.64527630091736E-11	2.39904885272069E-02	8.31782893946469E-06	1.21507448647959E-10	1.49180141944971E-02	3.922911226735E-06	1.02879149505662E-10	1.22098287925719E-02	3.75205892129543E-11	3.65568928161217E-11	8.59041223877607	1.99256053633921E-12	2.06763654149018E-10	96.4241323926108	1E10	1E-30	1E-10	1E10	1E-30	1E-10	1E10	1E-30	1E-10
90	4.57735352386479E-06	1E10	106382978.723404	1E-30	1.06098796922719E-10	1E10	1E-30	1E10	2.17213162469045E-03	7.19082169237483E-04	1E10	7.04563850899895	1.29099053202208E-03	1E10	0.651292114068387	7.30143573574888E-04	1E10	0.229768563909825	6.67454880754724E-04	1E10	4.07640160340024E-02	7.04242044055332E-04	1E10	6.08272499724805E-03	7.17596827037859E-04	1E10	1.31635559710635E-03	1E-30	2.68533837295605E-11	3.37449572195261E-02	1E-30	3.22856268921793E-10	2.33786094717105E-02	9.0697338394622E-06	1.22546636461702E-10	1.75479177128016E-02	5.8333633044151E-06	8.20543108737691E-11	1.29921734999148E-02	1.49974244677816E-11	4.58667226756508E-11	3.84391214128621	2.21246096486177E-12	1.5901282373439E-10	46.4455932606576	1E10	1E-30	1E-10	1E10	1E-30	1E-10	1E10	1E-30	1E-10
91	4.57735352386479E-06	1E10	106382978.723404	1E-30	1.06098796922719E-10	1E10	1E-30	1E10	2.17213162469045E-03	7.19082169237483E-04	1E10	7.04563850899895	1.29099053202208E-03	1E10	0.651292114068387	7.30143573574888E-04	1E10	0.229768563909825	6.67454880754724E-04	1E10	4.07640160340024E-02	7.04242044055332E-04	1E10	6.08272499724805E-03	7.17596827037859E-04	1E10	1.31635559710635E-03	1E-30	2.68533837295605E-11	3.37449572195261E-02	1E-30	3.22856268921793E-10	2.33786094717105E-02	9.0697338394622E-06	1.22546636461702E-10	1.75479177128016E-02	5.8333633044151E-06	8.20543108737691E-11	1.29921734999148E-02	1.49974244677816E-11	4.58667226756508E-11	3.84391214128621	2.21246096486177E-12	1.5901282373439E-10	46.4455932606576	1E10	1E-30	1E-10	1E10	1E-30	1E-10	1E10	1E-30	1E-10
92	4.73870516653118E-06	1E10	106382978.723404	1E-30	8.51145921299093E-11	1E10	1E-30	1E10	2.09592257998543E-03	4.49083429893749E-04	1E10	10.7738728541096	5.84853146463609E-04	1E10	0.72975311355978	4.98616411491773E-04	1E10	9.68969910679052E-02	5.07051933505254E-04	1E10	9.70363256476412E-03	7.8464911049363E-04	1E10	1.32206540258701E-03	1E-30	2.25506519418864E-11	3.50650215856305E-02	1E-30	2.94409464935391E-10	2.65939588384348E-02	7.73932866700071E-06	1.53452777021892E-10	2.39937056878997E-02	5.57375841567359E-06	8.8380859356794E-11	0.014491614672701	3.44064650200188E-11	5.12417967724701E-11	5.98165076874134	2.02023239624446E-12	2.00807682156242E-10	88.3583080643184	1E10	1E-30	1E-10	1E10	1E-30	1E-10	1E10	1E-30	1E-10	1E10	1E-30	1E-10
93	4.64862285226057E-06	1E10	106382978.723404	1E-30	6.76952000025265E-11	1E10	1E-30	1E10	2.38758342751335E-03	5.09320154972626E-04	1E10	8.56706846400431	4.91064321891624E-04	1E10	0.881508834262648	4.96182758759716E-04	1E10	9.55791815068979E-02	5.26849654465538E-04	1E10	1.44121780315766E-02	4.11567593553818E-04	1E10	2.83021988208847E-03	1E-30	2.48294221223901E-11	3.13904769566813E-02	1E-30	2.69788641588194E-10	0.025526646213322	7.85880065926357E-06	1.38756368026057E-10	1.84040810365373E-02	4.60639086507236E-06	9.79054513504596E-11	1.25194158947899E-02	3.02628233037253E-11	7.15748383002069E-11	3.84431727188796	2.22039191092139E-12	2.30028532879603E-10	78.7882430914671	1E10	1E-30	1E-10	1E10	1E-30	1E-10	1E10	1E-30	1E-10	1E10	1E-30	1E-10
94	9.77805268859179E-06	1E10	5E7	1E-30	6.00719592923726E-11	1E10	1E-30	1E10	1.44765874039862E-03	1.00803067499278E-03	1E10	5.26290012927215	1.79164416880342E-03	1E10	0.27544616673177	1.69709024459719E-03	1E10	3.88566641914168E-02	3.03653168397789E-03	1E10	3.80843454208765E-03	1.70117717367633E-03	1E10	1.76944284164985E-03	1E-30	5.60572790393445E-12	2.80136092768131E-02	1E-30	3.10339365032731E-11	1.76875667353482E-02	1E-30	3.42913793462832E-10	1.68489146848792E-02	1.83258444962222E-05	1.49342886289224E-10	1.33521263341529E-02	1.51640399639355E-05	7.97928292127324E-11	9.28816522513905E-03	3.80066399983511E-11	6.89467655077765E-11	5.1714936404673	2.13703209223445E-12	1.95998400223656E-10	115.035104126663	1E10	1E-30	1E-10	1E10	1E-30	1E-10	1E10	1E-30	1E-10
95	9.77805268859179E-06	1E10	5E7	1E-30	6.00719592923726E-11	1E10	1E-30	1E10	1.44765874039862E-03	1.00803067499278E-03	1E10	5.26290012927215	1.79164416880342E-03	1E10	0.27544616673177	1.69709024459719E-03	1E10	3.88566641914168E-02	3.03653168397789E-03	1E10	3.80843454208765E-03	1.70117717367633E-03	1E10	1.76944284164985E-03	1E-30	5.60572790393445E-12	2.80136092768131E-02	1E-30	3.10339365032731E-11	1.76875667353482E-02	1E-30	3.42913793462832E-10	1.68489146848792E-02	1.83258444962222E-05	1.49342886289224E-10	1.33521263341529E-02	1.51640399639355E-05	7.97928292127324E-11	9.28816522513905E-03	3.80066399983511E-11	6.89467655077765E-11	5.1714936404673	2.13703209223445E-12	1.95998400223656E-10	115.035104126663	1E10	1E-30	1E-10	1E10	1E-30	1E-10	1E10	1E-30	1E-10
96	9.77805268859179E-06	1E10	5E7	1E-30	6.00719592923726E-11	1E10	1E-30	1E10	1.44765874039862E-03	1.00803067499278E-03	1E10	5.26290012927215	1.79164416880342E-03	1E10	0.27544616673177	1.69709024459719E-03	1E10	3.88566641914168E-02	3.03653168397789E-03	1E10	3.80843454208765E-03	1.70117717367633E-03	1E10	1.76944284164985E-03	1E-30	5.60572790393445E-12	2.80136092768131E-02	1E-30	3.10339365032731E-11	1.76875667353482E-02	1E-30	3.42913793462832E-10	1.68489146848792E-02	1.83258444962222E-05	1.49342886289224E-10	1.33521263341529E-02	1.51640399639355E-05	7.97928292127324E-11	9.28816522513905E-03	3.80066399983511E-11	6.89467655077765E-11	5.1714936404673	2.13703209223445E-12	1.95998400223656E-10	115.035104126663	1E10	1E-30	1E-10	1E10	1E-30	1E-10	1E10	1E-30	1E-10
97	9.77805268859179E-06	1E10	5E7	1E-30	6.00719592923726E-11	1E10	1E-30	1E10	1.44765874039862E-03	1.00803067499278E-03	1E10	5.26290012927215	1.79164416880342E-03	1E10	0.27544616673177	1.69709024459719E-03	1E10	3.88566641914168E-02	3.03653168397789E-03	1E10	3.80843454208765E-03	1.70117717367633E-03	1E10	1.76944284164985E-03	1E-30	5.60572790393445E-12	2.80136092768131E-02	1E-30	3.10339365032731E-11	1.76875667353482E-02	1E-30	3.42913793462832E-10	1.68489146848792E-02	1.83258444962222E-05	1.49342886289224E-10	1.33521263341529E-02	1.51640399639355E-05	7.97928292127324E-11	9.28816522513905E-03	3.80066399983511E-11	6.89467655077765E-11	5.1714936404673	2.13703209223445E-12	1.95998400223656E-10	115.035104126663	1E10	1E-30	1E-10	1E10	1E-30	1E-10	1E10	1E-30	1E-10
98	9.77805268859179E-06	1E10	5E7	1E-30	6.00719592923726E-11	1E10	1E-30	1E10	1.44765874039862E-03	1.00803067499278E-03	1E10	5.26290012927215	1.79164416880342E-03	1E10	0.27544616673177	1.69709024459719E-03	1E10	3.88566641914168E-02	3.03653168397789E-03	1E10	3.80843454208765E-03	1.70117717367633E-03	1E10	1.76944284164985E-03	1E-30	5.60572790393445E-12	2.80136092768131E-02	1E-30	3.10339365032731E-11	1.76875667353482E-02	1E-30	3.42913793462832E-10	1.68489146848792E-02	1.83258444962222E-05	1.49342886289224E-10	1.33521263341529E-02	1.51640399639355E-05	7.97928292127324E-11	9.28816522513905E-03	3.80066399983511E-11	6.89467655077765E-11	5.1714936404673	2.13703209223445E-12	1.95998400223656E-10	115.035104126663	1E10	1E-30	1E-10	1E10	1E-30	1E-10	1E10	1E-30	1E-10
99	9.94928005009229E-06	1E10	5E7	1E-30	8.23360529457919E-11	1E10	1E-30	1E10	1.51060553683022E-03	1.33619818721293E-03	1E10	3.97034273844917	1.39191175594659E-03	1E10	0.622846672290805	1.0830383358016E-03	1E10	9.06995505749583E-02	1.2552379097384E-03	1E10	8.21104184771969E-03	1.43314390292358E-03	1E10	1.21756792544387E-03	1E-30	3.89775143878862E-12	3.82818380617702E-02	1E-30	2.60978327853229E-11	3.42117364148323E-02	1E-30	2.74534384634812E-10	2.18771308782826E-02	1.56904508982165E-05	1.6999119709724E-10	1.38040946547784E-02	1.03625388095601E-05	1.09174185319717E-10	1.21025393434615E-02	2.09483920777763E-12	1.79054420359396E-10	51.2107645310532	1E10	1E-30	1E-10	1E10	1E-30	1E-10	1E10	1E-30	1E-10	1E10	1E-30	1E-10
100	9.49529573674747E-06	1E10	5E7	1E-30	2.02342172563331E-10	1E10	1E-30	1E10	1.63535291791096E-03	2.56738524586546E-03	1E10	2.06636880003626	1.75664244240777E-03	1E10	0.457104509044312	1.20782152010697E-03	1E10	0.091769024168058	1.4840222992029E-03	1E10	1.13046846020035E-02	1.22437752562997E-03	1E10	1.63645769443496E-03	1E-30	1.21472655135964E-11	3.30095123939024E-02	1E-30	2.71125900229555E-11	2.10078143611553E-02	1E-30	3.58648588585411E-10	1.81869137598649E-02	1.62494886180856E-05	1.5464647784723E-10	1.22430732154515E-02	1.21271384019704E-05	9.04211340031081E-11	1.00952817757539E-02	3.89332382268077E-12	1.03393017742401E-10	14.8070863419817	1E10	1E-30	1E-10	1E10	1E-30	1E-10	1E10	1E-30	1E-10	1E10	1E-30	1E-10
101	9.92549528753808E-06	1E10	5E7	1E-30	5.11171456726537E-11	1E10	1E-30	1E10	1.53876174516765E-03	1.06480075481194E-03	1E10	4.64594133164647	1.29491544540255E-03	1E10	0.369812320901679	1.0650596796422E-03	1E10	4.86074587411585E-02	1.48213900930749E-03	1E10	4.17924516336001E-03	2.16668486917684E-03	1E10	1.02911945628148E-03	1E-30	2.81538962947298E-11	0.033107592631024	1E-30	3.55007221149852E-10	2.02918535796329E-02	1.93890730811203E-05	1.46019518477799E-10	1.50240690658624E-02	1.09712730952369E-05	1.12525229940434E-10	1.05300745546912E-02	3.28338664151951E-11	4.83989523312384E-11	5.31462882354449	1.93884590679896E-12	2.24109959335889E-10	108.13691069528	1E10	1E-30	1E-10	1E10	1E-30	1E-10	1E10	1E-30	1E-10	1E10	1E-30	1E-10
102	9.74366053633701E-06	1E10	5E7	1E-30	4.99609353528383E-11	1E10	1E-30	1E10	1.4494967377849E-03	2.1817254113958E-03	1E10	2.96267035047163	2.56728604277045E-03	1E10	0.502353186656698	1.42646250251932E-03	1E10	0.173586902158415	1.44859527978551E-03	1E10	0.025532061060064	9.64368360998561E-04	1E10	3.94290035362698E-03	1E-30	3.47973293993381E-11	2.96976669165664E-02	1E-30	3.53257397862731E-10	1.88817953699834E-02	1.8500098018253E-05	1.51009930392835E-10	1.36231136020852E-02	1.18705805753913E-05	1.03804794528051E-10	1.00105661494392E-02	2.43331894717199E-11	6.485809725237E-11	5.37411683588109	2.10138710817039E-12	2.00435601067643E-10	99.7594680539855	1E10	1E-30	1E-10	1E10	1E-30	1E-10	1E10	1E-30	1E-10	1E10	1E-30	1E-10
103	2.04863144990106E-05	1E10	2272727.27272727	1E-30	1.52846654070512E-10	1E10	1E-30	1E10	1.14454741314313E-03	3.27534728855513E-03	1E10	1.77599411130592	3.53900467555998E-03	1E10	0.187616167424162	2.61391334402757E-03	1E10	2.70625241837306E-02	4.41774493513071E-03	1E10	1.39013068139035E-03	1E-30	9.45016065878903E-12	2.40766012670596E-02	1E-30	4.32355338384628E-11	1.91281095294757E-02	1E-30	4.64195916387622E-10	1.38422006722617E-02	3.23105189522971E-05	1.96324463239131E-10	7.79565777351302E-03	3.91895422694405E-05	7.1160611843463E-11	4.80459562575461E-03	4.62392074247934E-11	4.34296888875846E-11	2.54622692791683	4.06508013813404E-12	8.00577210572436E-11	12.5999688295931	1E10	1E-30	1E-10	1E10	1E-30	1E-10	1E10	1E-30	1E-10	1E10	1E-30	1E-10
104	2.04863144990106E-05	1E10	2272727.27272727	1E-30	1.52846654070512E-10	1E10	1E-30	1E10	1.14454741314313E-03	3.27534728855513E-03	1E10	1.77599411130592	3.53900467555998E-03	1E10	0.187616167424162	2.61391334402757E-03	1E10	2.70625241837306E-02	4.41774493513071E-03	1E10	1.39013068139035E-03	1E-30	9.45016065878903E-12	2.40766012670596E-02	1E-30	4.32355338384628E-11	1.91281095294757E-02	1E-30	4.64195916387622E-10	1.38422006722617E-02	3.23105189522971E-05	1.96324463239131E-10	7.79565777351302E-03	3.91895422694405E-05	7.1160611843463E-11	4.80459562575461E-03	4.62392074247934E-11	4.34296888875846E-11	2.54622692791683	4.06508013813404E-12	8.00577210572436E-11	12.5999688295931	1E10	1E-30	1E-10	1E10	1E-30	1E-10	1E10	1E-30	1E-10	1E10	1E-30	1E-10
105	2.04863144990106E-05	1E10	2272727	1E-30	1.52846654070512E-10	1E10	1E-30	1E10	1.14454741314313E-03	3.27534728855513E-03	1E10	1.77599411130592	3.53900467555998E-03	1E10	0.187616167424162	2.61391334402757E-03	1E10	2.70625241837306E-02	4.41774493513071E-03	1E10	1.39013068139035E-03	1E-30	9.45016065878903E-12	2.40766012670596E-02	1E-30	4.32355338384628E-11	1.91281095294757E-02	1E-30	4.64195916387622E-10	1.38422006722617E-02	3.23105189522971E-05	1.96324463239131E-10	7.79565777351302E-03	3.91895422694405E-05	7.1160611843463E-11	4.80459562575461E-03	4.62392074247934E-11	4.34296888875846E-11	2.54622692791683	4.06508013813404E-12	8.00577210572436E-11	12.5999688295931	1E10	1E-30	1E-10	1E10	1E-30	1E-10	1E10	1E-30	1E-10	1E10	1E-30	1E-10
106	2.19131162428845E-05	1E10	2272727.27272727	1E-30	1.42691891911202E-10	1E10	1E-30	1E10	1.32258528630535E-03	3.36877976100373E-03	1E10	1.46969175459302	2.9789874388152E-03	1E10	0.21410667394315	2.21505238530553E-03	1E10	0.03709495728379	3.52404175199726E-03	1E10	2.67705831564783E-03	6.57554934831914E-03	1E10	4.99297773173442E-04	1E-30	2.42811918035578E-11	0.038140806895231	1E-30	4.68367122925182E-10	1.35729738205594E-02	1E-30	2.93056729664856E-11	8.07522778874523E-03	4.11307480568905E-05	1.83288145753863E-10	8.48561882061064E-03	3.12557256752255E-05	1.03900125962021E-10	5.99061789399729E-03	1.24069393170354E-11	5.5987650674009E-11	5.52159075139282	3.86453060911043E-12	8.87700629655658E-11	28.8154456180214	1E10	1E-30	1E-10	1E10	1E-30	1E-10	1E10	1E-30	1E-10
107	2.19131162428845E-05	1E10	2272727.27272727	1E-30	1.42691891911202E-10	1E10	1E-30	1E10	1.32258528630535E-03	3.36877976100373E-03	1E10	1.46969175459302	2.9789874388152E-03	1E10	0.21410667394315	2.21505238530553E-03	1E10	0.03709495728379	3.52404175199726E-03	1E10	2.67705831564783E-03	6.57554934831914E-03	1E10	4.99297773173442E-04	1E-30	2.42811918035578E-11	0.038140806895231	1E-30	4.68367122925182E-10	1.35729738205594E-02	1E-30	2.93056729664856E-11	8.07522778874523E-03	4.11307480568905E-05	1.83288145753863E-10	8.48561882061064E-03	3.12557256752255E-05	1.03900125962021E-10	5.99061789399729E-03	1.24069393170354E-11	5.5987650674009E-11	5.52159075139282	3.86453060911043E-12	8.87700629655658E-11	28.8154456180214	1E10	1E-30	1E-10	1E10	1E-30	1E-10	1E10	1E-30	1E-10
108	2.19131162428845E-05	1E10	2272727.27272727	1E-30	1.42691891911202E-10	1E10	1E-30	1E10	1.32258528630535E-03	3.36877976100373E-03	1E10	1.46969175459302	2.9789874388152E-03	1E10	0.21410667394315	2.21505238530553E-03	1E10	0.03709495728379	3.52404175199726E-03	1E10	2.67705831564783E-03	6.57554934831914E-03	1E10	4.99297773173442E-04	1E-30	2.42811918035578E-11	0.038140806895231	1E-30	4.68367122925182E-10	1.35729738205594E-02	1E-30	2.93056729664856E-11	8.07522778874523E-03	4.11307480568905E-05	1.83288145753863E-10	8.48561882061064E-03	3.12557256752255E-05	1.03900125962021E-10	5.99061789399729E-03	1.24069393170354E-11	5.5987650674009E-11	5.52159075139282	3.86453060911043E-12	8.87700629655658E-11	28.8154456180214	1E10	1E-30	1E-10	1E10	1E-30	1E-10	1E10	1E-30	1E-10
109	2.19131162428845E-05	1E10	2272727.27272727	1E-30	1.42691891911202E-10	1E10	1E-30	1E10	1.32258528630535E-03	3.36877976100373E-03	1E10	1.46969175459302	2.9789874388152E-03	1E10	0.21410667394315	2.21505238530553E-03	1E10	0.03709495728379	3.52404175199726E-03	1E10	2.67705831564783E-03	6.57554934831914E-03	1E10	4.99297773173442E-04	1E-30	2.42811918035578E-11	0.038140806895231	1E-30	4.68367122925182E-10	1.35729738205594E-02	1E-30	2.93056729664856E-11	8.07522778874523E-03	4.11307480568905E-05	1.83288145753863E-10	8.48561882061064E-03	3.12557256752255E-05	1.03900125962021E-10	5.99061789399729E-03	1.24069393170354E-11	5.5987650674009E-11	5.52159075139282	3.86453060911043E-12	8.87700629655658E-11	28.8154456180214	1E10	1E-30	1E-10	1E10	1E-30	1E-10	1E10	1E-30	1E-10
110	1.68224659982824E-05	1E10	2272727	1E-30	3.85870995307345E-11	1E10	1E-30	1E10	1.95646538001214E-03	5.20099274692802E-04	1E10	8.1261158217002	7.00206787497018E-04	1E10	0.668184946915407	6.17389387208516E-04	1E10	0.103620531784488	6.08457034512455E-04	1E10	0.013784257499173	5.11676303284683E-04	1E10	2.81521527136354E-03	1E-30	4.32519468120056E-11	2.57492493638853E-02	1E-30	3.88018971732289E-10	1.45430218861036E-02	3.01609057954599E-05	1.5519196187127E-10	8.43503826061777E-03	2.45966470591433E-05	8.36032695508597E-11	5.99587437650664E-03	5.8932460838029E-11	5.46460219418775E-11	3.35875117846237	1.39350331237823E-11	6.12420870313081E-11	3.81207260331488	2.18814187794647E-12	2.04749570797437E-10	138.739437780441	1E10	1E-30	1E-10	1E10	1E-30	1E-10	1E10	1E-30	1E-10
111	1.65603338709072E-05	1E10	2272727.27272727	1E-30	5.16517114151418E-11	1E10	1E-30	1E10	1.85616792933305E-03	4.66033772270928E-04	1E10	11.3836487512018	6.59175761264526E-04	1E10	0.894499318399558	5.09685196851159E-04	1E10	0.127871817990007	4.52265214626933E-04	1E10	0.012781846583848	7.09979747441859E-04	1E10	1.4611084976607E-03	1E-30	4.40627800640333E-11	0.033363514094449	1E-30	3.21067059096278E-10	1.66472444725231E-02	2.77682760588254E-05	1.76960802555963E-10	1.00510400795909E-02	1.37357333147671E-05	1.53398401510444E-10	8.9052638915788E-03	4.1674647891702E-11	4.50176973156048E-11	4.9745714015608	1.82555725550702E-12	2.60260399145082E-10	68.8582141669464	1E10	1E-30	1E-10	1E10	1E-30	1E-10	1E10	1E-30	1E-10	1E10	1E-30	1E-10
112	1.68224659982824E-05	1E10	2272727.27272727	1E-30	3.85870995307345E-11	1E10	1E-30	1E10	1.95646538001214E-03	5.20099274692802E-04	1E10	8.1261158217002	7.00206787497018E-04	1E10	0.668184946915407	6.17389387208516E-04	1E10	0.103620531784488	6.08457034512455E-04	1E10	0.013784257499173	5.11676303284683E-04	1E10	2.81521527136354E-03	1E-30	4.32519468120056E-11	2.57492493638853E-02	1E-30	3.88018971732289E-10	1.45430218861036E-02	3.01609057954599E-05	1.5519196187127E-10	8.43503826061777E-03	2.45966470591433E-05	8.36032695508597E-11	5.99587437650664E-03	5.8932460838029E-11	5.46460219418775E-11	3.35875117846237	1.39350331237823E-11	6.12420870313081E-11	3.81207260331488	2.18814187794647E-12	2.04749570797437E-10	138.739437780441	1E10	1E-30	1E-10	1E10	1E-30	1E-10	1E10	1E-30	1E-10
113	3.8095098415878E-05	1E10	1063829.78723404	1E-30	7.50641616286817E-11	1E10	1E-30	1E10	1.08202299385787E-03	1.3883698923425E-03	1E10	3.29092445536199	2.3674874960318E-03	1E10	0.256448875657451	1.99065621230074E-03	1E10	5.51092756846503E-02	2.0864727329021E-03	1E10	8.61429017462205E-03	1.37068943920549E-03	1E10	1.85068848558679E-03	1E-30	1.21887234523767E-11	1.80288685109827E-02	1E-30	5.49248967710393E-11	1.43063074531631E-02	1E-30	5.25421091875265E-10	8.21655497655745E-03	1.06540847192418E-04	1.04078986996694E-10	3.27570555957039E-03	1.02482016628739E-04	5.06471384808096E-11	2.50815774831137E-03	3.64303507127901E-11	7.97975763297854E-11	9.91667723109376	2.20826088889764E-12	2.51201846150111E-10	63.5122886118748	1E10	1E-30	1E-10	1E10	1E-30	1E-10	1E10	1E-30	1E-10
114	3.8095098415878E-05	1E10	1063829.78723404	1E-30	7.50641616286817E-11	1E10	1E-30	1E10	1.08202299385787E-03	1.3883698923425E-03	1E10	3.29092445536199	2.3674874960318E-03	1E10	0.256448875657451	1.99065621230074E-03	1E10	5.51092756846503E-02	2.0864727329021E-03	1E10	8.61429017462205E-03	1.37068943920549E-03	1E10	1.85068848558679E-03	1E-30	1.21887234523767E-11	1.80288685109827E-02	1E-30	5.49248967710393E-11	1.43063074531631E-02	1E-30	5.25421091875265E-10	8.21655497655745E-03	1.06540847192418E-04	1.04078986996694E-10	3.27570555957039E-03	1.02482016628739E-04	5.06471384808096E-11	2.50815774831137E-03	3.64303507127901E-11	7.97975763297854E-11	9.91667723109376	2.20826088889764E-12	2.51201846150111E-10	63.5122886118748	1E10	1E-30	1E-10	1E10	1E-30	1E-10	1E10	1E-30	1E-10
115	3.82897888986458E-05	1E10	1063830	1E-30	1.40498715470386E-10	1E10	1E-30	1E10	1.30516691867907E-03	2.28843165805444E-03	1E10	1.05388349586848	3.52322943953022E-03	1E10	0.13196539440247	2.97904388819361E-03	1E10	3.86899293672656E-02	3.24144681393397E-03	1E10	1.03139398470153E-02	2.09212101369912E-03	1E10	2.09107215906594E-03	1E-30	5.26988875250036E-11	2.23816148140928E-02	1E-30	3.88856620404744E-10	7.99382270886976E-03	1E-30	9.11486597206336E-11	2.4890190096503E-03	1.301469793677E-04	9.94094682168663E-11	4.17369572947925E-03	3.11801560918554E-05	1.76093151778932E-10	3.67403549044717E-03	3.94908506170288E-11	7.32043245197134E-11	3.34264753840534	3.28435402417637E-12	1.67123508950742E-10	29.2110164670561	1E10	1E-30	1E-10	1E10	1E-30	1E-10	1E10	1E-30	1E-10
116	3.11963203017335E-05	1E10	1063829.78723404	1E-30	1.04857012576751E-10	1E10	1E-30	1E10	1.24640483038959E-03	9.60660152617434E-04	1E10	1.4060846478941	1.10745600944707E-03	1E10	0.134960938480935	1.00790377590314E-03	1E10	1.71637289403426E-02	7.40338784858914E-04	1E10	2.30331055351561E-03	1E-30	1.72953917993103E-11	2.33454691494094E-02	1E-30	4.69152047510635E-11	1.35827105238383E-02	1E-30	4.34949902069268E-10	1.05346836909916E-02	7.35133498560654E-05	1.3562847789634E-10	4.81207643987197E-03	3.32173313942784E-05	1.34263265164383E-10	4.3190719295235E-03	2.94937800494723E-11	7.86125950010346E-11	10.3620019391648	6.37292334524461E-12	1.57241872404555E-10	28.0220553844218	5.46852165850896E-12	1.22848599910861E-10	25.2852288414942	1E10	1E-30	1E-10	1E10	1E-30	1E-10	1E10	1E-30	1E-10
117	3.11963203017335E-05	1E10	1063829.78723404	1E-30	1.04857012576751E-10	1E10	1E-30	1E10	1.24640483038959E-03	9.60660152617434E-04	1E10	1.4060846478941	1.10745600944707E-03	1E10	0.134960938480935	1.00790377590314E-03	1E10	1.71637289403426E-02	7.40338784858914E-04	1E10	2.30331055351561E-03	1E-30	1.72953917993103E-11	2.33454691494094E-02	1E-30	4.69152047510635E-11	1.35827105238383E-02	1E-30	4.34949902069268E-10	1.05346836909916E-02	7.35133498560654E-05	1.3562847789634E-10	4.81207643987197E-03	3.32173313942784E-05	1.34263265164383E-10	4.3190719295235E-03	2.94937800494723E-11	7.86125950010346E-11	10.3620019391648	6.37292334524461E-12	1.57241872404555E-10	28.0220553844218	5.46852165850896E-12	1.22848599910861E-10	25.2852288414942	1E10	1E-30	1E-10	1E10	1E-30	1E-10	1E10	1E-30	1E-10
118	3.11963203017335E-05	1E10	1063829.78723404	1E-30	1.04857012576751E-10	1E10	1E-30	1E10	1.24640483038959E-03	9.60660152617434E-04	1E10	1.4060846478941	1.10745600944707E-03	1E10	0.134960938480935	1.00790377590314E-03	1E10	1.71637289403426E-02	7.40338784858914E-04	1E10	2.30331055351561E-03	1E-30	1.72953917993103E-11	2.33454691494094E-02	1E-30	4.69152047510635E-11	1.35827105238383E-02	1E-30	4.34949902069268E-10	1.05346836909916E-02	7.35133498560654E-05	1.3562847789634E-10	4.81207643987197E-03	3.32173313942784E-05	1.34263265164383E-10	4.3190719295235E-03	2.94937800494723E-11	7.86125950010346E-11	10.3620019391648	6.37292334524461E-12	1.57241872404555E-10	28.0220553844218	5.46852165850896E-12	1.22848599910861E-10	25.2852288414942	1E10	1E-30	1E-10	1E10	1E-30	1E-10	1E10	1E-30	1E-10
119	3.11963203017335E-05	1E10	1063829.78723404	1E-30	1.04857012576751E-10	1E10	1E-30	1E10	1.24640483038959E-03	9.60660152617434E-04	1E10	1.4060846478941	1.10745600944707E-03	1E10	0.134960938480935	1.00790377590314E-03	1E10	1.71637289403426E-02	7.40338784858914E-04	1E10	2.30331055351561E-03	1E-30	1.72953917993103E-11	2.33454691494094E-02	1E-30	4.69152047510635E-11	1.35827105238383E-02	1E-30	4.34949902069268E-10	1.05346836909916E-02	7.35133498560654E-05	1.3562847789634E-10	4.81207643987197E-03	3.32173313942784E-05	1.34263265164383E-10	4.3190719295235E-03	2.94937800494723E-11	7.86125950010346E-11	10.3620019391648	6.37292334524461E-12	1.57241872404555E-10	28.0220553844218	5.46852165850896E-12	1.22848599910861E-10	25.2852288414942	1E10	1E-30	1E-10	1E10	1E-30	1E-10	1E10	1E-30	1E-10
120	7.62957357158366E-05	1E10	5E5	1E-30	1.13312865723957E-10	1E10	1E-30	1E10	9.39357596716457E-04	4.03700098951382E-03	1E10	0.380771614268546	4.72402619638878E-03	1E10	0.045259220154128	4.94009152589186E-03	1E10	1.01282229606227E-02	4.91469339799988E-03	1E10	1.41784214949737E-03	1E-30	9.00183231292125E-12	2.75171727221787E-02	1E-30	1.80022807567422E-11	1.35996593990123E-02	1E-30	5.54907207822843E-11	1.03736620666389E-02	1E-30	4.78175072857893E-10	7.58485038211198E-03	1.71925336358294E-04	1.61121548473634E-10	2.89809443442125E-03	1.04092368939764E-04	1.24080987326765E-10	2.75942280743682E-03	5.60765863681162E-11	4.36858634109104E-11	2.47736387421487	1.16108579962182E-12	1.710251411289E-10	27.8923096968378	1E10	1E-30	1E-10	1E10	1E-30	1E-10	1E10	1E-30	1E-10
121	1.67237840889972E-04	1E10	227273	1E-30	2.39838180084395E-10	1E10	1E-30	1E10	8.14061598168596E-04	1.94236396219693E-02	1E10	0.111720892744803	1.28844665122875E-02	1E10	5.35878753049892E-02	8.25249184283538E-03	1E10	1.24985938069374E-02	3.08693239257316E-02	1E10	2.19606109418326E-03	1E-30	1.28771061522377E-11	1.15840796743269E-02	1E-30	6.7081848767227E-11	1.09983265741954E-02	1E-30	4.79998728116917E-10	3.50426133296694E-03	1E-30	1.88735713931499E-10	1.86791486739471E-03	9.54704087003449E-04	8.18246193663045E-11	1.30929699955474E-03	2.17948704975936E-04	1.73760551555713E-10	1.61906947236478E-03	4.01117678001855E-11	7.56512102185617E-11	3.88046328047521	9.05044886241412E-12	7.5902363669484E-11	7.50730630233243	1E10	1E-30	1E-10	1E10	1E-30	1E-10	1E10	1E-30	1E-10
122	1.67237840889972E-04	1E10	227273	1E-30	2.39838180084395E-10	1E10	1E-30	1E10	8.14061598168596E-04	1.94236396219693E-02	1E10	0.111720892744803	1.28844665122875E-02	1E10	5.35878753049892E-02	8.25249184283538E-03	1E10	1.24985938069374E-02	3.08693239257316E-02	1E10	2.19606109418326E-03	1E-30	1.28771061522377E-11	1.15840796743269E-02	1E-30	6.7081848767227E-11	1.09983265741954E-02	1E-30	4.79998728116917E-10	3.50426133296694E-03	1E-30	1.88735713931499E-10	1.86791486739471E-03	9.54704087003449E-04	8.18246193663045E-11	1.30929699955474E-03	2.17948704975936E-04	1.73760551555713E-10	1.61906947236478E-03	4.01117678001855E-11	7.56512102185617E-11	3.88046328047521	9.05044886241412E-12	7.5902363669484E-11	7.50730630233243	1E10	1E-30	1E-10	1E10	1E-30	1E-10	1E10	1E-30	1E-10
123	1.67237840889972E-04	1E10	227273	1E-30	2.39838180084395E-10	1E10	1E-30	1E10	8.14061598168596E-04	1.94236396219693E-02	1E10	0.111720892744803	1.28844665122875E-02	1E10	5.35878753049892E-02	8.25249184283538E-03	1E10	1.24985938069374E-02	3.08693239257316E-02	1E10	2.19606109418326E-03	1E-30	1.28771061522377E-11	1.15840796743269E-02	1E-30	6.7081848767227E-11	1.09983265741954E-02	1E-30	4.79998728116917E-10	3.50426133296694E-03	1E-30	1.88735713931499E-10	1.86791486739471E-03	9.54704087003449E-04	8.18246193663045E-11	1.30929699955474E-03	2.17948704975936E-04	1.73760551555713E-10	1.61906947236478E-03	4.01117678001855E-11	7.56512102185617E-11	3.88046328047521	9.05044886241412E-12	7.5902363669484E-11	7.50730630233243	1E10	1E-30	1E-10	1E10	1E-30	1E-10	1E10	1E-30	1E-10
END DSCRDATA
