BEGIN DSCRDATA
% INDEX	K01	L01	M01	K02	L02	M02	K03	L03	M03	K04	L04	M04	K05	L05	M05	K06	L06	M06	K07	L07	M07	K08	L08	M08	K09	L09	M09	K10	L10	M10	K11	L11	M11	K12	L12	M12	K13	L13	M13	K14	L14	M14	K15	L15	M15	K16	L16	M16	K17	L17	M17	K18	L18	M18
0	0	0	0	0	0	0	0	0	0	0	0	0	0	0	0	0	0	0	0	0	0	0	0	0	0	0	0	0	0	0	0	0	0	0	0	0	0	0	0	0	0	0	0	0	0	0	0	0	0	0	0	0	0	0
1	1.03452403341347E-09	1E10	1E10	1E-30	1.67030998760502E-10	1E10	1E-30	1E10	0.259779226327368	7.56007933289159E-08	1E10	25876.5503615594	1.55035320871368E-07	1E10	961.405006682649	1.31797552868212E-07	1E10	96.1405006682649	1.11921559307448E-07	1E10	11.8278655582433	6.45477025748417E-08	1E10	2.05087571478249	3.13455061538642E-08	1E10	0.370677441289421	2.11815592157972E-08	1E10	0.108306112852128	2.00221929002412E-11	2.03639990474181E-10	4.40113695693195	1.73823085809746E-12	1.89341843728741E-10	18.6977753629943	1E10	1E-30	1E-10	1E10	1E-30	1E-10	1E10	1E-30	1E-10	1E10	1E-30	1E-10	1E10	1E-30	1E-10	1E10	1E-30	1E-10
2	1.03452403341347E-09	1E10	1E10	1E-30	1.67030998760502E-10	1E10	1E-30	1E10	0.259779226327368	7.56007933289159E-08	1E10	25876.5503615594	1.55035320871368E-07	1E10	961.405006682649	1.31797552868212E-07	1E10	96.1405006682649	1.11921559307448E-07	1E10	11.8278655582433	6.45477025748417E-08	1E10	2.05087571478249	3.13455061538642E-08	1E10	0.370677441289421	2.11815592157972E-08	1E10	0.108306112852128	2.00221929002412E-11	2.03639990474181E-10	4.40113695693195	1.73823085809746E-12	1.89341843728741E-10	18.6977753629943	1E10	1E-30	1E-10	1E10	1E-30	1E-10	1E10	1E-30	1E-10	1E10	1E-30	1E-10	1E10	1E-30	1E-10	1E10	1E-30	1E-10
3	2.23354035079652E-09	1E10	1E10	1E-30	1.36806101704531E-10	1E10	1E-30	1E10	0.134785822956073	2.14169788631901E-07	1E10	8368.37626724264	3.40927850636722E-07	1E10	481.549791483585	3.05186864715884E-07	1E10	50.424453397042	2.84950881594178E-07	1E10	6.60065858102041	1.97663506512734E-07	1E10	1.19064429918026	1.12246982460041E-07	1E10	0.296396659161091	3.60042355542669E-08	1E10	9.70079480665995E-02	1.78872616982732E-08	9.53628071659489E-12	6.41533664103944E-02	2.19217976482074E-09	2.83279350456112E-11	0.197227759331012	1.63655141519541E-11	1.52554282369761E-10	3.26815436998665	2.05788784887069E-12	1.7819750157942E-10	21.7708800221331	1E10	1E-30	1E-10	1E10	1E-30	1E-10	1E10	1E-30	1E-10	1E10	1E-30	1E-10
4	2.23354035079652E-09	1E10	1E10	1E-30	1.36806101704531E-10	1E10	1E-30	1E10	0.134785822956073	2.14169788631901E-07	1E10	8368.37626724264	3.40927850636722E-07	1E10	481.549791483585	3.05186864715884E-07	1E10	50.424453397042	2.84950881594178E-07	1E10	6.60065858102041	1.97663506512734E-07	1E10	1.19064429918026	1.12246982460041E-07	1E10	0.296396659161091	3.60042355542669E-08	1E10	9.70079480665995E-02	1.78872616982732E-08	9.53628071659489E-12	6.41533664103944E-02	2.19217976482074E-09	2.83279350456112E-11	0.197227759331012	1.63655141519541E-11	1.52554282369761E-10	3.26815436998665	2.05788784887069E-12	1.7819750157942E-10	21.7708800221331	1E10	1E-30	1E-10	1E10	1E-30	1E-10	1E10	1E-30	1E-10	1E10	1E-30	1E-10
5	4.79988481825943E-09	1E10	1E10	1E-30	1.98350091592818E-10	1E10	1E-30	1E10	8.37496096108255E-02	5.12147321231153E-07	1E10	3986.55669196611	8.02556061074618E-07	1E10	199.801132014478	1.01763581025197E-06	1E10	23.4745861477961	6.1234497288383E-07	1E10	6.12859775281721	4.49018747857129E-07	1E10	0.939522032501304	3.25285327695549E-07	1E10	0.163270216670906	1.29498421431442E-07	1E10	0.062073605113239	1E-30	9.76425434619105E-11	0.567276160693839	3.055591406122E-08	1.54168555290736E-11	6.23041775401052E-02	5.84521977427105E-09	3.32627916816699E-11	0.133384021955065	5.56045433468033E-11	4.1611467775191E-11	1.11459678209313	4.02819307439728E-12	9.53263655103738E-11	11.1459678209313	1E10	1E-30	1E-10	1E10	1E-30	1E-10	1E10	1E-30	1E-10
6	4.79988481825943E-09	1E10	1E10	1E-30	1.98350091592818E-10	1E10	1E-30	1E10	8.37496096108255E-02	5.12147321231153E-07	1E10	3986.55669196611	8.02556061074618E-07	1E10	199.801132014478	1.01763581025197E-06	1E10	23.4745861477961	6.1234497288383E-07	1E10	6.12859775281721	4.49018747857129E-07	1E10	0.939522032501304	3.25285327695549E-07	1E10	0.163270216670906	1.29498421431442E-07	1E10	0.062073605113239	1E-30	9.76425434619105E-11	0.567276160693839	3.055591406122E-08	1.54168555290736E-11	6.23041775401052E-02	5.84521977427105E-09	3.32627916816699E-11	0.133384021955065	5.56045433468033E-11	4.1611467775191E-11	1.11459678209313	4.02819307439728E-12	9.53263655103738E-11	11.1459678209313	1E10	1E-30	1E-10	1E10	1E-30	1E-10	1E10	1E-30	1E-10
7	9.883779470209E-09	1E10	1E10	1E-30	2.03516743602563E-10	1E10	1E-30	1E10	3.86206874952141E-02	1.17255341936205E-06	1E10	3150.88078058737	1.94904641790406E-06	1E10	256.113205125637	1.82597600025134E-06	1E10	53.5096328529622	1.31524152882197E-06	1E10	9.66833658450583	9.790309582253E-07	1E10	1.37870246330948	7.04082078825329E-07	1E10	0.196773801292517	6.2144223558099E-07	1E10	4.03867725101622E-02	1E-30	1.11364884323001E-10	0.229911616876311	7.0114664567356E-08	1.66983872995472E-11	6.51855832023528E-02	1.73502673519718E-08	3.0930518022503E-11	0.116409775346812	6.45043895477952E-12	9.43482923268388E-11	12.6860480804837	7.43391690237798E-12	5.32275351127807E-11	10.3649328323198	1E10	1E-30	1E-10	1E10	1E-30	1E-10	1E10	1E-30	1E-10
8	9.883779470209E-09	1E10	1E10	1E-30	2.03516743602563E-10	1E10	1E-30	1E10	3.86206874952141E-02	1.17255341936205E-06	1E10	3150.88078058737	1.94904641790406E-06	1E10	256.113205125637	1.82597600025134E-06	1E10	53.5096328529622	1.31524152882197E-06	1E10	9.66833658450583	9.790309582253E-07	1E10	1.37870246330948	7.04082078825329E-07	1E10	0.196773801292517	6.2144223558099E-07	1E10	4.03867725101622E-02	1E-30	1.11364884323001E-10	0.229911616876311	7.0114664567356E-08	1.66983872995472E-11	6.51855832023528E-02	1.73502673519718E-08	3.0930518022503E-11	0.116409775346812	6.45043895477952E-12	9.43482923268388E-11	12.6860480804837	7.43391690237798E-12	5.32275351127807E-11	10.3649328323198	1E10	1E-30	1E-10	1E10	1E-30	1E-10	1E10	1E-30	1E-10
9	2.06090797545231E-08	1E10	1E10	1E-30	1.91057186850728E-10	1E10	1E-30	1E10	2.09214565731838E-02	2.53266244738843E-06	1E10	1167.87397722904	5.82439755564426E-06	1E10	99.4021965846338	3.22939304791551E-06	1E10	37.7916611124496	2.71968865950014E-06	1E10	4.46517088268822	1.94010360058289E-06	1E10	0.660865922239731	1.47183294949917E-06	1E10	9.71935966449914E-02	1.10122761050405E-06	1E10	1.21450875974618E-02	1E-30	1.41047740563501E-10	0.20271211825089	1.42379027449816E-07	1.85257486997824E-11	6.10758280618612E-02	3.40211693667088E-08	3.95124676686644E-11	8.81485701440444E-02	7.38171712103597E-12	7.48007887059775E-11	8.20704915873142	1.20447042315791E-11	2.60950370196285E-11	5.89156351250907	1E10	1E-30	1E-10	1E10	1E-30	1E-10	1E10	1E-30	1E-10
10	2.06090797545231E-08	1E10	1E10	1E-30	1.91057186850728E-10	1E10	1E-30	1E10	2.09214565731838E-02	2.53266244738843E-06	1E10	1167.87397722904	5.82439755564426E-06	1E10	99.4021965846338	3.22939304791551E-06	1E10	37.7916611124496	2.71968865950014E-06	1E10	4.46517088268822	1.94010360058289E-06	1E10	0.660865922239731	1.47183294949917E-06	1E10	9.71935966449914E-02	1.10122761050405E-06	1E10	1.21450875974618E-02	1E-30	1.41047740563501E-10	0.20271211825089	1.42379027449816E-07	1.85257486997824E-11	6.10758280618612E-02	3.40211693667088E-08	3.95124676686644E-11	8.81485701440444E-02	7.38171712103597E-12	7.48007887059775E-11	8.20704915873142	1.20447042315791E-11	2.60950370196285E-11	5.89156351250907	1E10	1E-30	1E-10	1E10	1E-30	1E-10	1E10	1E-30	1E-10
11	4.4619437331807E-08	1E10	1E10	1E-30	1.78673050839534E-10	1E10	1E-30	1E10	1.70633431511104E-02	6.02108002071642E-06	1E10	529.050603648877	7.59211975029197E-06	1E10	52.9050603648877	6.79260657226717E-06	1E10	9.19384577471376	5.86267595611264E-06	1E10	1.33680048537878	4.54627340627123E-06	1E10	0.210888541029817	4.68530390349575E-06	1E10	4.02493071423417E-02	2.71633994379507E-06	1E10	0.011549990427583	1E-30	1.36906834062966E-10	0.121321761096328	3.04340666260908E-07	1.99145992008134E-11	3.41010465211681E-02	9.37772130445328E-08	3.09990995755771E-11	5.49587634326374E-02	5.42994052342047E-12	1.06766795801929E-10	16.5516342966439	4.30236358215074E-12	7.51654169470319E-11	14.4344331339831	1E10	1E-30	1E-10	1E10	1E-30	1E-10	1E10	1E-30	1E-10
END DSCRDATA
