BEGIN DSCRDATA
% INDEX	K01	L01	M01	K02	L02	M02	K03	L03	M03	K04	L04	M04	K05	L05	M05	K06	L06	M06	K07	L07	M07	K08	L08	M08	K09	L09	M09	K10	L10	M10	K11	L11	M11	K12	L12	M12	K13	L13	M13	K14	L14	M14	K15	L15	M15	K16	L16	M16	K17	L17	M17	K18	L18	M18
0	0	0	0	0	0	0	0	0	0	0	0	0	0	0	0	0	0	0	0	0	0	0	0	0	0	0	0	0	0	0	0	0	0	0	0	0	0	0	0	0	0	0	0	0	0	0	0	0	0	0	0	0	0	0
1	2.36304713633783E-10	1E10	2E9	1E-30	1.63775373857071E-11	1E10	1E-30	1E10	0.499328896962652	1.35686989844296E-08	1E10	124308.959130066	4.06288567449669E-08	1E10	3195.2322430831	3.47326537982593E-08	1E10	298.196423290252	2.542231285187E-08	1E10	41.0020293833268	1.43574403430947E-08	1E10	6.3085802894705	8.21916445784312E-09	1E10	1.16115891896427	4.09280968876412E-09	1E10	0.650719766222536	1.52346051414115E-09	1E10	0.479289058939727	4.99675087449463E-12	2.7235235302729E-10	16.9572453765513	4.88387976643978E-13	3.05530003597078E-10	21.8451637542928	1E10	1E-30	1E-10	1E10	1E-30	1E-10	1E10	1E-30	1E-10	1E10	1E-30	1E-10	1E10	1E-30	1E-10
2	2.36304713633783E-10	1E10	2E9	1E-30	1.63775373857071E-11	1E10	1E-30	1E10	0.499328896962652	1.35686989844296E-08	1E10	124308.959130066	4.06288567449669E-08	1E10	3195.2322430831	3.47326537982593E-08	1E10	298.196423290252	2.542231285187E-08	1E10	41.0020293833268	1.43574403430947E-08	1E10	6.3085802894705	8.21916445784312E-09	1E10	1.16115891896427	4.09280968876412E-09	1E10	0.650719766222536	1.52346051414115E-09	1E10	0.479289058939727	4.99675087449463E-12	2.7235235302729E-10	16.9572453765513	4.88387976643978E-13	3.05530003597078E-10	21.8451637542928	1E10	1E-30	1E-10	1E10	1E-30	1E-10	1E10	1E-30	1E-10	1E10	1E-30	1E-10	1E10	1E-30	1E-10
3	4.78878205200772E-10	1E10	2E9	1E-30	7.60019788274205E-11	1E10	1E-30	1E10	0.332243423127642	3.2652462212245E-08	1E10	73669.2182847173	8.73831260641818E-08	1E10	2496.23841031197	7.08567189192057E-08	1E10	314.257796863842	5.62347190110639E-08	1E10	39.2494469630995	3.3801097260116E-08	1E10	5.96460826451196	1.19964948825104E-08	1E10	1.15797642890516	3.26773151715876E-09	1E10	0.369596284660844	1E-30	1.36853592457454E-10	5.12029952974885	1.56274143127053E-09	1.18639065235262E-11	0.175144578035269	6.66500588353677E-10	1.08362455637247E-11	0.24248021064478	5.12897401291576E-12	1.45698804559202E-10	13.2049466656163	4.14406830578114E-12	6.58844744681784E-11	21.4359049150133	1E10	1E-30	1E-10	1E10	1E-30	1E-10	1E10	1E-30	1E-10
4	4.78878205200772E-10	1E10	2E9	1E-30	7.60019788274205E-11	1E10	1E-30	1E10	0.332243423127642	3.2652462212245E-08	1E10	73669.2182847173	8.73831260641818E-08	1E10	2496.23841031197	7.08567189192057E-08	1E10	314.257796863842	5.62347190110639E-08	1E10	39.2494469630995	3.3801097260116E-08	1E10	5.96460826451196	1.19964948825104E-08	1E10	1.15797642890516	3.26773151715876E-09	1E10	0.369596284660844	1E-30	1.36853592457454E-10	5.12029952974885	1.56274143127053E-09	1.18639065235262E-11	0.175144578035269	6.66500588353677E-10	1.08362455637247E-11	0.24248021064478	5.12897401291576E-12	1.45698804559202E-10	13.2049466656163	4.14406830578114E-12	6.58844744681784E-11	21.4359049150133	1E10	1E-30	1E-10	1E10	1E-30	1E-10	1E10	1E-30	1E-10
5	4.87201552629742E-10	1E10	2E9	1E-30	1.05193573104725E-10	1E10	1E-30	1E10	0.350310302466754	3.51461098965667E-08	1E10	35120.0778278585	1.01240588280053E-07	1E10	1398.15548136673	8.78715369960272E-08	1E10	184.312788486127	7.02744179896915E-08	1E10	34.5719375599451	4.14950778501266E-08	1E10	6.35994005033619	1.61721632097357E-08	1E10	1.29567972544486	4.0472553015792E-09	1E10	0.415197709787465	3.03300727852889E-09	1.04727997591706E-11	0.180678102458187	3.72155790006637E-10	3.5062229509105E-11	0.521247283220867	1.47122315428454E-12	3.66178152899875E-10	18.1846015188359	1E10	1E-30	1E-10	1E10	1E-30	1E-10	1E10	1E-30	1E-10	1E10	1E-30	1E-10	1E10	1E-30	1E-10
6	4.87201552629742E-10	1E10	2E9	1E-30	1.05193573104725E-10	1E10	1E-30	1E10	0.350310302466754	3.51461098965667E-08	1E10	35120.0778278585	1.01240588280053E-07	1E10	1398.15548136673	8.78715369960272E-08	1E10	184.312788486127	7.02744179896915E-08	1E10	34.5719375599451	4.14950778501266E-08	1E10	6.35994005033619	1.61721632097357E-08	1E10	1.29567972544486	4.0472553015792E-09	1E10	0.415197709787465	3.03300727852889E-09	1.04727997591706E-11	0.180678102458187	3.72155790006637E-10	3.5062229509105E-11	0.521247283220867	1.47122315428454E-12	3.66178152899875E-10	18.1846015188359	1E10	1E-30	1E-10	1E10	1E-30	1E-10	1E10	1E-30	1E-10	1E10	1E-30	1E-10	1E10	1E-30	1E-10
7	1.05098058903707E-09	1E10	2E9	1E-30	9.15232230623064E-11	1E10	1E-30	1E10	0.269522233834202	1.05469184011311E-07	1E10	21225.9562126954	2.2994108804947E-07	1E10	1113.95401713575	1.63044619972179E-07	1E10	184.870350232597	1.23514749218419E-07	1E10	23.8159145808496	7.5894355506239E-08	1E10	3.36209620180103	5.56209333156452E-08	1E10	0.457698474713548	1.20700866472172E-08	1E10	0.28409334202985	4.84999153624285E-10	3.17738711558129E-11	0.370037365458702	3.71335859454311E-11	1.00692990570875E-10	2.56061968754728	1.69401766929507E-12	3.3867987632494E-10	23.8565538901215	1E10	1E-30	1E-10	1E10	1E-30	1E-10	1E10	1E-30	1E-10	1E10	1E-30	1E-10	1E10	1E-30	1E-10
8	1.05098058903707E-09	1E10	2E9	1E-30	9.15232230623064E-11	1E10	1E-30	1E10	0.269522233834202	1.05469184011311E-07	1E10	21225.9562126954	2.2994108804947E-07	1E10	1113.95401713575	1.63044619972179E-07	1E10	184.870350232597	1.23514749218419E-07	1E10	23.8159145808496	7.5894355506239E-08	1E10	3.36209620180103	5.56209333156452E-08	1E10	0.457698474713548	1.20700866472172E-08	1E10	0.28409334202985	4.84999153624285E-10	3.17738711558129E-11	0.370037365458702	3.71335859454311E-11	1.00692990570875E-10	2.56061968754728	1.69401766929507E-12	3.3867987632494E-10	23.8565538901215	1E10	1E-30	1E-10	1E10	1E-30	1E-10	1E10	1E-30	1E-10	1E10	1E-30	1E-10	1E10	1E-30	1E-10
9	1.05098058903707E-09	1E10	2E9	1E-30	9.15232230623064E-11	1E10	1E-30	1E10	0.269522233834202	1.05469184011311E-07	1E10	21225.9562126954	2.2994108804947E-07	1E10	1113.95401713575	1.63044619972179E-07	1E10	184.870350232597	1.23514749218419E-07	1E10	23.8159145808496	7.5894355506239E-08	1E10	3.36209620180103	5.56209333156452E-08	1E10	0.457698474713548	1.20700866472172E-08	1E10	0.28409334202985	4.84999153624285E-10	3.17738711558129E-11	0.370037365458702	3.71335859454311E-11	1.00692990570875E-10	2.56061968754728	1.69401766929507E-12	3.3867987632494E-10	23.8565538901215	1E10	1E-30	1E-10	1E10	1E-30	1E-10	1E10	1E-30	1E-10	1E10	1E-30	1E-10	1E10	1E-30	1E-10
10	1.05098058903707E-09	1E10	2E9	1E-30	9.15232230623064E-11	1E10	1E-30	1E10	0.269522233834202	1.05469184011311E-07	1E10	21225.9562126954	2.2994108804947E-07	1E10	1113.95401713575	1.63044619972179E-07	1E10	184.870350232597	1.23514749218419E-07	1E10	23.8159145808496	7.5894355506239E-08	1E10	3.36209620180103	5.56209333156452E-08	1E10	0.457698474713548	1.20700866472172E-08	1E10	0.28409334202985	4.84999153624285E-10	3.17738711558129E-11	0.370037365458702	3.71335859454311E-11	1.00692990570875E-10	2.56061968754728	1.69401766929507E-12	3.3867987632494E-10	23.8565538901215	1E10	1E-30	1E-10	1E10	1E-30	1E-10	1E10	1E-30	1E-10	1E10	1E-30	1E-10	1E10	1E-30	1E-10
11	1.06528253912621E-09	1E10	1E10	1E-30	2.68214043777436E-10	1E10	1E-30	1E10	0.358203303354479	1.27193381266186E-07	1E10	13309.7158854079	1.28124312170624E-07	1E10	3411.21603643215	1.12313907480634E-07	1E10	717.723202480361	1.08646298131863E-07	1E10	141.807366079891	9.20291858538826E-08	1E10	30.6091375494701	6.82178243567809E-08	1E10	6.6871207702907	5.00935455549575E-08	1E10	1.42640047592246	2.00388433907996E-08	1E10	0.408676162328667	1E-30	1.45912465288684E-10	3.4650537692592	1E-30	4.65416444986415E-11	1.15944788302908	8.08761132403786E-10	1.69739458000046E-11	0.436968266489326	6.58763141421946E-11	1.10796165615511E-10	2.73475543135934	1E10	1E-30	1E-10	1E10	1E-30	1E-10	1E10	1E-30	1E-10
12	1.50484637031915E-09	1E10	1E10	1E-30	2.89983526618747E-10	1E10	1E-30	1E10	0.289053573822914	2.15641642266686E-07	1E10	8163.5495211472	2.07889662856785E-07	1E10	2252.49085012752	1.83988527373626E-07	1E10	467.589206823243	1.77886295228986E-07	1E10	95.7916844572364	1.50367253150809E-07	1E10	21.0752981645094	1.23115662382435E-07	1E10	4.40289023803234	7.58032627780529E-08	1E10	1.24733408159663	3.33074189647167E-08	1E10	0.333321576670597	1E-30	1.09347708029973E-10	2.54975089055779	1E-30	4.18383167251519E-11	0.988865434636856	5.97611875594932E-10	1.75173172978852E-11	0.469332654642791	4.80706615391655E-11	1.11638620505178E-10	2.19159759986215	1E10	1E-30	1E-10	1E10	1E-30	1E-10	1E10	1E-30	1E-10
13	2.24007383710665E-09	1E10	2E9	1E-30	1.51213594512823E-10	1E10	1E-30	1E10	0.152813564015314	2.46033778957773E-07	1E10	14164.2894384155	4.60791102059177E-07	1E10	1151.3166695325	3.60250759151862E-07	1E10	170.29221433434	3.04065881843232E-07	1E10	20.4736272786423	2.05325073651138E-07	1E10	2.81147866183153	1.24584030559934E-07	1E10	0.476344699010982	4.62845444807943E-08	1E10	0.118470208171592	1.24208354431872E-08	1.02712936905811E-11	5.34413511516108E-02	7.7035545714631E-10	5.00428822044026E-11	0.340141916737792	3.10633942079834E-11	1.05602651788101E-10	1.72002639691852	2.29088762002436E-12	2.04454541354108E-10	24.4295939458857	1E10	1E-30	1E-10	1E10	1E-30	1E-10	1E10	1E-30	1E-10	1E10	1E-30	1E-10
14	2.24007383710665E-09	1E10	2E9	1E-30	1.51213594512823E-10	1E10	1E-30	1E10	0.152813564015314	2.46033778957773E-07	1E10	14164.2894384155	4.60791102059177E-07	1E10	1151.3166695325	3.60250759151862E-07	1E10	170.29221433434	3.04065881843232E-07	1E10	20.4736272786423	2.05325073651138E-07	1E10	2.81147866183153	1.24584030559934E-07	1E10	0.476344699010982	4.62845444807943E-08	1E10	0.118470208171592	1.24208354431872E-08	1.02712936905811E-11	5.34413511516108E-02	7.7035545714631E-10	5.00428822044026E-11	0.340141916737792	3.10633942079834E-11	1.05602651788101E-10	1.72002639691852	2.29088762002436E-12	2.04454541354108E-10	24.4295939458857	1E10	1E-30	1E-10	1E10	1E-30	1E-10	1E10	1E-30	1E-10	1E10	1E-30	1E-10
15	2.24007383710665E-09	1E10	2E9	1E-30	1.51213594512823E-10	1E10	1E-30	1E10	0.152813564015314	2.46033778957773E-07	1E10	14164.2894384155	4.60791102059177E-07	1E10	1151.3166695325	3.60250759151862E-07	1E10	170.29221433434	3.04065881843232E-07	1E10	20.4736272786423	2.05325073651138E-07	1E10	2.81147866183153	1.24584030559934E-07	1E10	0.476344699010982	4.62845444807943E-08	1E10	0.118470208171592	1.24208354431872E-08	1.02712936905811E-11	5.34413511516108E-02	7.7035545714631E-10	5.00428822044026E-11	0.340141916737792	3.10633942079834E-11	1.05602651788101E-10	1.72002639691852	2.29088762002436E-12	2.04454541354108E-10	24.4295939458857	1E10	1E-30	1E-10	1E10	1E-30	1E-10	1E10	1E-30	1E-10	1E10	1E-30	1E-10
16	2.24007383710665E-09	1E10	2E9	1E-30	1.51213594512823E-10	1E10	1E-30	1E10	0.152813564015314	2.46033778957773E-07	1E10	14164.2894384155	4.60791102059177E-07	1E10	1151.3166695325	3.60250759151862E-07	1E10	170.29221433434	3.04065881843232E-07	1E10	20.4736272786423	2.05325073651138E-07	1E10	2.81147866183153	1.24584030559934E-07	1E10	0.476344699010982	4.62845444807943E-08	1E10	0.118470208171592	1.24208354431872E-08	1.02712936905811E-11	5.34413511516108E-02	7.7035545714631E-10	5.00428822044026E-11	0.340141916737792	3.10633942079834E-11	1.05602651788101E-10	1.72002639691852	2.29088762002436E-12	2.04454541354108E-10	24.4295939458857	1E10	1E-30	1E-10	1E10	1E-30	1E-10	1E10	1E-30	1E-10	1E10	1E-30	1E-10
17	2.23457825622982E-09	1E10	1E10	1E-30	3.11573454662891E-10	1E10	1E-30	1E10	0.218702720272637	2.2496362208314E-07	1E10	6735.32923681166	2.65438330257399E-07	1E10	1056.80295388781	2.28728250618905E-07	1E10	210.389621319989	2.03792837973573E-07	1E10	37.1872323084454	1.60811082649425E-07	1E10	6.81634190654431	1.05731956067222E-07	1E10	1.38331972991139	5.29257799790972E-08	1E10	0.210728659404339	1E-30	9.18132842443512E-11	1.53972882885117	1E-30	4.42017235112702E-11	0.396169459270863	2.88449328760991E-09	2.40310968745114E-11	0.205398851676681	7.74636158375076E-11	7.07711463414099E-11	1.71004688746214	1E10	1E-30	1E-10	1E10	1E-30	1E-10	1E10	1E-30	1E-10	1E10	1E-30	1E-10
18	3.46903113835393E-09	1E10	1E10	1E-30	2.8286147695026E-10	1E10	1E-30	1E10	0.203273605532877	2.83685107790401E-07	1E10	5576.40563749004	3.62901069449897E-07	1E10	765.030407071849	3.1070998880203E-07	1E10	160.745097434158	2.77567795978448E-07	1E10	28.9582923688791	2.16336124273893E-07	1E10	5.3495779741228	1.65648258204382E-07	1E10	0.965961817791534	9.344978317594E-08	1E10	0.145687971258651	1E-30	2.51256443464723E-10	4.03306254524653	1E-30	3.68623246219804E-11	0.677455492173212	1E10	1E-30	1E-10	1E10	1E-30	1E-10	1E10	1E-30	1E-10	1E10	1E-30	1E-10	1E10	1E-30	1E-10	1E10	1E-30	1E-10
19	4.72385802119159E-09	1E10	2E9	1E-30	1.24552774150633E-10	1E10	1E-30	1E10	0.35002786144355	5.56548035430907E-07	1E10	5314.60067614844	9.92473435963507E-07	1E10	351.132184550802	7.28600818792026E-07	1E10	62.4411133988678	5.03882248819646E-07	1E10	7.16919904792076	3.24456851091804E-07	1E10	1.17550132730714	1.92044312362408E-07	1E10	0.249445524305006	1E-30	1.01739953001839E-10	0.8462611486803	2.36352501032024E-08	1.15491222937587E-11	6.11153651081778E-02	2.87434112539255E-09	3.24384870324524E-11	0.167898385888502	1.34227454539245E-10	3.3125292197319E-11	0.449851333540674	2.93032708952429E-12	1.38622670920168E-10	29.3172129230527	1E10	1E-30	1E-10	1E10	1E-30	1E-10	1E10	1E-30	1E-10	1E10	1E-30	1E-10
20	4.72385802119159E-09	1E10	2E9	1E-30	1.24552774150633E-10	1E10	1E-30	1E10	0.35002786144355	5.56548035430907E-07	1E10	5314.60067614844	9.92473435963507E-07	1E10	351.132184550802	7.28600818792026E-07	1E10	62.4411133988678	5.03882248819646E-07	1E10	7.16919904792076	3.24456851091804E-07	1E10	1.17550132730714	1.92044312362408E-07	1E10	0.249445524305006	1E-30	1.01739953001839E-10	0.8462611486803	2.36352501032024E-08	1.15491222937587E-11	6.11153651081778E-02	2.87434112539255E-09	3.24384870324524E-11	0.167898385888502	1.34227454539245E-10	3.3125292197319E-11	0.449851333540674	2.93032708952429E-12	1.38622670920168E-10	29.3172129230527	1E10	1E-30	1E-10	1E10	1E-30	1E-10	1E10	1E-30	1E-10	1E10	1E-30	1E-10
21	4.72385802119159E-09	1E10	2E9	1E-30	1.24552774150633E-10	1E10	1E-30	1E10	0.35002786144355	5.56548035430907E-07	1E10	5314.60067614844	9.92473435963507E-07	1E10	351.132184550802	7.28600818792026E-07	1E10	62.4411133988678	5.03882248819646E-07	1E10	7.16919904792076	3.24456851091804E-07	1E10	1.17550132730714	1.92044312362408E-07	1E10	0.249445524305006	1E-30	1.01739953001839E-10	0.8462611486803	2.36352501032024E-08	1.15491222937587E-11	6.11153651081778E-02	2.87434112539255E-09	3.24384870324524E-11	0.167898385888502	1.34227454539245E-10	3.3125292197319E-11	0.449851333540674	2.93032708952429E-12	1.38622670920168E-10	29.3172129230527	1E10	1E-30	1E-10	1E10	1E-30	1E-10	1E10	1E-30	1E-10	1E10	1E-30	1E-10
22	4.72385802119159E-09	1E10	2E9	1E-30	1.24552774150633E-10	1E10	1E-30	1E10	0.35002786144355	5.56548035430907E-07	1E10	5314.60067614844	9.92473435963507E-07	1E10	351.132184550802	7.28600818792026E-07	1E10	62.4411133988678	5.03882248819646E-07	1E10	7.16919904792076	3.24456851091804E-07	1E10	1.17550132730714	1.92044312362408E-07	1E10	0.249445524305006	1E-30	1.01739953001839E-10	0.8462611486803	2.36352501032024E-08	1.15491222937587E-11	6.11153651081778E-02	2.87434112539255E-09	3.24384870324524E-11	0.167898385888502	1.34227454539245E-10	3.3125292197319E-11	0.449851333540674	2.93032708952429E-12	1.38622670920168E-10	29.3172129230527	1E10	1E-30	1E-10	1E10	1E-30	1E-10	1E10	1E-30	1E-10	1E10	1E-30	1E-10
23	4.81961196695849E-09	1E10	1E10	1E-30	3.00756620342334E-10	1E10	1E-30	1E10	0.162866058905885	4.36711542087155E-07	1E10	3979.98927132868	5.54226488581525E-07	1E10	578.737708448141	4.72124885508321E-07	1E10	124.862000769566	4.28311738569886E-07	1E10	22.9953676175548	3.37377023070691E-07	1E10	4.39025903813275	2.53720176259289E-07	1E10	0.77552284926569	1.6436691151704E-07	1E10	0.106647707104585	1E-30	1.60759095403462E-10	3.03983376153181	1E-30	4.44389595396284E-11	0.400975371366069	3.20351971078913E-09	4.43121222686347E-11	0.175942825552747	1E10	1E-30	1E-10	1E10	1E-30	1E-10	1E10	1E-30	1E-10	1E10	1E-30	1E-10	1E10	1E-30	1E-10
24	7.02846464168567E-09	1E10	1E10	1E-30	3.18027931946601E-10	1E10	1E-30	1E10	0.102876788894152	6.6463190576258E-07	1E10	2487.30469321766	7.87286395557348E-07	1E10	452.547688758084	6.5456134999934E-07	1E10	97.9855755439366	6.11155444051902E-07	1E10	17.8929741598912	4.16284708499171E-07	1E10	3.92134405562979	5.08997974365539E-07	1E10	0.461575735628243	3.28536472969717E-07	1E10	0.150322303944743	1E-30	5.43652478209949E-11	0.224281629404083	1E-30	3.89311500672073E-11	0.127006758200065	8.69659405455059E-08	5.43595337963738E-12	2.68094592886439E-02	9.85440954787183E-09	2.61496106916535E-11	0.107730294297899	3.01778442246277E-11	4.99076532974862E-11	1.04648693159482	1E10	1E-30	1E-10	1E10	1E-30	1E-10	1E10	1E-30	1E-10
25	1.02541833158625E-08	1E10	2E9	1E-30	1.36610914727869E-11	1E10	1E-30	1E10	0.378888880774543	1.73221830021086E-06	1E10	1521.84583210802	2.22263881837817E-06	1E10	252.56354181049	2.62736613233406E-06	1E10	31.0721038135213	2.07868088271575E-06	1E10	12.0884511334087	1.02765445545669E-06	1E10	3.65065387973334	5.60161851276913E-07	1E10	0.596455515431348	6.92072462569061E-07	1E10	9.05282735698134E-02	1E-30	5.99416367893173E-11	0.235267013290764	5.3072542919137E-09	5.38996927357828E-11	0.132117003823191	5.90101050521483E-11	1.19419344909183E-10	1.7001785073714	4.91261467505188E-12	1.20090856411008E-10	13.7719517472263	9.23261449908196E-13	2.44009828742284E-10	25.1989686409056	1E10	1E-30	1E-10	1E10	1E-30	1E-10	1E10	1E-30	1E-10
26	1.02541833158625E-08	1E10	2E9	1E-30	1.36610914727869E-11	1E10	1E-30	1E10	0.378888880774543	1.73221830021086E-06	1E10	1521.84583210802	2.22263881837817E-06	1E10	252.56354181049	2.62736613233406E-06	1E10	31.0721038135213	2.07868088271575E-06	1E10	12.0884511334087	1.02765445545669E-06	1E10	3.65065387973334	5.60161851276913E-07	1E10	0.596455515431348	6.92072462569061E-07	1E10	9.05282735698134E-02	1E-30	5.99416367893173E-11	0.235267013290764	5.3072542919137E-09	5.38996927357828E-11	0.132117003823191	5.90101050521483E-11	1.19419344909183E-10	1.7001785073714	4.91261467505188E-12	1.20090856411008E-10	13.7719517472263	9.23261449908196E-13	2.44009828742284E-10	25.1989686409056	1E10	1E-30	1E-10	1E10	1E-30	1E-10	1E10	1E-30	1E-10
27	1.02541833158625E-08	1E10	2E9	1E-30	1.36610914727869E-11	1E10	1E-30	1E10	0.378888880774543	1.73221830021086E-06	1E10	1521.84583210802	2.22263881837817E-06	1E10	252.56354181049	2.62736613233406E-06	1E10	31.0721038135213	2.07868088271575E-06	1E10	12.0884511334087	1.02765445545669E-06	1E10	3.65065387973334	5.60161851276913E-07	1E10	0.596455515431348	6.92072462569061E-07	1E10	9.05282735698134E-02	1E-30	5.99416367893173E-11	0.235267013290764	5.3072542919137E-09	5.38996927357828E-11	0.132117003823191	5.90101050521483E-11	1.19419344909183E-10	1.7001785073714	4.91261467505188E-12	1.20090856411008E-10	13.7719517472263	9.23261449908196E-13	2.44009828742284E-10	25.1989686409056	1E10	1E-30	1E-10	1E10	1E-30	1E-10	1E10	1E-30	1E-10
28	1.02541833158625E-08	1E10	2E9	1E-30	1.36610914727869E-11	1E10	1E-30	1E10	0.378888880774543	1.73221830021086E-06	1E10	1521.84583210802	2.22263881837817E-06	1E10	252.56354181049	2.62736613233406E-06	1E10	31.0721038135213	2.07868088271575E-06	1E10	12.0884511334087	1.02765445545669E-06	1E10	3.65065387973334	5.60161851276913E-07	1E10	0.596455515431348	6.92072462569061E-07	1E10	9.05282735698134E-02	1E-30	5.99416367893173E-11	0.235267013290764	5.3072542919137E-09	5.38996927357828E-11	0.132117003823191	5.90101050521483E-11	1.19419344909183E-10	1.7001785073714	4.91261467505188E-12	1.20090856411008E-10	13.7719517472263	9.23261449908196E-13	2.44009828742284E-10	25.1989686409056	1E10	1E-30	1E-10	1E10	1E-30	1E-10	1E10	1E-30	1E-10
29	9.99153949484995E-09	1E10	1E10	1E-30	3.64765587862757E-10	1E10	1E-30	1E10	8.16083658252194E-02	9.9330334401605E-07	1E10	1949.876868254	1.25705934320179E-06	1E10	312.874908977166	1.04432907303145E-06	1E10	72.1341697828384	9.70104347861203E-07	1E10	13.8592205924903	7.10900220827985E-07	1E10	3.02325485023819	8.88194080426929E-07	1E10	0.400983015188416	4.76550888884819E-07	1E10	0.1023209362566	1E-30	4.90194561953414E-11	0.166367639401129	1E-30	3.26204866174409E-11	6.99327120379068E-02	2.97373516295256E-08	1.85206276728702E-11	5.19872233184185E-02	1.91164845680977E-11	9.14265248176714E-11	4.10993142801823	1E10	1E-30	1E-10	1E10	1E-30	1E-10	1E10	1E-30	1E-10	1E10	1E-30	1E-10
30	1.50935880261434E-08	1E10	6666666666.66666	1E-30	3.89631781963959E-10	1E10	1E-30	1E10	6.87216007327753E-02	1.52947331209122E-06	1E10	1287.27104508652	1.81891128552222E-06	1E10	243.407438232605	1.56586845928759E-06	1E10	53.8220548364373	1.46463641353241E-06	1E10	10.7544501567316	9.47574878348004E-07	1E10	2.56046349573341	1.27762876583633E-06	1E10	0.349332197248902	7.39471845949093E-07	1E10	8.02884166006108E-02	1E-30	4.88197948466418E-11	0.187707042366076	1E-30	4.1554429350583E-11	6.50148452391278E-02	1.81608484567872E-07	5.67870971814256E-12	1.63472530867215E-02	2.52487632589775E-08	1.97730333702545E-11	5.09222524043325E-02	1.45297918090464E-11	1.24907976905774E-10	6.60452347244986	1E10	1E-30	1E-10	1E10	1E-30	1E-10	1E10	1E-30	1E-10
31	2.1691268188998E-08	1E10	2E9	1E-30	1.41760963557299E-10	1E10	1E-30	1E10	0.187157316774008	2.66262492388437E-06	1E10	1494.34249698707	7.55033297571067E-06	1E10	118.699843770521	4.32744748831527E-06	1E10	40.2207483962775	3.63157641450398E-06	1E10	8.02509435549376	2.05754598407194E-06	1E10	1.49434249698707	1.41346974782581E-06	1E10	0.199514403599303	1.60303703938223E-06	1E10	4.45076064322563E-02	1E-30	9.01865419113827E-11	0.144166237721495	1.22072514536666E-07	1.33817056302663E-11	2.67346224758556E-02	1.15680538480651E-08	4.01044747371071E-11	7.32613820209234E-02	8.45721386329555E-11	8.19257639106653E-11	1.02533676511195	2.55396503845431E-12	1.55247902469152E-10	16.9861279759527	1E10	1E-30	1E-10	1E10	1E-30	1E-10	1E10	1E-30	1E-10
32	2.1691268188998E-08	1E10	2E9	1E-30	1.41760963557299E-10	1E10	1E-30	1E10	0.187157316774008	2.66262492388437E-06	1E10	1494.34249698707	7.55033297571067E-06	1E10	118.699843770521	4.32744748831527E-06	1E10	40.2207483962775	3.63157641450398E-06	1E10	8.02509435549376	2.05754598407194E-06	1E10	1.49434249698707	1.41346974782581E-06	1E10	0.199514403599303	1.60303703938223E-06	1E10	4.45076064322563E-02	1E-30	9.01865419113827E-11	0.144166237721495	1.22072514536666E-07	1.33817056302663E-11	2.67346224758556E-02	1.15680538480651E-08	4.01044747371071E-11	7.32613820209234E-02	8.45721386329555E-11	8.19257639106653E-11	1.02533676511195	2.55396503845431E-12	1.55247902469152E-10	16.9861279759527	1E10	1E-30	1E-10	1E10	1E-30	1E-10	1E10	1E-30	1E-10
33	2.1691268188998E-08	1E10	2E9	1E-30	1.41760963557299E-10	1E10	1E-30	1E10	0.187157316774008	2.66262492388437E-06	1E10	1494.34249698707	7.55033297571067E-06	1E10	118.699843770521	4.32744748831527E-06	1E10	40.2207483962775	3.63157641450398E-06	1E10	8.02509435549376	2.05754598407194E-06	1E10	1.49434249698707	1.41346974782581E-06	1E10	0.199514403599303	1.60303703938223E-06	1E10	4.45076064322563E-02	1E-30	9.01865419113827E-11	0.144166237721495	1.22072514536666E-07	1.33817056302663E-11	2.67346224758556E-02	1.15680538480651E-08	4.01044747371071E-11	7.32613820209234E-02	8.45721386329555E-11	8.19257639106653E-11	1.02533676511195	2.55396503845431E-12	1.55247902469152E-10	16.9861279759527	1E10	1E-30	1E-10	1E10	1E-30	1E-10	1E10	1E-30	1E-10
34	2.1691268188998E-08	1E10	2E9	1E-30	1.41760963557299E-10	1E10	1E-30	1E10	0.187157316774008	2.66262492388437E-06	1E10	1494.34249698707	7.55033297571067E-06	1E10	118.699843770521	4.32744748831527E-06	1E10	40.2207483962775	3.63157641450398E-06	1E10	8.02509435549376	2.05754598407194E-06	1E10	1.49434249698707	1.41346974782581E-06	1E10	0.199514403599303	1.60303703938223E-06	1E10	4.45076064322563E-02	1E-30	9.01865419113827E-11	0.144166237721495	1.22072514536666E-07	1.33817056302663E-11	2.67346224758556E-02	1.15680538480651E-08	4.01044747371071E-11	7.32613820209234E-02	8.45721386329555E-11	8.19257639106653E-11	1.02533676511195	2.55396503845431E-12	1.55247902469152E-10	16.9861279759527	1E10	1E-30	1E-10	1E10	1E-30	1E-10	1E10	1E-30	1E-10
35	2.19720952251436E-08	1E10	4545454545.45454	1E-30	3.63637399253551E-10	1E10	1E-30	1E10	0.05093026419003	2.23799561333665E-06	1E10	797.013681051352	2.26715289091707E-06	1E10	237.427635874751	1.95344406615469E-06	1E10	50.7123722831201	1.86862809095641E-06	1E10	10.4200581708236	1.63151930635888E-06	1E10	2.16866730165766	1.28719518301184E-06	1E10	0.515955201432513	1.22705055146192E-06	1E10	7.33508356919338E-02	1E-30	4.93194527285804E-11	0.1248215924083	1E-30	3.70152106491418E-11	4.74331059295557E-02	5.59696769035962E-08	2.11722620041066E-11	4.20202891770884E-02	2.4571986604799E-07	3.02364764228133E-12	1.21021544355159E-02	3.74818417524378E-11	4.70046976204258E-11	1.62397988411356	1E10	1E-30	1E-10	1E10	1E-30	1E-10	1E10	1E-30	1E-10
36	4.82652613617919E-08	1E10	1063829787.23404	1E-30	1.32308720981393E-10	1E10	1E-30	1E10	9.38317895942179E-02	7.23799476333918E-06	1E10	408.653306379741	1.08869426552134E-05	1E10	45.8516551169584	1.42224460076029E-05	1E10	7.96810442617809	8.53548102830192E-06	1E10	3.17215950778055	5.49152201285936E-06	1E10	0.514464032015164	3.39352412498975E-06	1E10	9.59037179294242E-02	1E-30	1.47748913075296E-10	0.171846896046658	3.06921436123027E-07	1.96941222325605E-11	4.20014569188152E-02	8.11568752195751E-08	2.99120034440496E-11	5.18911538738598E-02	5.33324266207831E-11	1.52025325183615E-10	2.37193286440127	2.13551992547691E-12	1.70534513373732E-10	16.188818384014	1E10	1E-30	1E-10	1E10	1E-30	1E-10	1E10	1E-30	1E-10	1E10	1E-30	1E-10
37	4.82652613617919E-08	1E10	1063829787.23404	1E-30	1.32308720981393E-10	1E10	1E-30	1E10	9.38317895942179E-02	7.23799476333918E-06	1E10	408.653306379741	1.08869426552134E-05	1E10	45.8516551169584	1.42224460076029E-05	1E10	7.96810442617809	8.53548102830192E-06	1E10	3.17215950778055	5.49152201285936E-06	1E10	0.514464032015164	3.39352412498975E-06	1E10	9.59037179294242E-02	1E-30	1.47748913075296E-10	0.171846896046658	3.06921436123027E-07	1.96941222325605E-11	4.20014569188152E-02	8.11568752195751E-08	2.99120034440496E-11	5.18911538738598E-02	5.33324266207831E-11	1.52025325183615E-10	2.37193286440127	2.13551992547691E-12	1.70534513373732E-10	16.188818384014	1E10	1E-30	1E-10	1E10	1E-30	1E-10	1E10	1E-30	1E-10	1E10	1E-30	1E-10
38	4.82652613617919E-08	1E10	1063829787.23404	1E-30	1.32308720981393E-10	1E10	1E-30	1E10	9.38317895942179E-02	7.23799476333918E-06	1E10	408.653306379741	1.08869426552134E-05	1E10	45.8516551169584	1.42224460076029E-05	1E10	7.96810442617809	8.53548102830192E-06	1E10	3.17215950778055	5.49152201285936E-06	1E10	0.514464032015164	3.39352412498975E-06	1E10	9.59037179294242E-02	1E-30	1.47748913075296E-10	0.171846896046658	3.06921436123027E-07	1.96941222325605E-11	4.20014569188152E-02	8.11568752195751E-08	2.99120034440496E-11	5.18911538738598E-02	5.33324266207831E-11	1.52025325183615E-10	2.37193286440127	2.13551992547691E-12	1.70534513373732E-10	16.188818384014	1E10	1E-30	1E-10	1E10	1E-30	1E-10	1E10	1E-30	1E-10	1E10	1E-30	1E-10
39	4.82652613617919E-08	1E10	1063829787.23404	1E-30	1.32308720981393E-10	1E10	1E-30	1E10	9.38317895942179E-02	7.23799476333918E-06	1E10	408.653306379741	1.08869426552134E-05	1E10	45.8516551169584	1.42224460076029E-05	1E10	7.96810442617809	8.53548102830192E-06	1E10	3.17215950778055	5.49152201285936E-06	1E10	0.514464032015164	3.39352412498975E-06	1E10	9.59037179294242E-02	1E-30	1.47748913075296E-10	0.171846896046658	3.06921436123027E-07	1.96941222325605E-11	4.20014569188152E-02	8.11568752195751E-08	2.99120034440496E-11	5.18911538738598E-02	5.33324266207831E-11	1.52025325183615E-10	2.37193286440127	2.13551992547691E-12	1.70534513373732E-10	16.188818384014	1E10	1E-30	1E-10	1E10	1E-30	1E-10	1E10	1E-30	1E-10	1E10	1E-30	1E-10
40	2.11426038571773E-07	1E10	227272727.272727	1E-30	2.27709041473086E-10	1E10	1E-30	1E10	2.27795185335686E-02	1.44650405195266E-05	1E10	0.191205542515622	2.24297897984206E-05	1E10	2.16120405559253E-02	2.43017047972622E-05	1E10	3.69490680048672E-03	1E-30	1.77146794730679E-10	6.47281151536913E-02	1E-30	1.11728423524317E-11	3.05303885071496E-02	7.77018337037243E-07	3.7670657437244E-11	2.83228135435481E-02	4.02053087737323E-07	3.1510105905769E-11	2.82790508856935E-02	2.00804662838613E-11	5.60579175748246E-11	4.73905326737729	3.40882606542797E-12	9.32097518085195E-11	11.4081082757362	1E10	1E-30	1E-10	1E10	1E-30	1E-10	1E10	1E-30	1E-10	1E10	1E-30	1E-10	1E10	1E-30	1E-10	1E10	1E-30	1E-10
41	2.11426038571773E-07	1E10	227272727.272727	1E-30	2.27709041473086E-10	1E10	1E-30	1E10	2.27795185335686E-02	1.44650405195266E-05	1E10	0.191205542515622	2.24297897984206E-05	1E10	2.16120405559253E-02	2.43017047972622E-05	1E10	3.69490680048672E-03	1E-30	1.77146794730679E-10	6.47281151536913E-02	1E-30	1.11728423524317E-11	3.05303885071496E-02	7.77018337037243E-07	3.7670657437244E-11	2.83228135435481E-02	4.02053087737323E-07	3.1510105905769E-11	2.82790508856935E-02	2.00804662838613E-11	5.60579175748246E-11	4.73905326737729	3.40882606542797E-12	9.32097518085195E-11	11.4081082757362	1E10	1E-30	1E-10	1E10	1E-30	1E-10	1E10	1E-30	1E-10	1E10	1E-30	1E-10	1E10	1E-30	1E-10	1E10	1E-30	1E-10
42	4.54964373772076E-07	1E10	106382978.723404	1E-30	1.72883613665754E-10	1E10	1E-30	1E10	9.73964331279033E-03	2.82970659141067E-05	1E10	7.76387840861963E-02	4.72272559425964E-05	1E10	5.5175151923645E-03	1E-30	1.99692364749795E-10	5.05922176577513E-02	1E-30	1.25888102534604E-11	5.00623709141275E-02	1.59162675781685E-06	3.88978932271961E-11	1.59600313138309E-02	7.82725872843604E-07	3.7358324179555E-11	0.019370914515322	1.03662381752436E-11	1.12974599946157E-10	10.2641838835538	3.69767965413932E-12	1.08888932136302E-10	22.5769035514042	1E10	1E-30	1E-10	1E10	1E-30	1E-10	1E10	1E-30	1E-10	1E10	1E-30	1E-10	1E10	1E-30	1E-10	1E10	1E-30	1E-10	1E10	1E-30	1E-10
43	4.54964373772076E-07	1E10	106382978.723404	1E-30	1.72883613665754E-10	1E10	1E-30	1E10	9.73964331279033E-03	2.82970659141067E-05	1E10	7.76387840861963E-02	4.72272559425964E-05	1E10	5.5175151923645E-03	1E-30	1.99692364749795E-10	5.05922176577513E-02	1E-30	1.25888102534604E-11	5.00623709141275E-02	1.59162675781685E-06	3.88978932271961E-11	1.59600313138309E-02	7.82725872843604E-07	3.7358324179555E-11	0.019370914515322	1.03662381752436E-11	1.12974599946157E-10	10.2641838835538	3.69767965413932E-12	1.08888932136302E-10	22.5769035514042	1E10	1E-30	1E-10	1E10	1E-30	1E-10	1E10	1E-30	1E-10	1E10	1E-30	1E-10	1E10	1E-30	1E-10	1E10	1E-30	1E-10	1E10	1E-30	1E-10
44	1.06614399688595E-06	1E10	5E7	1E-30	1.52490796250324E-10	1E10	1E-30	1E10	7.37112582827484E-03	1.13265297982331E-05	1E10	677.020789697109	1.08309491722301E-04	1E10	6.82317570035618	7.88961049345221E-05	1E10	1.1138321917774	7.85740075891064E-05	1E10	0.104007689152281	4.70714097085828E-05	1E10	1.40656066947173E-02	1E-30	3.39002854856757E-11	5.21625405439756E-02	1E-30	2.64119685181763E-10	0.039813651728834	2.89775748846858E-06	6.21035935564847E-11	0.0144171089727	2.01326503204503E-06	3.85905377854586E-11	1.25699544300844E-02	8.30286112472279E-12	8.89913651149557E-11	5.93989029869817	6.92534720928265E-12	4.53275241368398E-11	11.4527468556409	1E10	1E-30	1E-10	1E10	1E-30	1E-10	1E10	1E-30	1E-10	1E10	1E-30	1E-10
45	1.06614399688595E-06	1E10	5E7	1E-30	1.52490796250324E-10	1E10	1E-30	1E10	7.37112582827484E-03	1.13265297982331E-05	1E10	677.020789697109	1.08309491722301E-04	1E10	6.82317570035618	7.88961049345221E-05	1E10	1.1138321917774	7.85740075891064E-05	1E10	0.104007689152281	4.70714097085828E-05	1E10	1.40656066947173E-02	1E-30	3.39002854856757E-11	5.21625405439756E-02	1E-30	2.64119685181763E-10	0.039813651728834	2.89775748846858E-06	6.21035935564847E-11	0.0144171089727	2.01326503204503E-06	3.85905377854586E-11	1.25699544300844E-02	8.30286112472279E-12	8.89913651149557E-11	5.93989029869817	6.92534720928265E-12	4.53275241368398E-11	11.4527468556409	1E10	1E-30	1E-10	1E10	1E-30	1E-10	1E10	1E-30	1E-10	1E10	1E-30	1E-10
46	1.04206636981469E-06	1E10	5E7	1E-30	1.40458023967326E-10	1E10	1E-30	1E10	1.81152937437279E-02	1.06600930095762E-05	1E10	702.971766843075	1.31171543348238E-04	1E10	5.27330076665229	1.03338571270117E-04	1E10	0.602441047124337	9.70099276047154E-05	1E10	5.71305885365864E-02	7.02798935457341E-05	1E10	8.12941533546305E-03	1E-30	2.41259480542358E-11	6.59254417063186E-02	1E-30	2.9346040322026E-10	4.20261501500402E-02	4.18194821759586E-06	3.54224257068946E-11	1.21003960780215E-02	2.88135102180498E-06	2.37590808344704E-11	0.012584830143162	1.1780539900365E-11	9.14588558032426E-11	7.62004184788294	3.77361943191406E-12	9.23226143170067E-11	19.6199182099805	1E10	1E-30	1E-10	1E10	1E-30	1E-10	1E10	1E-30	1E-10	1E10	1E-30	1E-10
47	1.04206636981469E-06	1E10	5E7	1E-30	1.40458023967326E-10	1E10	1E-30	1E10	1.81152937437279E-02	1.06600930095762E-05	1E10	702.971766843075	1.31171543348238E-04	1E10	5.27330076665229	1.03338571270117E-04	1E10	0.602441047124337	9.70099276047154E-05	1E10	5.71305885365864E-02	7.02798935457341E-05	1E10	8.12941533546305E-03	1E-30	2.41259480542358E-11	6.59254417063186E-02	1E-30	2.9346040322026E-10	4.20261501500402E-02	4.18194821759586E-06	3.54224257068946E-11	1.21003960780215E-02	2.88135102180498E-06	2.37590808344704E-11	0.012584830143162	1.1780539900365E-11	9.14588558032426E-11	7.62004184788294	3.77361943191406E-12	9.23226143170067E-11	19.6199182099805	1E10	1E-30	1E-10	1E10	1E-30	1E-10	1E10	1E-30	1E-10	1E10	1E-30	1E-10
48	1.07987480143518E-06	1E10	5E7	1E-30	1.74934112349737E-10	1E10	1E-30	1E10	7.40130488504906E-03	9.62510340568254E-06	1E10	778.562484142156	1.82892128547296E-04	1E10	2.41557834586918	1.56736768762317E-04	1E10	0.278284231441276	1.41242328224067E-04	1E10	2.69085379244032E-02	1.50701863609226E-04	1E10	1.97392314739545E-03	1E-30	3.16432345901517E-11	6.30677876825811E-02	1E-30	2.659877706652E-10	3.90935362805569E-02	2.85937142278492E-06	6.33456908170458E-11	1.61840870613169E-02	2.25517072417326E-06	3.66497330942996E-11	0.017103890935066	1.05957296098611E-11	7.22574450135479E-11	5.79352546708302	8.30399016557387E-12	4.11841418126707E-11	13.9985193775698	1E10	1E-30	1E-10	1E10	1E-30	1E-10	1E10	1E-30	1E-10	1E10	1E-30	1E-10
49	1.07987480143518E-06	1E10	5E7	1E-30	1.74934112349737E-10	1E10	1E-30	1E10	7.40130488504906E-03	9.62510340568254E-06	1E10	778.562484142156	1.82892128547296E-04	1E10	2.41557834586918	1.56736768762317E-04	1E10	0.278284231441276	1.41242328224067E-04	1E10	2.69085379244032E-02	1.50701863609226E-04	1E10	1.97392314739545E-03	1E-30	3.16432345901517E-11	6.30677876825811E-02	1E-30	2.659877706652E-10	3.90935362805569E-02	2.85937142278492E-06	6.33456908170458E-11	1.61840870613169E-02	2.25517072417326E-06	3.66497330942996E-11	0.017103890935066	1.05957296098611E-11	7.22574450135479E-11	5.79352546708302	8.30399016557387E-12	4.11841418126707E-11	13.9985193775698	1E10	1E-30	1E-10	1E10	1E-30	1E-10	1E10	1E-30	1E-10	1E10	1E-30	1E-10
50	1.64476822229657E-06	1E10	22727272.7272727	1E-30	1.11738042017204E-10	1E10	1E-30	1E10	7.34272370417796E-03	1.75095799327408E-05	1E10	364.269785279369	6.01174473408499E-05	1E10	8.50457353947353	5.09000999669038E-05	1E10	1.0170872840867	3.9151451208932E-05	1E10	0.1217532565631	2.66389912350289E-05	1E10	1.60640561837523E-02	1E-30	3.28166290067646E-11	5.71223816367753E-02	1E-30	2.52886993287891E-10	2.95490489494828E-02	5.19969447646235E-06	4.67490489524557E-11	1.09875327032237E-02	3.10346572501226E-06	3.61416134051442E-11	1.00046835974531E-02	2.03006494668931E-11	5.73862973592426E-11	6.21526894499397	1.99497429117806E-12	1.44685206644522E-10	27.1730066384654	1E10	1E-30	1E-10	1E10	1E-30	1E-10	1E10	1E-30	1E-10	1E10	1E-30	1E-10
51	1.64476822229657E-06	1E10	22727272.7272727	1E-30	1.11738042017204E-10	1E10	1E-30	1E10	7.34272370417796E-03	1.75095799327408E-05	1E10	364.269785279369	6.01174473408499E-05	1E10	8.50457353947353	5.09000999669038E-05	1E10	1.0170872840867	3.9151451208932E-05	1E10	0.1217532565631	2.66389912350289E-05	1E10	1.60640561837523E-02	1E-30	3.28166290067646E-11	5.71223816367753E-02	1E-30	2.52886993287891E-10	2.95490489494828E-02	5.19969447646235E-06	4.67490489524557E-11	1.09875327032237E-02	3.10346572501226E-06	3.61416134051442E-11	1.00046835974531E-02	2.03006494668931E-11	5.73862973592426E-11	6.21526894499397	1.99497429117806E-12	1.44685206644522E-10	27.1730066384654	1E10	1E-30	1E-10	1E10	1E-30	1E-10	1E10	1E-30	1E-10	1E10	1E-30	1E-10
52	3.22457688327167E-06	1E10	10638297.8723404	1E-30	1.80714631616339E-10	1E10	1E-30	1E10	7.09229996797508E-03	5.3255245363353E-05	1E10	99.6176946239463	1.06329552065049E-04	1E10	3.92165170111927	9.10163765594663E-05	1E10	0.425513553888862	7.82131872112833E-05	1E10	4.33744587658607E-02	8.23341499597855E-05	1E10	7.17452219192702E-03	1E-30	2.03569888608967E-11	0.134501277549017	1E-30	4.34192846837324E-11	0.037102318690946	1E-30	2.83214247735038E-10	2.58862983489946E-02	1.0353205929499E-05	5.79127229004498E-11	7.19510019034453E-03	6.14814119191271E-06	4.55235854849443E-11	8.18283723014953E-03	1.57013478291726E-11	5.67242886148948E-11	5.78540115991018	8.13119753054236E-12	4.46896466506633E-11	8.78468581098081	1E10	1E-30	1E-10	1E10	1E-30	1E-10	1E10	1E-30	1E-10
53	3.22457688327167E-06	1E10	10638297.8723404	1E-30	1.80714631616339E-10	1E10	1E-30	1E10	7.09229996797508E-03	5.3255245363353E-05	1E10	99.6176946239463	1.06329552065049E-04	1E10	3.92165170111927	9.10163765594663E-05	1E10	0.425513553888862	7.82131872112833E-05	1E10	4.33744587658607E-02	8.23341499597855E-05	1E10	7.17452219192702E-03	1E-30	2.03569888608967E-11	0.134501277549017	1E-30	4.34192846837324E-11	0.037102318690946	1E-30	2.83214247735038E-10	2.58862983489946E-02	1.0353205929499E-05	5.79127229004498E-11	7.19510019034453E-03	6.14814119191271E-06	4.55235854849443E-11	8.18283723014953E-03	1.57013478291726E-11	5.67242886148948E-11	5.78540115991018	8.13119753054236E-12	4.46896466506633E-11	8.78468581098081	1E10	1E-30	1E-10	1E10	1E-30	1E-10	1E10	1E-30	1E-10
54	6.92567664847134E-06	1E10	5E6	1E-30	1.85766216683161E-10	1E10	1E-30	1E10	5.12885539263706E-03	1.99224029426345E-04	1E10	26.6291409977288	2.36922525666669E-04	1E10	2.07922856218165	2.37470357328001E-04	1E10	0.251417538900954	1.95221779139078E-04	1E10	3.43370834694795E-02	1.55395922950664E-04	1E10	4.86206126079068E-03	1E-30	1.53484014728265E-11	0.129915791846237	1E-30	4.52343285902461E-11	3.30507971756378E-02	1E-30	3.28129907728504E-10	1.87788799938493E-02	1.8249494776469E-05	8.37929368754054E-11	4.30641492262155E-03	1.12079368800599E-05	6.29025411465518E-11	4.6241620882956E-03	9.25508351960639E-12	7.39362542799203E-11	11.7091303196458	1E10	1E-30	1E-10	1E10	1E-30	1E-10	1E10	1E-30	1E-10	1E10	1E-30	1E-10
55	6.56125144033375E-06	1E10	5E6	1E-30	1.66744688112559E-10	1E10	1E-30	1E10	1.19067766898242E-02	1.32298737467425E-04	1E10	40.0998896231799	2.38829149471602E-04	1E10	2.54214993368145	2.02705194271178E-04	1E10	0.395650874525885	1.716064286777E-04	1E10	4.64677567072094E-02	1.6400613253883E-04	1E10	8.08547834393462E-03	1E-30	1.3871336508138E-11	8.38996979331657E-02	1E-30	5.04618684881876E-11	4.36635162855465E-02	1E-30	3.11772989718383E-10	0.020797632045697	2.32083939371241E-05	5.11021789324027E-11	4.6389343524516E-03	1.34774056672209E-05	4.18828314129258E-11	5.36236360987679E-03	1.27772277401884E-11	5.6398711730946E-11	4.71216179220458	1.17520499745799E-11	2.91006853553005E-11	12.1193863019832	1E10	1E-30	1E-10	1E10	1E-30	1E-10	1E10	1E-30	1E-10
56	6.56125144033375E-06	1E10	5E6	1E-30	1.66744688112559E-10	1E10	1E-30	1E10	1.19067766898242E-02	1.32298737467425E-04	1E10	40.0998896231799	2.38829149471602E-04	1E10	2.54214993368145	2.02705194271178E-04	1E10	0.395650874525885	1.716064286777E-04	1E10	4.64677567072094E-02	1.6400613253883E-04	1E10	8.08547834393462E-03	1E-30	1.3871336508138E-11	8.38996979331657E-02	1E-30	5.04618684881876E-11	4.36635162855465E-02	1E-30	3.11772989718383E-10	0.020797632045697	2.32083939371241E-05	5.11021789324027E-11	4.6389343524516E-03	1.34774056672209E-05	4.18828314129258E-11	5.36236360987679E-03	1.27772277401884E-11	5.6398711730946E-11	4.71216179220458	1.17520499745799E-11	2.91006853553005E-11	12.1193863019832	1E10	1E-30	1E-10	1E10	1E-30	1E-10	1E10	1E-30	1E-10
END DSCRDATA
