BEGIN DSCRDATA
% INDEX	K01	L01	M01	K02	L02	M02	K03	L03	M03	K04	L04	M04	K05	L05	M05	K06	L06	M06	K07	L07	M07	K08	L08	M08	K09	L09	M09	K10	L10	M10	K11	L11	M11	K12	L12	M12	K13	L13	M13	K14	L14	M14	K15	L15	M15	K16	L16	M16	K17	L17	M17	K18	L18	M18
0	0	0	0	0	0	0	0	0	0	0	0	0	0	0	0	0	0	0	0	0	0	0	0	0	0	0	0	0	0	0	0	0	0	0	0	0	0	0	0	0	0	0	0	0	0	0	0	0	0	0	0	0	0	0
1	5.02415586768374E-10	1E10	1E10	1E-30	4.6352261832548E-10	1E10	1E-30	1E10	0.498660244944181	4.62005373834928E-08	1E10	71090.1993224976	6.448830619919E-08	1E10	5296.17990419618	6.48218894953821E-08	1E10	1019.68251914524	6.14485529421317E-08	1E10	203.53295097833	4.9394942121288E-08	1E10	41.6543925341645	3.38473430831827E-08	1E10	8.85237398971805	1.70201670196348E-08	1E10	2.11080630160102	7.34493079157259E-09	1E10	0.556954305433043	1.84274468370979E-10	3.84293280100674E-11	1.52718377833319	5.89977874364456E-12	5.25505208546112E-10	31.4999720379585	1E10	1E-30	1E-10	1E10	1E-30	1E-10	1E10	1E-30	1E-10	1E10	1E-30	1E-10	1E10	1E-30	1E-10
2	6.87959368384048E-10	1E10	1E10	1E-30	5.460190262565E-10	1E10	1E-30	1E10	0.369597754955262	9.47412442061721E-08	1E10	17357.0481992506	9.83213844804642E-08	1E10	4082.76940364026	8.59214911965411E-08	1E10	858.233445484492	8.47405804601811E-08	1E10	159.299400881256	6.84208217936428E-08	1E10	33.5585434904962	4.80676961302521E-08	1E10	7.05380281828668	3.06721211237536E-08	1E10	1.63119151050693	8.79296201159699E-09	1E10	0.425800362417829	3.6383584208679E-10	2.57511108363684E-11	0.620797842642904	5.9163007607217E-12	4.41724039875082E-10	20.048323537437	1E10	1E-30	1E-10	1E10	1E-30	1E-10	1E10	1E-30	1E-10	1E10	1E-30	1E-10	1E10	1E-30	1E-10
3	1.04440564685465E-09	1E10	1E10	1E-30	4.22033834873375E-10	1E10	1E-30	1E10	0.33987181527339	1.38399144199818E-07	1E10	15313.7059230174	1.85407433933082E-07	1E10	2082.27254206418	1.58140166754889E-07	1E10	475.396732981666	1.49825940654812E-07	1E10	93.3657019620217	1.23730719271081E-07	1E10	20.1469432938795	8.81822727573315E-08	1E10	4.5309949597489	5.05821323806936E-08	1E10	1.07343000467571	1.3844216883732E-08	1E10	0.354938323176068	1E-30	1.06294845499124E-10	1.4562777548632	1E-30	5.84535606522032E-11	1.10593102383589	8.93603181868986E-10	4.2881971827838E-11	0.524983117789881	1.18888226988951E-11	1.67262867570685E-10	7.97541137333861	1E10	1E-30	1E-10	1E10	1E-30	1E-10	1E10	1E-30	1E-10
4	1.07172932723426E-09	1E10	1E10	1E-30	5.0912329736111E-10	1E10	1E-30	1E10	0.358554580744816	1.4628943792536E-07	1E10	14702.8118362667	1.93642468364946E-07	1E10	2032.34582381486	1.65784811682772E-07	1E10	464.515750096596	1.58472824232692E-07	1E10	91.7361323368924	1.33593345790015E-07	1E10	19.6232664631144	9.88705542737031E-08	1E10	4.40992738747341	7.09928708740209E-08	1E10	0.924944514076599	1.60609684942801E-08	1E10	0.386260113977394	1E-30	7.47511890091548E-11	1.44968180824042	1E-30	6.91478078278162E-11	1.00977159469952	9.70456001563464E-10	3.22595855148015E-11	0.408966552093609	1.37487499328726E-11	1.54870376337636E-10	9.31584282189587	1E10	1E-30	1E-10	1E10	1E-30	1E-10	1E10	1E-30	1E-10
5	1.55882234875672E-09	1E10	1E10	1E-30	4.31671246584816E-10	1E10	1E-30	1E10	0.329281123351373	2.22091205508349E-07	1E10	8996.12621941379	2.57272184511404E-07	1E10	1690.88522212203	2.28133645029739E-07	1E10	361.826727908979	2.14981325607069E-07	1E10	73.4505520745239	1.80211300047488E-07	1E10	15.8977743397445	1.32333688259754E-07	1E10	3.58200690504562	7.49822952983402E-08	1E10	0.872031034563808	2.79306112184389E-08	1E10	0.19528003378683	1E-30	5.44994762504318E-11	0.877822632348946	1E-30	3.34256681285987E-11	0.683119680726807	5.35853113732845E-10	2.84887572528111E-11	0.365754050319176	7.34574646741555E-12	3.40392557401818E-10	16.9515650593891	1E10	1E-30	1E-10	1E10	1E-30	1E-10	1E10	1E-30	1E-10
6	1.57930427603628E-09	1E10	1E10	1E-30	4.80603746821611E-10	1E10	1E-30	1E10	0.258613482254155	2.24335044500501E-07	1E10	9260.27759690577	2.59079099493835E-07	1E10	1714.60673539244	2.33154452075714E-07	1E10	363.152594651026	2.20693373378675E-07	1E10	74.8727765238425	1.87191710235317E-07	1E10	16.4897701613187	1.42654085225556E-07	1E10	3.76040231047096	8.72929074186212E-08	1E10	0.956242099429045	3.16893069541633E-08	1E10	0.25929429795152	1E-30	8.04620012010369E-11	1.19026223010778	1E-30	6.09643758455404E-11	0.834639311860484	1.82443087990258E-09	1.91704757463247E-11	0.269903448126016	9.33691626752961E-12	2.37465495314422E-10	14.9669310857509	1E10	1E-30	1E-10	1E10	1E-30	1E-10	1E10	1E-30	1E-10
7	2.23197082226986E-09	1E10	1E10	1E-30	5.15413616432769E-10	1E10	1E-30	1E10	0.196275473340573	3.00612659246908E-07	1E10	7296.2701170096	3.71682348016511E-07	1E10	1206.35432337507	3.27184068559611E-07	1E10	271.881250648704	3.06806503730336E-07	1E10	56.5025947520657	2.62019562405044E-07	1E10	12.3728566956698	2.03056484033395E-07	1E10	2.81012890950306	1.17430264886759E-07	1E10	0.750067589956396	4.15135231763754E-08	1E10	0.188020235949929	1E-30	9.22296726195192E-11	1.14410989932237	2.3828324053779E-09	3.00838914665252E-11	0.175433460683073	1.1229259187081E-11	2.13116471473736E-10	14.2076220443965	1E10	1E-30	1E-10	1E10	1E-30	1E-10	1E10	1E-30	1E-10	1E10	1E-30	1E-10
8	2.19727414744092E-09	1E10	1E10	1E-30	5.0055017255945E-10	1E10	1E-30	1E10	0.236781405552699	2.91070442723124E-07	1E10	7567.30028084414	3.68363764580834E-07	1E10	1226.01554602909	3.25994244419119E-07	1E10	271.603350620381	3.10256461480299E-07	1E10	56.1101792359338	2.62623506088194E-07	1E10	12.3516267097387	2.03316069337646E-07	1E10	2.74489196659574	1.80386612243071E-07	1E10	0.645902110330407	4.67887963863709E-08	1E10	0.281176176790387	1E-30	3.63360046161683E-11	0.823322916310559	1E-30	5.77333004740889E-11	0.428197144307869	3.24824383580938E-09	1.88633104023163E-11	0.154828983650618	1.11522453047945E-11	2.28200278819383E-10	14.0713420143675	1E10	1E-30	1E-10	1E10	1E-30	1E-10	1E10	1E-30	1E-10
9	3.38797876795092E-09	1E10	1E10	1E-30	4.67894731289979E-10	1E10	1E-30	1E10	0.152772208138697	3.7143462732774E-07	1E10	4419.47328711063	4.60377214181141E-07	1E10	598.888508399979	3.99804733370284E-07	1E10	121.392791678945	3.55781447329058E-07	1E10	21.9684633832443	2.74902406907178E-07	1E10	4.19048175579481	1.67441399709194E-07	1E10	0.813228790965455	8.93963435748043E-08	1E10	0.140625341347862	1E-30	1.07590232926711E-10	1.01441934717485	1E-30	5.58329542105339E-11	0.514307083512956	2.04933080527439E-08	7.19376547432631E-12	7.47131068729605E-02	2.07220157027075E-09	3.95503997346361E-11	0.290523962591615	9.7654504609953E-12	2.25504567369736E-10	16.7798244146532	1E10	1E-30	1E-10	1E10	1E-30	1E-10	1E10	1E-30	1E-10
10	3.39454249592448E-09	1E10	1E10	1E-30	4.72967231428269E-10	1E10	1E-30	1E10	0.183109108831909	3.7237070032373E-07	1E10	4326.67165594284	4.59577593438551E-07	1E10	602.288712258722	3.99176718196081E-07	1E10	123.296452541098	3.60123698648172E-07	1E10	22.1393373352844	3.57424732862329E-07	1E10	4.28499905208621	2.44222072532203E-07	1E10	1.0271252944532	9.07623583342413E-08	1E10	0.285995373910395	1E-30	2.09111003629616E-11	0.154131387412856	1E-30	1.33391769077173E-11	0.119756519824198	4.45094900028301E-09	1.4063895938641E-11	0.100751786500567	8.51152299285898E-10	7.05766170278141E-12	0.259936552320794	7.46364464162711E-12	3.71098693397689E-10	23.0203288150918	1E10	1E-30	1E-10	1E10	1E-30	1E-10	1E10	1E-30	1E-10
11	4.87799694473275E-09	1E10	1E10	1E-30	4.49111302288835E-10	1E10	1E-30	1E10	0.120358309731463	5.6262837575636E-07	1E10	3041.82646360471	6.829234754061E-07	1E10	465.218621626211	5.94754901641428E-07	1E10	96.5137795582211	5.42219964148848E-07	1E10	18.1095625980977	4.33981113940424E-07	1E10	3.595586383659	2.85996904773296E-07	1E10	0.785586142939122	1.44131040783203E-07	1E10	0.150149281676542	1E-30	1.04808276786276E-10	0.586513217580232	1E-30	6.78007702664375E-11	0.323835683407295	8.85098495110241E-08	6.00109298445561E-12	3.93952701727257E-02	4.94038321443284E-09	3.33385677932335E-11	0.169751431590908	1.37492153994479E-11	1.5243160248111E-10	8.72959538815513	1E10	1E-30	1E-10	1E10	1E-30	1E-10	1E10	1E-30	1E-10
12	4.75430170687876E-09	1E10	1E10	1E-30	4.89480777831719E-10	1E10	1E-30	1E10	0.126202777490757	5.09947849297998E-07	1E10	3312.888123661	6.28159580030807E-07	1E10	507.11620953935	5.42532009819795E-07	1E10	107.537222270104	4.89979679250229E-07	1E10	20.5318657373027	3.95067978485703E-07	1E10	4.00549605071307	3.37961049174649E-07	1E10	0.849104962247857	1.79905866835518E-07	1E10	0.166061997506583	1E-30	6.50455959755971E-11	0.473144931398585	1E-30	5.92653515027071E-11	0.303940225995793	6.1531197165601E-08	8.80755380349497E-12	5.77871523605034E-02	4.40278561489975E-09	3.94872310155266E-11	0.18244189884787	1.16502028762632E-11	1.58434189364252E-10	9.04882989201586	1E10	1E-30	1E-10	1E10	1E-30	1E-10	1E10	1E-30	1E-10
13	7.05176524758749E-09	1E10	1E10	1E-30	4.8615418526783E-10	1E10	1E-30	1E10	0.104478021701065	7.54425635266029E-07	1E10	2314.15512904947	9.08336247789106E-07	1E10	393.651378150191	7.71821339347748E-07	1E10	85.1779147945135	7.01533700577502E-07	1E10	16.2571250079997	5.44703155557413E-07	1E10	3.25931969353391	4.28150941410766E-07	1E10	0.592464359809851	2.6205426629288E-07	1E10	0.137991202052052	1E-30	6.23406029448628E-11	0.394079900877968	1E-30	4.64151190741068E-11	0.145391840531371	7.23852887031593E-08	9.13713595635896E-12	3.96837872256728E-02	1.16706824271545E-08	1.79456312630623E-11	9.82819212566147E-02	1.01202118533186E-11	2.29956688361762E-10	16.6428481061704	1E10	1E-30	1E-10	1E10	1E-30	1E-10	1E10	1E-30	1E-10
14	7.04579107069837E-09	1E10	1E10	1E-30	5.24281835533104E-10	1E10	1E-30	1E10	8.90474024110166E-02	8.97036998303192E-07	1E10	2153.35362786745	1.09606630699875E-06	1E10	334.747387579404	9.60510147344733E-07	1E10	70.897081981055	8.88455493929463E-07	1E10	13.7193058631774	7.15850485318316E-07	1E10	2.84053596653187	4.75355513475295E-07	1E10	0.616814424076743	2.86648643904987E-07	1E10	0.10989695908578	1E-30	3.93914848064407E-11	0.32206605703288	1E-30	6.34056439626087E-11	0.177155794885393	5.56761580336499E-08	1.86759516496071E-11	6.82036274195568E-02	1.07619163025009E-08	3.52594765709155E-11	0.134542649774776	1.1195668458245E-11	2.07266366907968E-10	16.7261063680333	1E10	1E-30	1E-10	1E10	1E-30	1E-10	1E10	1E-30	1E-10
15	1.03975572592737E-08	1E10	1E10	1E-30	4.75468473119357E-10	1E10	1E-30	1E10	7.16214785570271E-02	1.18088786985948E-06	1E10	1602.58890124575	1.41862899518815E-06	1E10	285.698705751512	1.21021854774597E-06	1E10	63.2823836994278	1.11809047495414E-06	1E10	12.4566798654755	9.09508192534707E-07	1E10	2.56013564582447	8.19619194435342E-07	1E10	0.494078622351592	4.25224781423089E-07	1E10	0.096534468650772	1E-30	6.64062622682145E-11	0.355125033436519	1E-30	7.9851002312375E-11	0.225999238150124	7.62755769993652E-08	1.74782279436501E-11	6.11384270610994E-02	1.12550437361688E-08	4.44969991157431E-11	0.122588246266868	1.44412363702719E-11	1.17133047964014E-10	5.8469717617938	1E10	1E-30	1E-10	1E10	1E-30	1E-10	1E10	1E-30	1E-10
16	1.02056682019305E-08	1E10	1E10	1E-30	4.69234124091316E-10	1E10	1E-30	1E10	7.20542091679018E-02	1.13499385470716E-06	1E10	1623.78174157911	1.34506550180821E-06	1E10	294.261000977246	1.15480907715546E-06	1E10	63.9858127577075	1.07627942750682E-06	1E10	12.2270202906024	8.3932980017003E-07	1E10	2.49805527037922	7.45532719206984E-07	1E10	0.448769963692791	4.61320293759378E-07	1E10	7.44671390098943E-02	1E-30	1.06044420252846E-10	0.238423425657822	1E-30	2.76462369509846E-11	0.145719668851817	5.81338208219445E-08	3.09519024533466E-11	0.110200107330191	1.0323260118567E-08	6.91998822525726E-11	0.157855388828464	3.47483946393007E-11	5.88765647317213E-11	2.57799191328518	1E10	1E-30	1E-10	1E10	1E-30	1E-10	1E10	1E-30	1E-10
17	1.57526955332314E-08	1E10	6666666666.66666	1E-30	4.50337519576896E-10	1E10	1E-30	1E10	9.86097101596931E-02	1.18424359320436E-06	1E10	2472.98746544326	1.62580163271935E-06	1E10	308.251101146256	1.50224842333631E-06	1E10	67.0809526674243	1.39990006864967E-06	1E10	14.2056825648698	1.1638146700191E-06	1E10	2.79333175207994	1.01626963275864E-06	1E10	0.554126191532111	7.55017793375399E-07	1E10	0.128641218773805	1E-30	7.73743529912571E-11	0.229510639570682	1E-30	2.50959668204013E-11	0.03072546832854	8.51035498478564E-08	5.99898707009777E-12	1.04846740568077E-02	5.8093411477865E-12	3.77182280687141E-10	25.3342783961185	1E10	1E-30	1E-10	1E10	1E-30	1E-10	1E10	1E-30	1E-10	1E10	1E-30	1E-10
18	1.53043901285731E-08	1E10	6666666666.66666	1E-30	4.79724571394827E-10	1E10	1E-30	1E10	5.69075324663546E-02	1.70919565192366E-06	1E10	1143.57628309738	1.96061740671688E-06	1E10	231.01177792833	1.6948915807481E-06	1E10	51.3420841852201	1.60462475177936E-06	1E10	10.3692465445354	1.38232470195748E-06	1E10	2.13376976320235	1.00545206528048E-06	1E10	0.505881000837158	6.93956160398973E-07	1E10	7.90180263081426E-02	1E-30	7.21597840205741E-11	0.303184520842267	1E-30	1.0115658714015E-10	0.196409352913927	1.30763181250379E-07	1.77102255208536E-11	5.92308935427298E-02	1.54219481076714E-08	6.0147841056714E-11	0.118492642371119	1.67913051263521E-11	1.26810362916116E-10	9.4220787286177	1E10	1E-30	1E-10	1E10	1E-30	1E-10	1E10	1E-30	1E-10
19	1.57526955332314E-08	1E10	6666666666.66666	1E-30	4.50337519576896E-10	1E10	1E-30	1E10	9.86097101596931E-02	1.18424359320436E-06	1E10	2472.98746544326	1.62580163271935E-06	1E10	308.251101146256	1.50224842333631E-06	1E10	67.0809526674243	1.39990006864967E-06	1E10	14.2056825648698	1.1638146700191E-06	1E10	2.79333175207994	1.01626963275864E-06	1E10	0.554126191532111	7.55017793375399E-07	1E10	0.128641218773805	1E-30	7.73743529912571E-11	0.229510639570682	1E-30	2.50959668204013E-11	0.03072546832854	8.51035498478564E-08	5.99898707009777E-12	1.04846740568077E-02	5.8093411477865E-12	3.77182280687141E-10	25.3342783961185	1E10	1E-30	1E-10	1E10	1E-30	1E-10	1E10	1E-30	1E-10	1E10	1E-30	1E-10
20	2.2577421391185E-08	1E10	4545454545.45454	1E-30	4.90537568318667E-10	1E10	1E-30	1E10	6.71868741378919E-02	2.60326645608888E-06	1E10	742.32378135829	2.77212381684089E-06	1E10	185.743757052158	2.40643433919197E-06	1E10	40.5734681012641	2.2305340935753E-06	1E10	8.50659402853706	1.92359816892417E-06	1E10	1.78324597838079	1.49327289383251E-06	1E10	0.423494833754313	1.19359487167837E-06	1E10	6.22325010469861E-02	1E-30	9.41777125659241E-11	0.348217327388068	1E-30	5.47043771150199E-11	6.42225797686195E-02	4.66585877616945E-08	2.48340440372317E-11	3.68671415712587E-02	1.10155722105776E-07	5.38255920881901E-12	1.60933495104689E-02	8.79995673924773E-12	2.31550430702759E-10	23.6930576599131	1E10	1E-30	1E-10	1E10	1E-30	1E-10	1E10	1E-30	1E-10
21	2.27669193322126E-08	1E10	4545454545.45454	1E-30	4.99136737956897E-10	1E10	1E-30	1E10	4.53401436742505E-02	2.52659500867649E-06	1E10	786.711835547886	2.85414551433072E-06	1E10	173.676711998339	2.49420043396513E-06	1E10	38.1148410636891	2.3358297505179E-06	1E10	7.80744776040868	1.99718041883537E-06	1E10	1.60745173293893	1.54068425291209E-06	1E10	0.366343229846132	1.0781941273583E-06	1E10	5.25187140919532E-02	1E-30	7.00548128609146E-11	0.236480565965958	1E-30	1.3293997764856E-10	0.192009166663228	1.54624007823524E-07	2.67871413456452E-11	6.22599125901071E-02	2.35501975343521E-08	6.86434151865894E-11	0.106883173026172	2.61064742182803E-11	6.90045420631155E-11	3.23991977839643	1E10	1E-30	1E-10	1E10	1E-30	1E-10	1E10	1E-30	1E-10
22	2.2577421391185E-08	1E10	4545454545.45454	1E-30	4.90537568318667E-10	1E10	1E-30	1E10	6.71868741378919E-02	2.60326645608888E-06	1E10	742.32378135829	2.77212381684089E-06	1E10	185.743757052158	2.40643433919197E-06	1E10	40.5734681012641	2.2305340935753E-06	1E10	8.50659402853706	1.92359816892417E-06	1E10	1.78324597838079	1.49327289383251E-06	1E10	0.423494833754313	1.19359487167837E-06	1E10	6.22325010469861E-02	1E-30	9.41777125659241E-11	0.348217327388068	1E-30	5.47043771150199E-11	6.42225797686195E-02	4.66585877616945E-08	2.48340440372317E-11	3.68671415712587E-02	1.10155722105776E-07	5.38255920881901E-12	1.60933495104689E-02	8.79995673924773E-12	2.31550430702759E-10	23.6930576599131	1E10	1E-30	1E-10	1E10	1E-30	1E-10	1E10	1E-30	1E-10
23	3.35987175423409E-08	1E10	3030303030.30303	1E-30	4.82074898948434E-10	1E10	1E-30	1E10	5.25147002092345E-02	4.0935021370965E-06	1E10	521.690375483121	4.26703124119991E-06	1E10	132.37343470522	3.82904699647472E-06	1E10	28.8959979949886	3.63765397627224E-06	1E10	6.23251738564562	3.17180031234699E-06	1E10	1.3536104551293	2.81317757128401E-06	1E10	0.310800717734724	1.74771257520809E-06	1E10	6.37477301722927E-02	1E-30	4.97952965649428E-11	0.266274661311228	1E-30	7.89852454822642E-11	7.12649800487342E-02	2.86525314007354E-07	1.21529675364949E-11	1.78312396131546E-02	3.21171958244316E-08	3.80576957705652E-11	4.97591043579022E-02	8.16810617322555E-12	3.07001061494096E-10	33.0312484534095	1E10	1E-30	1E-10	1E10	1E-30	1E-10	1E10	1E-30	1E-10
24	3.35987175423409E-08	1E10	3030303030.30303	1E-30	4.82074898948434E-10	1E10	1E-30	1E10	5.25147002092345E-02	4.0935021370965E-06	1E10	521.690375483121	4.26703124119991E-06	1E10	132.37343470522	3.82904699647472E-06	1E10	28.8959979949886	3.63765397627224E-06	1E10	6.23251738564562	3.17180031234699E-06	1E10	1.3536104551293	2.81317757128401E-06	1E10	0.310800717734724	1.74771257520809E-06	1E10	6.37477301722927E-02	1E-30	4.97952965649428E-11	0.266274661311228	1E-30	7.89852454822642E-11	7.12649800487342E-02	2.86525314007354E-07	1.21529675364949E-11	1.78312396131546E-02	3.21171958244316E-08	3.80576957705652E-11	4.97591043579022E-02	8.16810617322555E-12	3.07001061494096E-10	33.0312484534095	1E10	1E-30	1E-10	1E10	1E-30	1E-10	1E10	1E-30	1E-10
25	5.06917366093344E-08	1E10	2127659574.46808	1E-30	5.93329011665961E-10	1E10	1E-30	1E10	3.75351096326548E-02	6.87396001379048E-06	1E10	220.122681123551	5.73449954699255E-06	1E10	109.420658053303	4.9051546062909E-06	1E10	22.055302912233	4.78543929565693E-06	1E10	4.51382963609025	3.91036171535787E-06	1E10	1.00654878323823	3.83676624466013E-06	1E10	0.203257036573876	1.89634280720138E-06	1E10	3.96725439958239E-02	1E-30	1.14867123789775E-10	0.111890925114399	1E-30	1.77695843717863E-11	6.15688140623094E-02	3.23055373966598E-07	2.7997642029922E-11	3.13626843101054E-02	4.12907732218833E-08	7.163516848854E-11	6.00010342360123E-02	1.56518865493416E-11	1.23515040339567E-10	5.38698875388174	1E10	1E-30	1E-10	1E10	1E-30	1E-10	1E10	1E-30	1E-10
26	5.06917366093344E-08	1E10	2127659574.46808	1E-30	5.93329011665961E-10	1E10	1E-30	1E10	3.75351096326548E-02	6.87396001379048E-06	1E10	220.122681123551	5.73449954699255E-06	1E10	109.420658053303	4.9051546062909E-06	1E10	22.055302912233	4.78543929565693E-06	1E10	4.51382963609025	3.91036171535787E-06	1E10	1.00654878323823	3.83676624466013E-06	1E10	0.203257036573876	1.89634280720138E-06	1E10	3.96725439958239E-02	1E-30	1.14867123789775E-10	0.111890925114399	1E-30	1.77695843717863E-11	6.15688140623094E-02	3.23055373966598E-07	2.7997642029922E-11	3.13626843101054E-02	4.12907732218833E-08	7.163516848854E-11	6.00010342360123E-02	1.56518865493416E-11	1.23515040339567E-10	5.38698875388174	1E10	1E-30	1E-10	1E10	1E-30	1E-10	1E10	1E-30	1E-10
27	6.82915890641903E-08	1E10	1470588235.29411	1E-30	4.87299426276212E-10	1E10	1E-30	1E10	3.59742270395097E-02	5.60718371672004E-06	1E10	296.477176433776	6.72873240365521E-06	1E10	55.6552993977399	5.50219312822226E-06	1E10	12.331487148476	5.16708361181536E-06	1E10	2.213758295141	4.28787224619712E-06	1E10	0.475593463076715	4.11650599754946E-06	1E10	5.63415716523843E-02	1E-30	6.25602970869973E-11	0.130998914681885	1E-30	1.08153865766244E-10	5.31777056617538E-02	1.28200751444144E-07	3.76951628404387E-11	3.10023196022141E-02	2.0289302091319E-07	8.41760253495327E-12	9.71428962277705E-03	1.37075446707389E-11	1.35211038924567E-10	6.89660544548666	1E10	1E-30	1E-10	1E10	1E-30	1E-10	1E10	1E-30	1E-10	1E10	1E-30	1E-10
28	9.90038296132172E-08	1E10	5E8	1E-30	3.46075029565718E-10	1E10	1E-30	1E10	6.20170911025182E-02	1.35908963654382E-05	1E10	252.417557011366	1.8643499408498E-05	1E10	31.0541437595837	1.81560236758689E-05	1E10	4.00054867764979	1.53348713975998E-05	1E10	0.503639239141287	5.54464972715498E-05	1E10	0.400054867764979	1.35424269995862E-05	1E10	9.84482482280388E-02	8.41682320824335E-06	1E10	3.63079546964093E-02	1E-30	1.50249382093592E-10	0.121902493011851	3.38207155551971E-07	2.97726138321999E-11	1.56303786803243E-02	1.12418394841216E-07	3.1198318718293E-11	2.31596712990679E-02	2.02108868204599E-11	5.79312490921674E-11	9.96139311180457	1.44931678794661E-12	2.43837970311139E-10	24.9658861693446	1E10	1E-30	1E-10	1E10	1E-30	1E-10	1E10	1E-30	1E-10
29	1.00331916856825E-07	1E10	5E8	1E-30	1.12623211188958E-10	1E10	1E-30	1E10	0.063412856188501	1.34711952131881E-05	1E10	274.257478628396	1.94483230098222E-05	1E10	34.5269709219883	2.50941153505226E-05	1E10	4.44793548115734	1.77840981557918E-05	1E10	1.34325504085582	1.22925283440026E-05	1E10	0.314889717309796	1.02728216279163E-05	1E10	5.20975340059914E-02	1.18766103223518E-05	1E10	1.25532551320665E-02	1E-30	1.58301010387428E-10	7.26295709175106E-02	1E-30	2.61949130620136E-11	0.056857563336668	5.40027284063787E-07	3.37475319288359E-11	1.78947064646551E-02	9.77569269819129E-12	1.31878958073941E-10	13.7857339194842	1.26836352421838E-12	4.04563138204417E-10	61.6400802235949	1E10	1E-30	1E-10	1E10	1E-30	1E-10	1E10	1E-30	1E-10
30	9.90038296132172E-08	1E10	5E8	1E-30	3.46075029565718E-10	1E10	1E-30	1E10	6.20170911025182E-02	1.35908963654382E-05	1E10	252.417557011366	1.8643499408498E-05	1E10	31.0541437595837	1.81560236758689E-05	1E10	4.00054867764979	1.53348713975998E-05	1E10	0.503639239141287	5.54464972715498E-05	1E10	0.400054867764979	1.35424269995862E-05	1E10	9.84482482280388E-02	8.41682320824335E-06	1E10	3.63079546964093E-02	1E-30	1.50249382093592E-10	0.121902493011851	3.38207155551971E-07	2.97726138321999E-11	1.56303786803243E-02	1.12418394841216E-07	3.1198318718293E-11	2.31596712990679E-02	2.02108868204599E-11	5.79312490921674E-11	9.96139311180457	1.44931678794661E-12	2.43837970311139E-10	24.9658861693446	1E10	1E-30	1E-10	1E10	1E-30	1E-10	1E10	1E-30	1E-10
31	1.00331916856825E-07	1E10	5E8	1E-30	1.12623211188958E-10	1E10	1E-30	1E10	0.063412856188501	1.34711952131881E-05	1E10	274.257478628396	1.94483230098222E-05	1E10	34.5269709219883	2.50941153505226E-05	1E10	4.44793548115734	1.77840981557918E-05	1E10	1.34325504085582	1.22925283440026E-05	1E10	0.314889717309796	1.02728216279163E-05	1E10	5.20975340059914E-02	1.18766103223518E-05	1E10	1.25532551320665E-02	1E-30	1.58301010387428E-10	7.26295709175106E-02	1E-30	2.61949130620136E-11	0.056857563336668	5.40027284063787E-07	3.37475319288359E-11	1.78947064646551E-02	9.77569269819129E-12	1.31878958073941E-10	13.7857339194842	1.26836352421838E-12	4.04563138204417E-10	61.6400802235949	1E10	1E-30	1E-10	1E10	1E-30	1E-10	1E10	1E-30	1E-10
32	9.90038296132172E-08	1E10	5E8	1E-30	3.46075029565718E-10	1E10	1E-30	1E10	6.20170911025182E-02	1.35908963654382E-05	1E10	252.417557011366	1.8643499408498E-05	1E10	31.0541437595837	1.81560236758689E-05	1E10	4.00054867764979	1.53348713975998E-05	1E10	0.503639239141287	5.54464972715498E-05	1E10	0.400054867764979	1.35424269995862E-05	1E10	9.84482482280388E-02	8.41682320824335E-06	1E10	3.63079546964093E-02	1E-30	1.50249382093592E-10	0.121902493011851	3.38207155551971E-07	2.97726138321999E-11	1.56303786803243E-02	1.12418394841216E-07	3.1198318718293E-11	2.31596712990679E-02	2.02108868204599E-11	5.79312490921674E-11	9.96139311180457	1.44931678794661E-12	2.43837970311139E-10	24.9658861693446	1E10	1E-30	1E-10	1E10	1E-30	1E-10	1E10	1E-30	1E-10
33	9.90038296132172E-08	1E10	5E8	1E-30	3.46075029565718E-10	1E10	1E-30	1E10	6.20170911025182E-02	1.35908963654382E-05	1E10	252.417557011366	1.8643499408498E-05	1E10	31.0541437595837	1.81560236758689E-05	1E10	4.00054867764979	1.53348713975998E-05	1E10	0.503639239141287	5.54464972715498E-05	1E10	0.400054867764979	1.35424269995862E-05	1E10	9.84482482280388E-02	8.41682320824335E-06	1E10	3.63079546964093E-02	1E-30	1.50249382093592E-10	0.121902493011851	3.38207155551971E-07	2.97726138321999E-11	1.56303786803243E-02	1.12418394841216E-07	3.1198318718293E-11	2.31596712990679E-02	2.02108868204599E-11	5.79312490921674E-11	9.96139311180457	1.44931678794661E-12	2.43837970311139E-10	24.9658861693446	1E10	1E-30	1E-10	1E10	1E-30	1E-10	1E10	1E-30	1E-10
34	1.02957627678069E-07	1E10	1E9	1E-30	5.52310145961793E-10	1E10	1E-30	1E10	2.55341069934771E-02	9.17597476831259E-06	1E10	196.801414903446	1.08613099080554E-05	1E10	37.5923829375488	8.88944381137502E-06	1E10	8.44453706782384	8.1087570107383E-06	1E10	1.57086909100698	7.41331612701903E-06	1E10	0.332766804911791	6.62434602939827E-06	1E10	4.24486492789612E-02	1E-30	3.05075302034202E-11	0.072656470013655	1E-30	1.53942583798013E-10	7.05644742532971E-02	7.24387805964247E-07	2.83931974433629E-11	2.05761957262943E-02	1.07811408825822E-07	7.44611851591769E-11	4.45282183012008E-02	1.77685787339165E-11	9.36108376234264E-11	4.20435534409861	1E10	1E-30	1E-10	1E10	1E-30	1E-10	1E10	1E-30	1E-10	1E10	1E-30	1E-10
35	2.14294538947093E-07	1E10	227272727.272727	1E-30	4.32574597604697E-11	1E10	1E-30	1E10	6.34730040476165E-02	2.87171216331065E-05	1E10	138.554052461523	3.72415510037515E-05	1E10	15.5460203780151	6.36670082497139E-05	1E10	1.32318092863979	4.47676672814799E-05	1E10	0.618898218605862	3.89225153860672E-05	1E10	0.155460203780151	2.15559248347375E-05	1E10	0.058648035731735	2.37691329529199E-05	1E10	0.015166210081827	1E-30	2.91429201610829E-10	8.32673437741667E-02	1E-30	2.67325363376567E-11	8.14465339631514E-02	1.15729245541831E-06	3.35192386560545E-11	1.97311559886255E-02	4.81986795961809E-07	3.2099227564027E-11	2.15052086739146E-02	1.02887588583564E-11	8.15481867975001E-11	12.7281080150382	8.79069112665305E-13	4.33968501888103E-10	85.6590582117561	1E10	1E-30	1E-10	1E10	1E-30	1E-10
36	2.14294538947093E-07	1E10	227272727.272727	1E-30	4.32574597604697E-11	1E10	1E-30	1E10	6.34730040476165E-02	2.87171216331065E-05	1E10	138.554052461523	3.72415510037515E-05	1E10	15.5460203780151	6.36670082497139E-05	1E10	1.32318092863979	4.47676672814799E-05	1E10	0.618898218605862	3.89225153860672E-05	1E10	0.155460203780151	2.15559248347375E-05	1E10	0.058648035731735	2.37691329529199E-05	1E10	0.015166210081827	1E-30	2.91429201610829E-10	8.32673437741667E-02	1E-30	2.67325363376567E-11	8.14465339631514E-02	1.15729245541831E-06	3.35192386560545E-11	1.97311559886255E-02	4.81986795961809E-07	3.2099227564027E-11	2.15052086739146E-02	1.02887588583564E-11	8.15481867975001E-11	12.7281080150382	8.79069112665305E-13	4.33968501888103E-10	85.6590582117561	1E10	1E-30	1E-10	1E10	1E-30	1E-10
37	2.14294538947093E-07	1E10	227272727.272727	1E-30	4.32574597604697E-11	1E10	1E-30	1E10	6.34730040476165E-02	2.87171216331065E-05	1E10	138.554052461523	3.72415510037515E-05	1E10	15.5460203780151	6.36670082497139E-05	1E10	1.32318092863979	4.47676672814799E-05	1E10	0.618898218605862	3.89225153860672E-05	1E10	0.155460203780151	2.15559248347375E-05	1E10	0.058648035731735	2.37691329529199E-05	1E10	0.015166210081827	1E-30	2.91429201610829E-10	8.32673437741667E-02	1E-30	2.67325363376567E-11	8.14465339631514E-02	1.15729245541831E-06	3.35192386560545E-11	1.97311559886255E-02	4.81986795961809E-07	3.2099227564027E-11	2.15052086739146E-02	1.02887588583564E-11	8.15481867975001E-11	12.7281080150382	8.79069112665305E-13	4.33968501888103E-10	85.6590582117561	1E10	1E-30	1E-10	1E10	1E-30	1E-10
38	2.14294538947093E-07	1E10	227272727.272727	1E-30	4.32574597604697E-11	1E10	1E-30	1E10	6.34730040476165E-02	2.87171216331065E-05	1E10	138.554052461523	3.72415510037515E-05	1E10	15.5460203780151	6.36670082497139E-05	1E10	1.32318092863979	4.47676672814799E-05	1E10	0.618898218605862	3.89225153860672E-05	1E10	0.155460203780151	2.15559248347375E-05	1E10	0.058648035731735	2.37691329529199E-05	1E10	0.015166210081827	1E-30	2.91429201610829E-10	8.32673437741667E-02	1E-30	2.67325363376567E-11	8.14465339631514E-02	1.15729245541831E-06	3.35192386560545E-11	1.97311559886255E-02	4.81986795961809E-07	3.2099227564027E-11	2.15052086739146E-02	1.02887588583564E-11	8.15481867975001E-11	12.7281080150382	8.79069112665305E-13	4.33968501888103E-10	85.6590582117561	1E10	1E-30	1E-10	1E10	1E-30	1E-10
39	4.41756645249624E-07	1E10	106382978.723404	1E-30	4.94903471238165E-11	1E10	1E-30	1E10	3.94330171911209E-02	2.97133054050986E-05	1E10	7.22552095382539E-02	6.37628241480333E-05	1E10	2.57850932116174E-03	1E-30	3.05623962740469E-11	7.70936672704638E-02	1E-30	2.59707028460378E-10	6.20400162710371E-02	1.41495466084355E-06	6.07698906097628E-11	2.05725166983277E-02	8.31528553170181E-07	4.1738901480581E-11	2.18088531404379E-02	9.54172080219216E-12	1.08699563305266E-10	11.1998825567866	1.42876988844025E-12	3.29896037597491E-10	144.568858824125	1E10	1E-30	1E-10	1E10	1E-30	1E-10	1E10	1E-30	1E-10	1E10	1E-30	1E-10	1E10	1E-30	1E-10	1E10	1E-30	1E-10	1E10	1E-30	1E-10
40	4.41756645249624E-07	1E10	106382978.723404	1E-30	4.94903471238165E-11	1E10	1E-30	1E10	3.94330171911209E-02	2.97133054050986E-05	1E10	7.22552095382539E-02	6.37628241480333E-05	1E10	2.57850932116174E-03	1E-30	3.05623962740469E-11	7.70936672704638E-02	1E-30	2.59707028460378E-10	6.20400162710371E-02	1.41495466084355E-06	6.07698906097628E-11	2.05725166983277E-02	8.31528553170181E-07	4.1738901480581E-11	2.18088531404379E-02	9.54172080219216E-12	1.08699563305266E-10	11.1998825567866	1.42876988844025E-12	3.29896037597491E-10	144.568858824125	1E10	1E-30	1E-10	1E10	1E-30	1E-10	1E10	1E-30	1E-10	1E10	1E-30	1E-10	1E10	1E-30	1E-10	1E10	1E-30	1E-10	1E10	1E-30	1E-10
41	1.01245906905852E-06	1E10	5E7	1E-30	1.29395501559891E-10	1E10	1E-30	1E10	1.21518079088828E-02	1.20957698200061E-04	1E10	16.7528965737835	1.29312957868164E-04	1E10	1.34455607974494	1.14758817967646E-04	1E10	0.153573620773903	7.87181931816883E-05	1E10	2.26965335539166E-02	1.58307665740165E-04	1E10	1.63626342204774E-03	1E-30	4.14960078840321E-11	7.01351589877197E-02	1E-30	3.4800524827607E-10	4.72162748039664E-02	3.32763290331015E-06	7.68084044480852E-11	1.74986783604326E-02	1.48044344596348E-06	7.3986116328847E-11	1.89651021552794E-02	2.15662297332861E-11	6.97895961727098E-11	5.92724249372549	1.30442572175529E-12	3.43707377539409E-10	106.785137816349	1E10	1E-30	1E-10	1E10	1E-30	1E-10	1E10	1E-30	1E-10	1E10	1E-30	1E-10
42	9.69084296875269E-07	1E10	5E7	1E-30	3.21642101450029E-10	1E10	1E-30	1E10	3.11468955662152E-02	7.86300976897797E-05	1E10	24.347963388686	2.35169946014031E-04	1E10	2.28664856976572	1.14557366017078E-04	1E10	0.565035239096153	1.15233814456875E-04	1E10	5.89259832078433E-02	9.68901928890081E-05	1E10	1.66759580072621E-02	1E-30	3.87458815467606E-11	7.91801643433994E-02	1E-30	2.94302589784593E-10	0.04831552671022	3.13940521200906E-06	6.45585133083909E-11	1.18776966243356E-02	1.44840033466361E-06	5.5203637098856E-11	1.42662328244497E-02	8.71469162758424E-12	1.05756595096702E-10	8.00999328116024	3.91108198283412E-12	1.00523116180731E-10	23.3352384825098	1E10	1E-30	1E-10	1E10	1E-30	1E-10	1E10	1E-30	1E-10	1E10	1E-30	1E-10
43	1.01245906905852E-06	1E10	5E7	1E-30	1.29395501559891E-10	1E10	1E-30	1E10	1.21518079088828E-02	1.20957698200061E-04	1E10	16.7528965737835	1.29312957868164E-04	1E10	1.34455607974494	1.14758817967646E-04	1E10	0.153573620773903	7.87181931816883E-05	1E10	2.26965335539166E-02	1.58307665740165E-04	1E10	1.63626342204774E-03	1E-30	4.14960078840321E-11	7.01351589877197E-02	1E-30	3.4800524827607E-10	4.72162748039664E-02	3.32763290331015E-06	7.68084044480852E-11	1.74986783604326E-02	1.48044344596348E-06	7.3986116328847E-11	1.89651021552794E-02	2.15662297332861E-11	6.97895961727098E-11	5.92724249372549	1.30442572175529E-12	3.43707377539409E-10	106.785137816349	1E10	1E-30	1E-10	1E10	1E-30	1E-10	1E10	1E-30	1E-10	1E10	1E-30	1E-10
44	9.69084296875269E-07	1E10	5E7	1E-30	3.21642101450029E-10	1E10	1E-30	1E10	3.11468955662152E-02	7.86300976897797E-05	1E10	24.347963388686	2.35169946014031E-04	1E10	2.28664856976572	1.14557366017078E-04	1E10	0.565035239096153	1.15233814456875E-04	1E10	5.89259832078433E-02	9.68901928890081E-05	1E10	1.66759580072621E-02	1E-30	3.87458815467606E-11	7.91801643433994E-02	1E-30	2.94302589784593E-10	0.04831552671022	3.13940521200906E-06	6.45585133083909E-11	1.18776966243356E-02	1.44840033466361E-06	5.5203637098856E-11	1.42662328244497E-02	8.71469162758424E-12	1.05756595096702E-10	8.00999328116024	3.91108198283412E-12	1.00523116180731E-10	23.3352384825098	1E10	1E-30	1E-10	1E10	1E-30	1E-10	1E10	1E-30	1E-10	1E10	1E-30	1E-10
45	1.00626682140941E-06	1E10	5E7	1E-30	3.2844738723085E-10	1E10	1E-30	1E10	7.37476290650481E-03	1.6270097728479E-04	1E10	10.2592078213406	2.80769039708594E-04	1E10	1.08069275178695	1.89256679388242E-04	1E10	0.288012508204806	2.01121816908659E-04	1E10	6.64880383429118E-02	1.09335715449593E-04	1E10	2.34135032287833E-02	1.4576958142321E-04	1E10	1.71052624199318E-03	1E-30	3.31549729089672E-10	3.67532107368107E-02	1E-30	4.64516386124022E-11	3.61735627317328E-02	3.27527563316426E-06	7.89389620205938E-11	2.50028252249225E-02	1.42135946980237E-06	7.7910252301596E-11	1.87440035404457E-02	5.45645218883069E-10	4.75232292591665E-11	0.372320684097274	3.1630079708463E-12	1.08155020962102E-10	8.96513586511065	1E10	1E-30	1E-10	1E10	1E-30	1E-10	1E10	1E-30	1E-10
46	1.00626682140941E-06	1E10	5E7	1E-30	3.2844738723085E-10	1E10	1E-30	1E10	7.37476290650481E-03	1.6270097728479E-04	1E10	10.2592078213406	2.80769039708594E-04	1E10	1.08069275178695	1.89256679388242E-04	1E10	0.288012508204806	2.01121816908659E-04	1E10	6.64880383429118E-02	1.09335715449593E-04	1E10	2.34135032287833E-02	1.4576958142321E-04	1E10	1.71052624199318E-03	1E-30	3.31549729089672E-10	3.67532107368107E-02	1E-30	4.64516386124022E-11	3.61735627317328E-02	3.27527563316426E-06	7.89389620205938E-11	2.50028252249225E-02	1.42135946980237E-06	7.7910252301596E-11	1.87440035404457E-02	5.45645218883069E-10	4.75232292591665E-11	0.372320684097274	3.1630079708463E-12	1.08155020962102E-10	8.96513586511065	1E10	1E-30	1E-10	1E10	1E-30	1E-10	1E10	1E-30	1E-10
47	2.21927440195507E-06	1E10	22727272.7272727	1E-30	1.42976192205207E-10	1E10	1E-30	1E10	1.86356374023492E-02	2.35936328652786E-04	1E10	11.1462134000654	4.14347777797553E-04	1E10	1.29782527992127	3.14276364760674E-04	1E10	0.286130140055014	2.32068725720889E-04	1E10	5.76217025050669E-02	2.06840195923627E-04	1E10	8.1837295207928E-03	1E-30	5.70936571242232E-11	7.47727308562187E-02	1E-30	3.60221880600008E-10	3.34503061528735E-02	6.41133820570366E-06	8.28876167908348E-11	8.28690655954077E-03	4.09568137799921E-06	5.91423333675957E-11	1.04893062913094E-02	1.58347445116911E-11	7.51866428343527E-11	5.08894586454522	1.8317060896217E-12	2.35346136617592E-10	102.460149643038	1E10	1E-30	1E-10	1E10	1E-30	1E-10	1E10	1E-30	1E-10	1E10	1E-30	1E-10
48	2.21927440195507E-06	1E10	22727272.7272727	1E-30	1.42976192205207E-10	1E10	1E-30	1E10	1.86356374023492E-02	2.35936328652786E-04	1E10	11.1462134000654	4.14347777797553E-04	1E10	1.29782527992127	3.14276364760674E-04	1E10	0.286130140055014	2.32068725720889E-04	1E10	5.76217025050669E-02	2.06840195923627E-04	1E10	8.1837295207928E-03	1E-30	5.70936571242232E-11	7.47727308562187E-02	1E-30	3.60221880600008E-10	3.34503061528735E-02	6.41133820570366E-06	8.28876167908348E-11	8.28690655954077E-03	4.09568137799921E-06	5.91423333675957E-11	1.04893062913094E-02	1.58347445116911E-11	7.51866428343527E-11	5.08894586454522	1.8317060896217E-12	2.35346136617592E-10	102.460149643038	1E10	1E-30	1E-10	1E10	1E-30	1E-10	1E10	1E-30	1E-10	1E10	1E-30	1E-10
49	2.21927440195507E-06	1E10	22727272.7272727	1E-30	1.42976192205207E-10	1E10	1E-30	1E10	1.86356374023492E-02	2.35936328652786E-04	1E10	11.1462134000654	4.14347777797553E-04	1E10	1.29782527992127	3.14276364760674E-04	1E10	0.286130140055014	2.32068725720889E-04	1E10	5.76217025050669E-02	2.06840195923627E-04	1E10	8.1837295207928E-03	1E-30	5.70936571242232E-11	7.47727308562187E-02	1E-30	3.60221880600008E-10	3.34503061528735E-02	6.41133820570366E-06	8.28876167908348E-11	8.28690655954077E-03	4.09568137799921E-06	5.91423333675957E-11	1.04893062913094E-02	1.58347445116911E-11	7.51866428343527E-11	5.08894586454522	1.8317060896217E-12	2.35346136617592E-10	102.460149643038	1E10	1E-30	1E-10	1E10	1E-30	1E-10	1E10	1E-30	1E-10	1E10	1E-30	1E-10
50	2.21927440195507E-06	1E10	22727272.7272727	1E-30	1.42976192205207E-10	1E10	1E-30	1E10	1.86356374023492E-02	2.35936328652786E-04	1E10	11.1462134000654	4.14347777797553E-04	1E10	1.29782527992127	3.14276364760674E-04	1E10	0.286130140055014	2.32068725720889E-04	1E10	5.76217025050669E-02	2.06840195923627E-04	1E10	8.1837295207928E-03	1E-30	5.70936571242232E-11	7.47727308562187E-02	1E-30	3.60221880600008E-10	3.34503061528735E-02	6.41133820570366E-06	8.28876167908348E-11	8.28690655954077E-03	4.09568137799921E-06	5.91423333675957E-11	1.04893062913094E-02	1.58347445116911E-11	7.51866428343527E-11	5.08894586454522	1.8317060896217E-12	2.35346136617592E-10	102.460149643038	1E10	1E-30	1E-10	1E10	1E-30	1E-10	1E10	1E-30	1E-10	1E10	1E-30	1E-10
51	2.19011274723103E-06	1E10	22727272.7272727	1E-30	3.07826352125832E-10	1E10	1E-30	1E10	1.10529558920357E-02	2.64346548576311E-04	1E10	7.39922943549709	2.76289298337299E-04	1E10	0.548096341356622	2.33716763191509E-04	1E10	7.20299047467501E-02	1.82788970809454E-04	1E10	8.91411093495591E-03	1.57702239680435E-04	1E10	6.03147834264988E-04	1E-30	5.15263937432163E-11	6.18343273346751E-02	1E-30	4.54542719178859E-10	3.56750317610249E-02	7.11277652492974E-06	8.95798523189383E-11	1.50913494039132E-02	3.86612529847172E-06	7.30375137303356E-11	1.34293435591713E-02	2.00899512631448E-10	4.12461832165638E-12	0.763507890351832	3.25557230481035E-12	9.02423798070538E-11	5.84768665708103	1E10	1E-30	1E-10	1E10	1E-30	1E-10	1E10	1E-30	1E-10	1E10	1E-30	1E-10
52	2.19011274723103E-06	1E10	22727272.7272727	1E-30	3.07826352125832E-10	1E10	1E-30	1E10	1.10529558920357E-02	2.64346548576311E-04	1E10	7.39922943549709	2.76289298337299E-04	1E10	0.548096341356622	2.33716763191509E-04	1E10	7.20299047467501E-02	1.82788970809454E-04	1E10	8.91411093495591E-03	1.57702239680435E-04	1E10	6.03147834264988E-04	1E-30	5.15263937432163E-11	6.18343273346751E-02	1E-30	4.54542719178859E-10	3.56750317610249E-02	7.11277652492974E-06	8.95798523189383E-11	1.50913494039132E-02	3.86612529847172E-06	7.30375137303356E-11	1.34293435591713E-02	2.00899512631448E-10	4.12461832165638E-12	0.763507890351832	3.25557230481035E-12	9.02423798070538E-11	5.84768665708103	1E10	1E-30	1E-10	1E10	1E-30	1E-10	1E10	1E-30	1E-10	1E10	1E-30	1E-10
53	4.45721079926653E-06	1E10	10638298	1E-30	1.17865138952663E-10	1E10	1E-30	1E10	9.00174844189243E-03	5.7752185214234E-04	1E10	2.81703158877479	8.14791740173709E-04	1E10	0.218259293974726	7.93779856553467E-04	1E10	3.42432190908658E-02	5.23829224343761E-04	1E10	4.50850264294338E-03	1E-30	2.92661645508183E-11	0.100982749981313	1E-30	5.68923584381655E-11	3.16147058189585E-02	1E-30	4.59928663699487E-10	2.74515559093555E-02	1.25479612598496E-05	1.19662170867063E-10	1.07275344752675E-02	7.94153632240674E-06	8.6372907384678E-11	1.02114921136901E-02	2.79050097536384E-11	4.21181787733923E-11	3.91439332558283	1.67330952631325E-12	2.37609973696691E-10	190.950371889324	1E10	1E-30	1E-10	1E10	1E-30	1E-10	1E10	1E-30	1E-10	1E10	1E-30	1E-10
54	4.45721079926653E-06	1E10	10638298	1E-30	1.17865138952663E-10	1E10	1E-30	1E10	9.00174844189243E-03	5.7752185214234E-04	1E10	2.81703158877479	8.14791740173709E-04	1E10	0.218259293974726	7.93779856553467E-04	1E10	3.42432190908658E-02	5.23829224343761E-04	1E10	4.50850264294338E-03	1E-30	2.92661645508183E-11	0.100982749981313	1E-30	5.68923584381655E-11	3.16147058189585E-02	1E-30	4.59928663699487E-10	2.74515559093555E-02	1.25479612598496E-05	1.19662170867063E-10	1.07275344752675E-02	7.94153632240674E-06	8.6372907384678E-11	1.02114921136901E-02	2.79050097536384E-11	4.21181787733923E-11	3.91439332558283	1.67330952631325E-12	2.37609973696691E-10	190.950371889324	1E10	1E-30	1E-10	1E10	1E-30	1E-10	1E10	1E-30	1E-10	1E10	1E-30	1E-10
55	4.65609291924949E-06	1E10	10638297.8723404	1E-30	9.04979090392133E-11	1E10	1E-30	1E10	8.00978946912767E-03	3.70447998156998E-04	1E10	14.3209432798216	4.47105307749477E-04	1E10	1.41095234347823	3.64357393798854E-04	1E10	0.205592367039008	3.42986414537015E-04	1E10	0.021611346365253	2.47249881582974E-04	1E10	3.0880462650919E-03	1E-30	1.90195000603404E-11	5.92968384321348E-02	1E-30	4.78819859421175E-11	2.59819861356396E-02	1E-30	4.22943691795367E-10	2.36070827579466E-02	1.10415782988406E-05	1.10132971495954E-10	9.94837823815178E-03	7.92274320315211E-06	6.9763904930811E-11	8.93692227151836E-03	1.27018024437879E-12	3.56398131297658E-10	106.22548637564	1E10	1E-30	1E-10	1E10	1E-30	1E-10	1E10	1E-30	1E-10	1E10	1E-30	1E-10
56	4.65609291924949E-06	1E10	10638297.8723404	1E-30	9.04979090392133E-11	1E10	1E-30	1E10	8.00978946912767E-03	3.70447998156998E-04	1E10	14.3209432798216	4.47105307749477E-04	1E10	1.41095234347823	3.64357393798854E-04	1E10	0.205592367039008	3.42986414537015E-04	1E10	0.021611346365253	2.47249881582974E-04	1E10	3.0880462650919E-03	1E-30	1.90195000603404E-11	5.92968384321348E-02	1E-30	4.78819859421175E-11	2.59819861356396E-02	1E-30	4.22943691795367E-10	2.36070827579466E-02	1.10415782988406E-05	1.10132971495954E-10	9.94837823815178E-03	7.92274320315211E-06	6.9763904930811E-11	8.93692227151836E-03	1.27018024437879E-12	3.56398131297658E-10	106.22548637564	1E10	1E-30	1E-10	1E10	1E-30	1E-10	1E10	1E-30	1E-10	1E10	1E-30	1E-10
57	4.66222299399653E-06	1E10	10638297.8723404	1E-30	2.87126812339013E-10	1E10	1E-30	1E10	1.24086603342894E-02	6.03667374745152E-04	1E10	8.39268980678801	6.50269891143366E-04	1E10	0.852478955850308	5.46570116961182E-04	1E10	0.117594512654338	5.7893011840943E-04	1E10	1.17570073899426E-02	3.79834231498999E-04	1E10	2.61337989832306E-03	1E-30	2.33453622376654E-11	8.25741410164284E-02	1E-30	5.36832844816146E-11	3.10076512522559E-02	1E-30	4.9229400731164E-10	2.60858569714578E-02	1.69257084142416E-05	7.98158460816574E-11	8.62235914913134E-03	7.93124161076796E-06	7.98538753497661E-11	9.2330440566726E-03	6.72534891099565E-11	1.77367624023024E-11	2.25193211137136	2.76619228501582E-12	9.9650404647268E-11	9.59826270784132	1E10	1E-30	1E-10	1E10	1E-30	1E-10	1E10	1E-30	1E-10
58	4.66222299399653E-06	1E10	10638297.8723404	1E-30	2.87126812339013E-10	1E10	1E-30	1E10	1.24086603342894E-02	6.03667374745152E-04	1E10	8.39268980678801	6.50269891143366E-04	1E10	0.852478955850308	5.46570116961182E-04	1E10	0.117594512654338	5.7893011840943E-04	1E10	1.17570073899426E-02	3.79834231498999E-04	1E10	2.61337989832306E-03	1E-30	2.33453622376654E-11	8.25741410164284E-02	1E-30	5.36832844816146E-11	3.10076512522559E-02	1E-30	4.9229400731164E-10	2.60858569714578E-02	1.69257084142416E-05	7.98158460816574E-11	8.62235914913134E-03	7.93124161076796E-06	7.98538753497661E-11	9.2330440566726E-03	6.72534891099565E-11	1.77367624023024E-11	2.25193211137136	2.76619228501582E-12	9.9650404647268E-11	9.59826270784132	1E10	1E-30	1E-10	1E10	1E-30	1E-10	1E10	1E-30	1E-10
59	4.34713912449675E-06	1E10	10638297.8723404	1E-30	2.34081062063908E-10	1E10	1E-30	1E10	7.37183201964717E-03	9.14972936583211E-04	1E10	2.41762506829966	8.36781820075688E-04	1E10	0.340270919254446	8.24490612540165E-04	1E10	0.048106622604652	8.98345809058491E-04	1E10	8.45225851722942E-03	5.09424356736051E-04	1E10	1.67348450875566E-03	1E-30	1.50388140211736E-11	7.48819262338575E-02	1E-30	6.5804442559935E-11	4.32715162471867E-02	1E-30	5.35059799170408E-10	2.60824087089192E-02	1.44044300604345E-05	1.06862165186091E-10	8.46040500295134E-03	7.84086247890924E-06	8.25956016784627E-11	7.47121016501884E-03	2.27063857924597E-11	4.78329513476534E-11	3.67050715133236	2.90532330214479E-12	1.19444722256732E-10	20.4588176230727	1E10	1E-30	1E-10	1E10	1E-30	1E-10	1E10	1E-30	1E-10
60	4.34713912449675E-06	1E10	10638297.8723404	1E-30	2.34081062063908E-10	1E10	1E-30	1E10	7.37183201964717E-03	9.14972936583211E-04	1E10	2.41762506829966	8.36781820075688E-04	1E10	0.340270919254446	8.24490612540165E-04	1E10	0.048106622604652	8.98345809058491E-04	1E10	8.45225851722942E-03	5.09424356736051E-04	1E10	1.67348450875566E-03	1E-30	1.50388140211736E-11	7.48819262338575E-02	1E-30	6.5804442559935E-11	4.32715162471867E-02	1E-30	5.35059799170408E-10	2.60824087089192E-02	1.44044300604345E-05	1.06862165186091E-10	8.46040500295134E-03	7.84086247890924E-06	8.25956016784627E-11	7.47121016501884E-03	2.27063857924597E-11	4.78329513476534E-11	3.67050715133236	2.90532330214479E-12	1.19444722256732E-10	20.4588176230727	1E10	1E-30	1E-10	1E10	1E-30	1E-10	1E10	1E-30	1E-10
61	4.65609291924949E-06	1E10	10638297.8723404	1E-30	9.04979090392133E-11	1E10	1E-30	1E10	8.00978946912767E-03	3.70447998156998E-04	1E10	14.3209432798216	4.47105307749477E-04	1E10	1.41095234347823	3.64357393798854E-04	1E10	0.205592367039008	3.42986414537015E-04	1E10	0.021611346365253	2.47249881582974E-04	1E10	3.0880462650919E-03	1E-30	1.90195000603404E-11	5.92968384321348E-02	1E-30	4.78819859421175E-11	2.59819861356396E-02	1E-30	4.22943691795367E-10	2.36070827579466E-02	1.10415782988406E-05	1.10132971495954E-10	9.94837823815178E-03	7.92274320315211E-06	6.9763904930811E-11	8.93692227151836E-03	1.27018024437879E-12	3.56398131297658E-10	106.22548637564	1E10	1E-30	1E-10	1E10	1E-30	1E-10	1E10	1E-30	1E-10	1E10	1E-30	1E-10
62	4.65609291924949E-06	1E10	10638297.8723404	1E-30	9.04979090392133E-11	1E10	1E-30	1E10	8.00978946912767E-03	3.70447998156998E-04	1E10	14.3209432798216	4.47105307749477E-04	1E10	1.41095234347823	3.64357393798854E-04	1E10	0.205592367039008	3.42986414537015E-04	1E10	0.021611346365253	2.47249881582974E-04	1E10	3.0880462650919E-03	1E-30	1.90195000603404E-11	5.92968384321348E-02	1E-30	4.78819859421175E-11	2.59819861356396E-02	1E-30	4.22943691795367E-10	2.36070827579466E-02	1.10415782988406E-05	1.10132971495954E-10	9.94837823815178E-03	7.92274320315211E-06	6.9763904930811E-11	8.93692227151836E-03	1.27018024437879E-12	3.56398131297658E-10	106.22548637564	1E10	1E-30	1E-10	1E10	1E-30	1E-10	1E10	1E-30	1E-10	1E10	1E-30	1E-10
63	9.54896357213708E-06	1E10	5E6	1E-30	3.18320917816993E-11	1E10	1E-30	1E10	6.28931893656901E-03	7.05561907825848E-04	1E10	8.05682166962314	1.6103840380935E-03	1E10	0.355849464425233	1.28913097289654E-03	1E10	5.19646412746975E-02	1.25379090690552E-03	1E10	4.03689332936225E-03	1E-30	1.24440227553024E-11	5.52680796541863E-02	1E-30	5.61027316051063E-11	3.43668230672104E-02	1E-30	5.34709638952529E-10	1.94469671771052E-02	1.97543993973287E-05	1.6613025031953E-10	7.87616677971742E-03	2.71583113491922E-05	5.29665036835069E-11	6.44707829813546E-03	1.00171109896144E-12	3.6656005912683E-10	151.135050402386	1E10	1E-30	1E-10	1E10	1E-30	1E-10	1E10	1E-30	1E-10	1E10	1E-30	1E-10	1E10	1E-30	1E-10
64	9.54896357213708E-06	1E10	5E6	1E-30	3.18320917816993E-11	1E10	1E-30	1E10	6.28931893656901E-03	7.05561907825848E-04	1E10	8.05682166962314	1.6103840380935E-03	1E10	0.355849464425233	1.28913097289654E-03	1E10	5.19646412746975E-02	1.25379090690552E-03	1E10	4.03689332936225E-03	1E-30	1.24440227553024E-11	5.52680796541863E-02	1E-30	5.61027316051063E-11	3.43668230672104E-02	1E-30	5.34709638952529E-10	1.94469671771052E-02	1.97543993973287E-05	1.6613025031953E-10	7.87616677971742E-03	2.71583113491922E-05	5.29665036835069E-11	6.44707829813546E-03	1.00171109896144E-12	3.6656005912683E-10	151.135050402386	1E10	1E-30	1E-10	1E10	1E-30	1E-10	1E10	1E-30	1E-10	1E10	1E-30	1E-10	1E10	1E-30	1E-10
65	6.53502859100943E-06	1E10	5E6	1E-30	9.30638873798119E-11	1E10	1E-30	1E10	4.40711236295126E-03	1.75831997549674E-04	1E10	5.69016522791747	2.05050476463721E-04	1E10	0.490103961382377	1.914072973185E-04	1E10	6.67181833379205E-02	1.20360575547705E-04	1E10	1.03685055393517E-02	1E-30	1.54030485029687E-11	7.25528221493355E-02	1E-30	6.79253555662405E-11	4.01256579181002E-02	1E-30	4.94923029461788E-10	2.37597948233364E-02	3.42760662839433E-05	5.79305916025868E-11	6.34354759384692E-03	9.60495341346244E-06	9.75518607903141E-11	7.05955559589553E-03	3.63324720900663E-11	3.8415442590067E-11	7.10361157016543	1.47035261215885E-12	3.51870841439976E-10	119.446330207146	1E10	1E-30	1E-10	1E10	1E-30	1E-10	1E10	1E-30	1E-10	1E10	1E-30	1E-10
66	6.53502859100943E-06	1E10	5E6	1E-30	9.30638873798119E-11	1E10	1E-30	1E10	4.40711236295126E-03	1.75831997549674E-04	1E10	5.69016522791747	2.05050476463721E-04	1E10	0.490103961382377	1.914072973185E-04	1E10	6.67181833379205E-02	1.20360575547705E-04	1E10	1.03685055393517E-02	1E-30	1.54030485029687E-11	7.25528221493355E-02	1E-30	6.79253555662405E-11	4.01256579181002E-02	1E-30	4.94923029461788E-10	2.37597948233364E-02	3.42760662839433E-05	5.79305916025868E-11	6.34354759384692E-03	9.60495341346244E-06	9.75518607903141E-11	7.05955559589553E-03	3.63324720900663E-11	3.8415442590067E-11	7.10361157016543	1.47035261215885E-12	3.51870841439976E-10	119.446330207146	1E10	1E-30	1E-10	1E10	1E-30	1E-10	1E10	1E-30	1E-10	1E10	1E-30	1E-10
67	7.0430073704113E-06	1E10	5E6	1E-30	2.81657384049159E-11	1E10	1E-30	1E10	9.1863759038803E-03	1.8158387179712E-04	1E10	29.2160571157838	2.55973811303787E-04	1E10	2.69214909685426	2.43768169951479E-04	1E10	0.541628391534673	1.72510958021065E-04	1E10	8.69129524882726E-02	1.29394717028305E-04	1E10	1.19545496737112E-02	1.48752047541116E-04	1E10	1.10528250956583E-03	1E-30	2.25367002191352E-11	5.00087865226118E-02	1E-30	5.65406174808089E-11	2.81478404047017E-02	1E-30	4.94332641036496E-10	2.20003060495621E-02	1.96063919141585E-05	9.71334288791178E-11	7.82765092453139E-03	1.19145727297233E-05	7.83053067681729E-11	7.05779122636497E-03	3.44524663135644E-11	4.08757690327137E-11	4.23841551075214	1.00524199116771E-12	3.82509654054224E-10	147.680461075856	1E10	1E-30	1E-10	1E10	1E-30	1E-10
68	9.75356969783641E-06	1E10	5E6	1E-30	2.3884721490281E-10	1E10	1E-30	1E10	1.02455294606711E-02	8.29899476491396E-04	1E10	6.39253900021569	1.16197596201035E-03	1E10	0.422069626043756	1.02632999545787E-03	1E10	5.43022721413688E-02	1.92882261605081E-03	1E10	5.76514719768726E-03	6.88235574100816E-04	1E10	1.37251347544942E-03	1E-30	2.35961104627134E-11	4.67739276424266E-02	1E-30	7.01933298476373E-11	2.92969198123303E-02	1E-30	5.65433636538017E-10	1.79108216130418E-02	3.36127140507615E-05	1.05498291928351E-10	5.29868651273991E-03	2.18798913306017E-05	7.31208178678283E-11	5.22412802623225E-03	2.3566141386385E-11	3.44541964972255E-11	3.52287293161017	2.85976157537794E-12	1.04156654099039E-10	15.4539357536404	1E10	1E-30	1E-10	1E10	1E-30	1E-10	1E10	1E-30	1E-10
69	9.75356969783641E-06	1E10	5E6	1E-30	2.3884721490281E-10	1E10	1E-30	1E10	1.02455294606711E-02	8.29899476491396E-04	1E10	6.39253900021569	1.16197596201035E-03	1E10	0.422069626043756	1.02632999545787E-03	1E10	5.43022721413688E-02	1.92882261605081E-03	1E10	5.76514719768726E-03	6.88235574100816E-04	1E10	1.37251347544942E-03	1E-30	2.35961104627134E-11	4.67739276424266E-02	1E-30	7.01933298476373E-11	2.92969198123303E-02	1E-30	5.65433636538017E-10	1.79108216130418E-02	3.36127140507615E-05	1.05498291928351E-10	5.29868651273991E-03	2.18798913306017E-05	7.31208178678283E-11	5.22412802623225E-03	2.3566141386385E-11	3.44541964972255E-11	3.52287293161017	2.85976157537794E-12	1.04156654099039E-10	15.4539357536404	1E10	1E-30	1E-10	1E10	1E-30	1E-10	1E10	1E-30	1E-10
70	7.0430073704113E-06	1E10	5E6	1E-30	2.81657384049159E-11	1E10	1E-30	1E10	9.1863759038803E-03	1.8158387179712E-04	1E10	29.2160571157838	2.55973811303787E-04	1E10	2.69214909685426	2.43768169951479E-04	1E10	0.541628391534673	1.72510958021065E-04	1E10	8.69129524882726E-02	1.29394717028305E-04	1E10	1.19545496737112E-02	1.48752047541116E-04	1E10	1.10528250956583E-03	1E-30	2.25367002191352E-11	5.00087865226118E-02	1E-30	5.65406174808089E-11	2.81478404047017E-02	1E-30	4.94332641036496E-10	2.20003060495621E-02	1.96063919141585E-05	9.71334288791178E-11	7.82765092453139E-03	1.19145727297233E-05	7.83053067681729E-11	7.05779122636497E-03	3.44524663135644E-11	4.08757690327137E-11	4.23841551075214	1.00524199116771E-12	3.82509654054224E-10	147.680461075856	1E10	1E-30	1E-10	1E10	1E-30	1E-10
71	7.0430073704113E-06	1E10	5E6	1E-30	2.81657384049159E-11	1E10	1E-30	1E10	9.1863759038803E-03	1.8158387179712E-04	1E10	29.2160571157838	2.55973811303787E-04	1E10	2.69214909685426	2.43768169951479E-04	1E10	0.541628391534673	1.72510958021065E-04	1E10	8.69129524882726E-02	1.29394717028305E-04	1E10	1.19545496737112E-02	1.48752047541116E-04	1E10	1.10528250956583E-03	1E-30	2.25367002191352E-11	5.00087865226118E-02	1E-30	5.65406174808089E-11	2.81478404047017E-02	1E-30	4.94332641036496E-10	2.20003060495621E-02	1.96063919141585E-05	9.71334288791178E-11	7.82765092453139E-03	1.19145727297233E-05	7.83053067681729E-11	7.05779122636497E-03	3.44524663135644E-11	4.08757690327137E-11	4.23841551075214	1.00524199116771E-12	3.82509654054224E-10	147.680461075856	1E10	1E-30	1E-10	1E10	1E-30	1E-10
72	7.0430073704113E-06	1E10	5E6	1E-30	2.81657384049159E-11	1E10	1E-30	1E10	9.1863759038803E-03	1.8158387179712E-04	1E10	29.2160571157838	2.55973811303787E-04	1E10	2.69214909685426	2.43768169951479E-04	1E10	0.541628391534673	1.72510958021065E-04	1E10	8.69129524882726E-02	1.29394717028305E-04	1E10	1.19545496737112E-02	1.48752047541116E-04	1E10	1.10528250956583E-03	1E-30	2.25367002191352E-11	5.00087865226118E-02	1E-30	5.65406174808089E-11	2.81478404047017E-02	1E-30	4.94332641036496E-10	2.20003060495621E-02	1.96063919141585E-05	9.71334288791178E-11	7.82765092453139E-03	1.19145727297233E-05	7.83053067681729E-11	7.05779122636497E-03	3.44524663135644E-11	4.08757690327137E-11	4.23841551075214	1.00524199116771E-12	3.82509654054224E-10	147.680461075856	1E10	1E-30	1E-10	1E10	1E-30	1E-10
73	7.0430073704113E-06	1E10	5E6	1E-30	2.81657384049159E-11	1E10	1E-30	1E10	9.1863759038803E-03	1.8158387179712E-04	1E10	29.2160571157838	2.55973811303787E-04	1E10	2.69214909685426	2.43768169951479E-04	1E10	0.541628391534673	1.72510958021065E-04	1E10	8.69129524882726E-02	1.29394717028305E-04	1E10	1.19545496737112E-02	1.48752047541116E-04	1E10	1.10528250956583E-03	1E-30	2.25367002191352E-11	5.00087865226118E-02	1E-30	5.65406174808089E-11	2.81478404047017E-02	1E-30	4.94332641036496E-10	2.20003060495621E-02	1.96063919141585E-05	9.71334288791178E-11	7.82765092453139E-03	1.19145727297233E-05	7.83053067681729E-11	7.05779122636497E-03	3.44524663135644E-11	4.08757690327137E-11	4.23841551075214	1.00524199116771E-12	3.82509654054224E-10	147.680461075856	1E10	1E-30	1E-10	1E10	1E-30	1E-10
74	1.58180563116757E-05	1E10	2272727.27272727	1E-30	3.18736906146749E-10	1E10	1E-30	1E10	7.94570839498961E-03	3.59949795644238E-04	1E10	15.4332341613232	4.76225189759845E-04	1E10	0.97573612843859	4.5824897467001E-04	1E10	0.105456452553981	2.96315760351416E-04	1E10	1.30177797493021E-02	1E-30	1.54690173987123E-11	5.62251937645706E-02	1E-30	7.82873029841012E-11	3.81808948201704E-02	1E-30	5.31003748507668E-10	1.50408688050625E-02	5.32732572368601E-05	9.60907538824978E-11	3.96831453831502E-03	3.21684348255572E-05	7.85248262200936E-11	4.47744463705296E-03	3.45623618064052E-11	3.84102913580765E-11	4.84844907093222	3.62252840446801E-12	1.0534075063159E-10	8.35274130102387	1E10	1E-30	1E-10	1E10	1E-30	1E-10	1E10	1E-30	1E-10	1E10	1E-30	1E-10
75	1.58180563116757E-05	1E10	2272727.27272727	1E-30	3.18736906146749E-10	1E10	1E-30	1E10	7.94570839498961E-03	3.59949795644238E-04	1E10	15.4332341613232	4.76225189759845E-04	1E10	0.97573612843859	4.5824897467001E-04	1E10	0.105456452553981	2.96315760351416E-04	1E10	1.30177797493021E-02	1E-30	1.54690173987123E-11	5.62251937645706E-02	1E-30	7.82873029841012E-11	3.81808948201704E-02	1E-30	5.31003748507668E-10	1.50408688050625E-02	5.32732572368601E-05	9.60907538824978E-11	3.96831453831502E-03	3.21684348255572E-05	7.85248262200936E-11	4.47744463705296E-03	3.45623618064052E-11	3.84102913580765E-11	4.84844907093222	3.62252840446801E-12	1.0534075063159E-10	8.35274130102387	1E10	1E-30	1E-10	1E10	1E-30	1E-10	1E10	1E-30	1E-10	1E10	1E-30	1E-10
76	1.69665438835045E-05	1E10	2272727.27272727	1E-30	1.63753110926347E-11	1E10	1E-30	1E10	4.67987644130042E-03	3.11648708067257E-04	1E10	16.256743222631	4.46041435747868E-04	1E10	0.979954786026618	4.06488313802454E-04	1E10	0.108907291951466	3.97426662761669E-04	1E10	1.07802734159628E-02	2.71760237314075E-04	1E10	2.41525877346024E-03	1E-30	1.74208276721402E-11	7.26863330529037E-02	1E-30	7.96828498169829E-11	3.89308348091259E-02	1E-30	5.63769246117963E-10	1.38938395416987E-02	5.13270644520917E-05	8.38459021762103E-11	4.27593975443742E-03	4.15293809259342E-05	4.86331388233083E-11	3.95872440866957E-03	1.88473100898704E-11	5.50800412733386E-11	6.70811554820517	1.01486954542305E-12	3.652738597078E-10	140.373561266454	1E10	1E-30	1E-10	1E10	1E-30	1E-10	1E10	1E-30	1E-10
77	1.69665438835045E-05	1E10	2272727.27272727	1E-30	1.63753110926347E-11	1E10	1E-30	1E10	4.67987644130042E-03	3.11648708067257E-04	1E10	16.256743222631	4.46041435747868E-04	1E10	0.979954786026618	4.06488313802454E-04	1E10	0.108907291951466	3.97426662761669E-04	1E10	1.07802734159628E-02	2.71760237314075E-04	1E10	2.41525877346024E-03	1E-30	1.74208276721402E-11	7.26863330529037E-02	1E-30	7.96828498169829E-11	3.89308348091259E-02	1E-30	5.63769246117963E-10	1.38938395416987E-02	5.13270644520917E-05	8.38459021762103E-11	4.27593975443742E-03	4.15293809259342E-05	4.86331388233083E-11	3.95872440866957E-03	1.88473100898704E-11	5.50800412733386E-11	6.70811554820517	1.01486954542305E-12	3.652738597078E-10	140.373561266454	1E10	1E-30	1E-10	1E10	1E-30	1E-10	1E10	1E-30	1E-10
END DSCRDATA
