BEGIN DSCRDATA
% INDEX	K01	L01	M01	K02	L02	M02	K03	L03	M03	K04	L04	M04	K05	L05	M05	K06	L06	M06	K07	L07	M07	K08	L08	M08	K09	L09	M09	K10	L10	M10	K11	L11	M11	K12	L12	M12	K13	L13	M13	K14	L14	M14	K15	L15	M15	K16	L16	M16	K17	L17	M17	K18	L18	M18
0	0	0	0	0	0	0	0	0	0	0	0	0	0	0	0	0	0	0	0	0	0	0	0	0	0	0	0	0	0	0	0	0	0	0	0	0	0	0	0	0	0	0	0	0	0	0	0	0	0	0	0	0	0	0
1	6.79555824308925E-09	1E10	1E10	1E-30	3.40589273627722E-10	1E10	1E-30	1E10	8.59334187912494E-02	6.63094861119162E-07	1E10	2480.04046143595	8.09149918715723E-07	1E10	389.704394660003	6.961960166839E-07	1E10	81.7730524621073	6.80716424918089E-07	1E10	14.1051564120431	4.97897133235293E-07	1E10	2.84342509061565	4.46946369789852E-07	1E10	0.468045840969643	2.46834270170708E-07	1E10	0.100113965607407	1E-30	4.39828824267679E-11	0.401978864330676	1E-30	3.5927793449199E-11	0.189275331383406	3.9954245056979E-08	8.53913414489616E-12	5.67924409103596E-02	8.38584821830108E-09	1.2408166423934E-11	9.80542965697538E-02	9.28769942785606E-12	2.60684047727644E-10	23.0674331259878	1E10	1E-30	1E-10	1E10	1E-30	1E-10	1E10	1E-30	1E-10
2	1.01387154007779E-08	1E10	1E10	1E-30	3.79386596601462E-10	1E10	1E-30	1E10	7.19143337419289E-02	1.12884124118999E-06	1E10	1613.9665197454	1.34216358813015E-06	1E10	270.858153113139	1.15967308189367E-06	1E10	58.4730035233143	1.08963970582426E-06	1E10	11.2349144791759	8.31960468459925E-07	1E10	2.33893507765552	8.43252153251113E-07	1E10	0.431966551487434	4.13467582002862E-07	1E10	0.109340646794559	1E-30	3.0341455632337E-11	0.28087013172716	1E-30	7.15009863189997E-11	0.226128335302291	3.72887620640379E-08	1.95704305560222E-11	0.078944268078551	9.0501052161577E-09	2.42821054066338E-11	0.100985283032582	1.24041576539457E-11	1.47718382718606E-10	9.23516480821891	1E10	1E-30	1E-10	1E10	1E-30	1E-10	1E10	1E-30	1E-10
3	1.51874515200243E-08	1E10	6666666666.66666	1E-30	3.22416612534488E-10	1E10	1E-30	1E10	4.85502773208134E-02	1.75124852108427E-06	1E10	1093.09121825273	2.06483511624184E-06	1E10	190.566365249473	1.7686881578703E-06	1E10	42.1169936636074	1.66589689779502E-06	1E10	8.12794017882276	1.38344075159786E-06	1E10	1.65261010798497	9.46536839090511E-07	1E10	0.35618039480842	6.19764537989579E-07	1E10	5.27651177743798E-02	1E-30	4.86262125117856E-11	0.273004933139861	1E-30	8.10103576036814E-11	0.200222957815189	5.23033247889276E-08	3.10486265936818E-11	0.103009511192583	1.29322784359946E-08	4.15579410002942E-11	0.120572491042005	9.88869871221844E-12	2.53660819663577E-10	21.7292121905162	1E10	1E-30	1E-10	1E10	1E-30	1E-10	1E10	1E-30	1E-10
4	2.27140815496926E-08	1E10	4545454545.45454	1E-30	3.43576767908064E-10	1E10	1E-30	1E10	4.07739492675476E-02	2.42636742299223E-06	1E10	800.551116667958	2.77451959439647E-06	1E10	162.384149462812	2.36301521543939E-06	1E10	36.7376461548495	2.26650367475183E-06	1E10	7.46960703566464	1.90146526726699E-06	1E10	1.54821320529447	1.48792468081294E-06	1E10	0.360727879142949	1.1206977902601E-06	1E10	6.42064953049366E-02	1E-30	3.83553918831018E-11	0.222138542014897	1E-30	7.2278909788995E-11	0.194954077685624	7.89348484001368E-08	2.44224468765366E-11	7.75770365177129E-02	1.53455196489504E-08	4.20227793357156E-11	0.105738073907246	1.49322077764912E-11	1.1363289357206E-10	7.21732161143232	1E10	1E-30	1E-10	1E10	1E-30	1E-10	1E10	1E-30	1E-10
5	2.23087144970189E-08	1E10	4545454545.45454	1E-30	3.91248641995221E-10	1E10	1E-30	1E10	3.26205422560961E-02	2.3119997425538E-06	1E10	798.175925009613	2.48805493449347E-06	1E10	185.686123632817	2.16194769332199E-06	1E10	39.914064285213	2.16375611648874E-06	1E10	7.90655241695371	1.77874613217498E-06	1E10	1.64100192890941	1.27167930775035E-06	1E10	0.364494266781633	1.31764178502465E-06	1E10	5.55220869046951E-02	1E-30	1.21583112939368E-10	0.196040777227256	1E-30	2.34287109332637E-11	0.123956528023392	4.95845862013594E-08	6.60648632255976E-11	0.173200633428565	2.05292828162542E-08	5.69085296489949E-11	0.146009692526362	2.60069534841862E-11	7.33117614201405E-11	3.26908941296086	1E10	1E-30	1E-10	1E10	1E-30	1E-10	1E10	1E-30	1E-10
6	3.39615332533556E-08	1E10	3030303030.30303	1E-30	4.01942448426641E-10	1E10	1E-30	1E10	3.10141367239405E-02	4.31860991867569E-06	1E10	495.869685415769	4.53685132560575E-06	1E10	126.410460091251	4.10399849088493E-06	1E10	27.426229474685	3.87766717306462E-06	1E10	5.94865893181009	3.40957410843184E-06	1E10	1.26558562746923	3.00360684145318E-06	1E10	0.307393943643722	1.88829587230477E-06	1E10	0.05717723585183	1E-30	1.11386783070314E-11	0.133413299785375	1E-30	7.84354671170468E-11	0.131344100974611	1.02400263956149E-07	4.45329688610362E-11	0.101300925569544	2.28452894311206E-08	6.82435284931818E-11	0.118407845523654	1.45229342045035E-11	1.63356430139011E-10	12.2198744984417	1E10	1E-30	1E-10	1E10	1E-30	1E-10	1E10	1E-30	1E-10
7	4.74960896690604E-08	1E10	2127659574.46808	1E-30	3.25228373899065E-10	1E10	1E-30	1E10	2.44624409831701E-02	5.95219112033804E-06	1E10	310.479456867337	5.00910141831139E-06	1E10	131.658546037335	4.59617460306581E-06	1E10	26.7094112758531	4.53570130944826E-06	1E10	5.94687714893816	3.98748403142616E-06	1E10	1.2943960582359	3.48689625664446E-06	1E10	0.313362729211105	2.29356658147659E-06	1E10	6.07680777646596E-02	1E-30	9.77118780962011E-11	0.122983133574793	1E-30	3.23301697236328E-11	7.36425461848982E-02	1.32284545619569E-07	5.9789363878354E-11	0.114392893282495	3.34791950885581E-08	8.56870374339763E-11	0.109112874162182	2.62413163932415E-11	7.16009024567962E-11	3.12843374271406	1E10	1E-30	1E-10	1E10	1E-30	1E-10	1E10	1E-30	1E-10
8	6.8569730779714E-08	1E10	1470588235.29411	1E-30	3.79739122802377E-10	1E10	1E-30	1E10	2.96476737688362E-02	6.51481402433125E-06	1E10	269.66523999335	8.02061904740956E-06	1E10	42.3259095122047	6.69655172678713E-06	1E10	9.15395111897706	6.1149346053929E-06	1E10	1.63769714240336	5.03490467261004E-06	1E10	0.351074889553182	3.47682174221127E-06	1E10	5.19831102954122E-02	1E-30	2.33056905883528E-11	9.40187816646798E-02	1E-30	8.87467183583858E-11	6.53142035377258E-02	3.39306229864465E-07	1.94296748187154E-11	2.70980922149641E-02	6.19481763656128E-08	2.93585804252103E-11	3.66547159657936E-02	1.24838488687826E-11	1.44507297138104E-10	8.3552896904289	1E10	1E-30	1E-10	1E10	1E-30	1E-10	1E10	1E-30	1E-10	1E10	1E-30	1E-10
9	6.8569730779714E-08	1E10	1470588235.29411	1E-30	3.79739122802377E-10	1E10	1E-30	1E10	2.96476737688362E-02	6.51481402433125E-06	1E10	269.66523999335	8.02061904740956E-06	1E10	42.3259095122047	6.69655172678713E-06	1E10	9.15395111897706	6.1149346053929E-06	1E10	1.63769714240336	5.03490467261004E-06	1E10	0.351074889553182	3.47682174221127E-06	1E10	5.19831102954122E-02	1E-30	2.33056905883528E-11	9.40187816646798E-02	1E-30	8.87467183583858E-11	6.53142035377258E-02	3.39306229864465E-07	1.94296748187154E-11	2.70980922149641E-02	6.19481763656128E-08	2.93585804252103E-11	3.66547159657936E-02	1.24838488687826E-11	1.44507297138104E-10	8.3552896904289	1E10	1E-30	1E-10	1E10	1E-30	1E-10	1E10	1E-30	1E-10	1E10	1E-30	1E-10
10	1.0430147347298E-07	1E10	1E9	1E-30	3.48106111260248E-10	1E10	1E-30	1E10	2.10392401377401E-02	9.81504615463567E-06	1E10	185.710353698874	1.16056419097215E-05	1E10	35.1690792509288	9.55608051173322E-06	1E10	7.89743815466177	8.70752230436619E-06	1E10	1.47685129680851	7.95844332894113E-06	1E10	0.306849009706436	7.58095690708895E-06	1E10	3.91977381950127E-02	1E-30	2.77965748289214E-11	8.80059786563493E-02	1E-30	1.27306895265781E-10	6.19715586161937E-02	4.52288332958783E-07	3.30481762377453E-11	3.85539348914216E-02	8.80056384197783E-08	5.48793456035643E-11	0.040603560528497	1.04014602360274E-11	2.09136880652226E-10	16.8355530810918	1E10	1E-30	1E-10	1E10	1E-30	1E-10	1E10	1E-30	1E-10	1E10	1E-30	1E-10
11	1.0430147347298E-07	1E10	1E9	1E-30	3.48106111260248E-10	1E10	1E-30	1E10	2.10392401377401E-02	9.81504615463567E-06	1E10	185.710353698874	1.16056419097215E-05	1E10	35.1690792509288	9.55608051173322E-06	1E10	7.89743815466177	8.70752230436619E-06	1E10	1.47685129680851	7.95844332894113E-06	1E10	0.306849009706436	7.58095690708895E-06	1E10	3.91977381950127E-02	1E-30	2.77965748289214E-11	8.80059786563493E-02	1E-30	1.27306895265781E-10	6.19715586161937E-02	4.52288332958783E-07	3.30481762377453E-11	3.85539348914216E-02	8.80056384197783E-08	5.48793456035643E-11	0.040603560528497	1.04014602360274E-11	2.09136880652226E-10	16.8355530810918	1E10	1E-30	1E-10	1E10	1E-30	1E-10	1E10	1E-30	1E-10	1E10	1E-30	1E-10
12	1.57953610632202E-07	1E10	666666666.666666	1E-30	3.50275304050645E-10	1E10	1E-30	1E10	1.74298744567537E-02	1.09839839866234E-05	1E10	108.301575917071	1.46897721096079E-05	1E10	18.142536788142	1.14099400951446E-05	1E10	4.05991657116954	1.02653785399853E-05	1E10	0.763947141525054	1.04375334268776E-05	1E10	0.107507420643151	9.16652255587098E-06	1E10	1.56602169400418E-02	1E-30	4.80790413871319E-11	9.03421061963675E-02	1E-30	1.19830173906813E-10	5.46927065084146E-02	6.88913746344289E-07	2.74103594291226E-11	2.68192497019582E-02	1.19819708151846E-07	5.57967115310958E-11	0.036652709518092	2.11722264083857E-11	5.43956100854962E-11	1.53987306675515	1E10	1E-30	1E-10	1E10	1E-30	1E-10	1E10	1E-30	1E-10	1E10	1E-30	1E-10
13	2.27898022212487E-07	1E10	454545454.545454	1E-30	3.64288738324346E-10	1E10	1E-30	1E10	1.24896334617253E-02	2.16576596408534E-05	1E10	54.689973269949	2.39997115328491E-05	1E10	12.4824689001278	1.77611364324207E-05	1E10	3.47413913889178	1.75658377374317E-05	1E10	0.565975126816357	1.67299808613032E-05	1E10	8.52803019872873E-02	2.1426002145713E-05	1E10	1.16681764340397E-02	1E-30	3.47974987802345E-11	0.158072496615814	1E-30	1.48283046722536E-10	6.81647293343211E-02	5.68359640421677E-07	6.57772211372723E-11	5.02332472724289E-02	2.89475666171412E-07	4.74762567557731E-11	4.45182634582097E-02	2.30663390339061E-11	7.57338536057236E-11	4.37487613850888	1E10	1E-30	1E-10	1E10	1E-30	1E-10	1E10	1E-30	1E-10	1E10	1E-30	1E-10
14	2.14246547435995E-06	1E10	22727272.7272727	1E-30	6.63724110757532E-11	1E10	1E-30	1E10	8.31572773361803E-03	3.05342511784087E-04	1E10	3.43032864538038	3.42145322838182E-04	1E10	0.33873982001508	3.27778779637873E-04	1E10	5.08281644207561E-02	3.14705955814262E-04	1E10	1.13273856725669E-02	2.66005742920748E-04	1E10	1.72509195161081E-03	1E-30	3.40159986351811E-11	5.08762460125773E-02	1E-30	2.9434658687797E-10	3.38173577232873E-02	5.09179897385652E-06	9.07834105157216E-11	2.03598693794795E-02	2.30121965613276E-06	6.51007294843951E-11	1.57158662689479E-02	2.10681840785023E-11	8.25694789145759E-11	7.98470178719504	2.18324980481999E-12	2.43401673180005E-10	65.5493708150535	1E10	1E-30	1E-10	1E10	1E-30	1E-10	1E10	1E-30	1E-10	1E10	1E-30	1E-10
15	2.14246547435995E-06	1E10	22727272.7272727	1E-30	6.63724110757532E-11	1E10	1E-30	1E10	8.31572773361803E-03	3.05342511784087E-04	1E10	3.43032864538038	3.42145322838182E-04	1E10	0.33873982001508	3.27778779637873E-04	1E10	5.08281644207561E-02	3.14705955814262E-04	1E10	1.13273856725669E-02	2.66005742920748E-04	1E10	1.72509195161081E-03	1E-30	3.40159986351811E-11	5.08762460125773E-02	1E-30	2.9434658687797E-10	3.38173577232873E-02	5.09179897385652E-06	9.07834105157216E-11	2.03598693794795E-02	2.30121965613276E-06	6.51007294843951E-11	1.57158662689479E-02	2.10681840785023E-11	8.25694789145759E-11	7.98470178719504	2.18324980481999E-12	2.43401673180005E-10	65.5493708150535	1E10	1E-30	1E-10	1E10	1E-30	1E-10	1E10	1E-30	1E-10	1E10	1E-30	1E-10
16	4.51143340525421E-06	1E10	10638297.8723404	1E-30	2.37439640782108E-11	1E10	1E-30	1E10	3.45398635522082E-03	5.12115322060602E-04	1E10	4.86817600589499	4.7348413586962E-04	1E10	0.559476544278925	3.884193129874E-04	1E10	0.106927587199866	3.30673838600344E-04	1E10	1.05751136064594E-02	2.78553233432474E-04	1E10	7.94615777833771E-04	1E-30	1.02709946239538E-11	4.42357185976449E-02	1E-30	4.46861000136262E-11	3.61196161514449E-02	1E-30	3.77084837549582E-10	2.44199119284779E-02	1.0199797925147E-05	1.06164003204831E-10	1.27049408917809E-02	6.47498946632849E-06	6.71577016421163E-11	9.92556352923278E-03	3.24035913492923E-11	5.15426932303636E-11	4.05504474971621	1.48857758954785E-12	2.65480161694939E-10	119.283325167701	1E10	1E-30	1E-10	1E10	1E-30	1E-10	1E10	1E-30	1E-10
17	4.51143340525421E-06	1E10	10638297.8723404	1E-30	2.37439640782108E-11	1E10	1E-30	1E10	3.45398635522082E-03	5.12115322060602E-04	1E10	4.86817600589499	4.7348413586962E-04	1E10	0.559476544278925	3.884193129874E-04	1E10	0.106927587199866	3.30673838600344E-04	1E10	1.05751136064594E-02	2.78553233432474E-04	1E10	7.94615777833771E-04	1E-30	1.02709946239538E-11	4.42357185976449E-02	1E-30	4.46861000136262E-11	3.61196161514449E-02	1E-30	3.77084837549582E-10	2.44199119284779E-02	1.0199797925147E-05	1.06164003204831E-10	1.27049408917809E-02	6.47498946632849E-06	6.71577016421163E-11	9.92556352923278E-03	3.24035913492923E-11	5.15426932303636E-11	4.05504474971621	1.48857758954785E-12	2.65480161694939E-10	119.283325167701	1E10	1E-30	1E-10	1E10	1E-30	1E-10	1E10	1E-30	1E-10
18	4.49749402295704E-06	1E10	10638297.8723404	1E-30	9.88338129858739E-11	1E10	1E-30	1E10	3.84994816386579E-03	4.48296297431544E-04	1E10	3.91951243643106	5.72092092111782E-04	1E10	0.319993004178062	5.05035519435503E-04	1E10	4.41069744547933E-02	3.75809162059894E-04	1E10	7.45044507927591E-03	1E-30	4.32818904040104E-11	3.46752827828857E-02	1E-30	3.82383046055494E-10	0.025512811135847	1.06612877810322E-05	1.09998269674284E-10	1.38500828574785E-02	7.01094436323722E-06	6.82874781055655E-11	9.24696241399301E-03	2.14407130563049E-11	8.01477714710377E-11	4.65730083154706	2.82296411403981E-12	1.77041314723251E-10	73.3418295609607	1E10	1E-30	1E-10	1E10	1E-30	1E-10	1E10	1E-30	1E-10	1E10	1E-30	1E-10	1E10	1E-30	1E-10
19	4.49749402295704E-06	1E10	10638297.8723404	1E-30	9.88338129858739E-11	1E10	1E-30	1E10	3.84994816386579E-03	4.48296297431544E-04	1E10	3.91951243643106	5.72092092111782E-04	1E10	0.319993004178062	5.05035519435503E-04	1E10	4.41069744547933E-02	3.75809162059894E-04	1E10	7.45044507927591E-03	1E-30	4.32818904040104E-11	3.46752827828857E-02	1E-30	3.82383046055494E-10	0.025512811135847	1.06612877810322E-05	1.09998269674284E-10	1.38500828574785E-02	7.01094436323722E-06	6.82874781055655E-11	9.24696241399301E-03	2.14407130563049E-11	8.01477714710377E-11	4.65730083154706	2.82296411403981E-12	1.77041314723251E-10	73.3418295609607	1E10	1E-30	1E-10	1E10	1E-30	1E-10	1E10	1E-30	1E-10	1E10	1E-30	1E-10	1E10	1E-30	1E-10
20	4.40958877163056E-06	1E10	10638297.8723404	1E-30	5.01781598277492E-11	1E10	1E-30	1E10	6.63126153822181E-03	4.86233880638799E-04	1E10	3.78002888998529	4.91228413086858E-04	1E10	0.263429223441328	4.735333995819E-04	1E10	2.70693966008699E-02	3.85636315318316E-04	1E10	3.44822205800885E-03	1E-30	4.92328138176438E-11	4.93014948118323E-02	1E-30	4.20197431433346E-10	2.28596857067466E-02	1.06960346084776E-05	1.11766101080329E-10	1.39793360898256E-02	8.92340032925833E-06	5.4090238072556E-11	9.23989296782445E-03	1.82011069435506E-11	7.46975462152485E-11	6.0032175053465	1.95119729535832E-12	2.22076377478885E-10	99.7814999725615	1E10	1E-30	1E-10	1E10	1E-30	1E-10	1E10	1E-30	1E-10	1E10	1E-30	1E-10	1E10	1E-30	1E-10
21	4.40958877163056E-06	1E10	10638297.8723404	1E-30	5.01781598277492E-11	1E10	1E-30	1E10	6.63126153822181E-03	4.86233880638799E-04	1E10	3.78002888998529	4.91228413086858E-04	1E10	0.263429223441328	4.735333995819E-04	1E10	2.70693966008699E-02	3.85636315318316E-04	1E10	3.44822205800885E-03	1E-30	4.92328138176438E-11	4.93014948118323E-02	1E-30	4.20197431433346E-10	2.28596857067466E-02	1.06960346084776E-05	1.11766101080329E-10	1.39793360898256E-02	8.92340032925833E-06	5.4090238072556E-11	9.23989296782445E-03	1.82011069435506E-11	7.46975462152485E-11	6.0032175053465	1.95119729535832E-12	2.22076377478885E-10	99.7814999725615	1E10	1E-30	1E-10	1E10	1E-30	1E-10	1E10	1E-30	1E-10	1E10	1E-30	1E-10	1E10	1E-30	1E-10
22	9.69680711084348E-06	1E10	5E6	1E-30	5.7520576940042E-11	1E10	1E-30	1E10	6.35611788143428E-03	2.11480519623713E-03	1E10	1.29666708420975	1.81778295505958E-03	1E10	0.205404223675059	1.35764031265421E-03	1E10	0.035070883778174	1.86029092243975E-03	1E10	2.44005446211265E-03	1E-30	1.3721313101071E-11	5.99603152148659E-02	1E-30	7.7612402884921E-11	3.75839578546205E-02	1E-30	5.46145667804875E-10	1.89725901514028E-02	2.24575782882957E-05	1.38587185859695E-10	8.5412961098687E-03	2.05259559980775E-05	6.69779144510274E-11	6.30989414643209E-03	3.35546549088398E-11	4.44274473006383E-11	2.70850164386148	2.07039934440689E-12	1.90875166298817E-10	107.968506033788	1E10	1E-30	1E-10	1E10	1E-30	1E-10	1E10	1E-30	1E-10	1E10	1E-30	1E-10
23	9.69680711084348E-06	1E10	5E6	1E-30	5.7520576940042E-11	1E10	1E-30	1E10	6.35611788143428E-03	2.11480519623713E-03	1E10	1.29666708420975	1.81778295505958E-03	1E10	0.205404223675059	1.35764031265421E-03	1E10	0.035070883778174	1.86029092243975E-03	1E10	2.44005446211265E-03	1E-30	1.3721313101071E-11	5.99603152148659E-02	1E-30	7.7612402884921E-11	3.75839578546205E-02	1E-30	5.46145667804875E-10	1.89725901514028E-02	2.24575782882957E-05	1.38587185859695E-10	8.5412961098687E-03	2.05259559980775E-05	6.69779144510274E-11	6.30989414643209E-03	3.35546549088398E-11	4.44274473006383E-11	2.70850164386148	2.07039934440689E-12	1.90875166298817E-10	107.968506033788	1E10	1E-30	1E-10	1E10	1E-30	1E-10	1E10	1E-30	1E-10	1E10	1E-30	1E-10
24	9.52036081135367E-06	1E10	5E6	1E-30	9.87277414806712E-11	1E10	1E-30	1E10	3.25428743327812E-03	1.2168154007747E-03	1E10	1.79008707776735	1.35071342103546E-03	1E10	0.183352055714433	1.10667361859171E-03	1E10	3.13068902278494E-02	8.77639038062555E-04	1E10	3.12802412345275E-03	1E-30	1.60611060924126E-11	0.044410990518096	1E-30	5.40045709012933E-11	3.00292816534576E-02	1E-30	5.97956921341015E-10	2.26038880455036E-02	2.25103931035681E-05	1.24313752696086E-10	9.33080834467771E-03	2.01387949619311E-05	6.07118320777776E-11	6.27150070830444E-03	1.71285937072984E-11	5.5470649162951E-11	4.44424798521117	2.85943451313989E-12	1.31140456788128E-10	106.927342724741	1E10	1E-30	1E-10	1E10	1E-30	1E-10	1E10	1E-30	1E-10	1E10	1E-30	1E-10
25	9.52036081135367E-06	1E10	5E6	1E-30	9.87277414806712E-11	1E10	1E-30	1E10	3.25428743327812E-03	1.2168154007747E-03	1E10	1.79008707776735	1.35071342103546E-03	1E10	0.183352055714433	1.10667361859171E-03	1E10	3.13068902278494E-02	8.77639038062555E-04	1E10	3.12802412345275E-03	1E-30	1.60611060924126E-11	0.044410990518096	1E-30	5.40045709012933E-11	3.00292816534576E-02	1E-30	5.97956921341015E-10	2.26038880455036E-02	2.25103931035681E-05	1.24313752696086E-10	9.33080834467771E-03	2.01387949619311E-05	6.07118320777776E-11	6.27150070830444E-03	1.71285937072984E-11	5.5470649162951E-11	4.44424798521117	2.85943451313989E-12	1.31140456788128E-10	106.927342724741	1E10	1E-30	1E-10	1E10	1E-30	1E-10	1E10	1E-30	1E-10	1E10	1E-30	1E-10
26	9.69680711084348E-06	1E10	5E6	1E-30	5.7520576940042E-11	1E10	1E-30	1E10	6.35611788143428E-03	2.11480519623713E-03	1E10	1.29666708420975	1.81778295505958E-03	1E10	0.205404223675059	1.35764031265421E-03	1E10	0.035070883778174	1.86029092243975E-03	1E10	2.44005446211265E-03	1E-30	1.3721313101071E-11	5.99603152148659E-02	1E-30	7.7612402884921E-11	3.75839578546205E-02	1E-30	5.46145667804875E-10	1.89725901514028E-02	2.24575782882957E-05	1.38587185859695E-10	8.5412961098687E-03	2.05259559980775E-05	6.69779144510274E-11	6.30989414643209E-03	3.35546549088398E-11	4.44274473006383E-11	2.70850164386148	2.07039934440689E-12	1.90875166298817E-10	107.968506033788	1E10	1E-30	1E-10	1E10	1E-30	1E-10	1E10	1E-30	1E-10	1E10	1E-30	1E-10
27	9.69680711084348E-06	1E10	5E6	1E-30	5.7520576940042E-11	1E10	1E-30	1E10	6.35611788143428E-03	2.11480519623713E-03	1E10	1.29666708420975	1.81778295505958E-03	1E10	0.205404223675059	1.35764031265421E-03	1E10	0.035070883778174	1.86029092243975E-03	1E10	2.44005446211265E-03	1E-30	1.3721313101071E-11	5.99603152148659E-02	1E-30	7.7612402884921E-11	3.75839578546205E-02	1E-30	5.46145667804875E-10	1.89725901514028E-02	2.24575782882957E-05	1.38587185859695E-10	8.5412961098687E-03	2.05259559980775E-05	6.69779144510274E-11	6.30989414643209E-03	3.35546549088398E-11	4.44274473006383E-11	2.70850164386148	2.07039934440689E-12	1.90875166298817E-10	107.968506033788	1E10	1E-30	1E-10	1E10	1E-30	1E-10	1E10	1E-30	1E-10	1E10	1E-30	1E-10
28	2.07437128817425E-05	1E10	2272727.27272727	1E-30	1.608164661863E-10	1E10	1E-30	1E10	5.22992588672107E-03	2.74596993084769E-03	1E10	1.84502858745802	3.66346382980495E-03	1E10	0.136877126490318	3.21978768877644E-03	1E10	1.47878215025269E-02	1.10134702184021E-02	1E10	1.19783418044357E-02	3.66116714529556E-03	1E10	1.70385565095416E-03	1E-30	2.48471564078921E-11	4.56977376106206E-02	1E-30	5.79505342248333E-11	0.013424330982788	1E-30	5.87878282284307E-10	1.31896803463284E-02	4.87685444254952E-05	1.39654854256132E-10	5.13092229289199E-03	4.79303849424514E-05	5.75346567309757E-11	3.14221071228978E-03	4.18638765972476E-11	3.10227997812681E-11	2.23629391478154	3.52916880994764E-12	7.81068278051758E-11	14.6690694901106	1E10	1E-30	1E-10	1E10	1E-30	1E-10	1E10	1E-30	1E-10
29	1.78608998157221E-05	1E10	2272727.27272727	1E-30	7.15036821944334E-11	1E10	1E-30	1E10	5.15313966683046E-03	4.79124782580739E-04	1E10	11.0726160754079	4.93942603011015E-04	1E10	1.16016373963542	4.48472310788519E-04	1E10	0.12005020861519	5.23174871317659E-04	1E10	9.94591616942042E-03	4.39462586303E-4	1E10	4.54642757938735E-03	1E-30	6.42516252157766E-11	4.01869798468115E-02	1E-30	5.67013431135727E-10	1.39737910225408E-02	5.83314162878203E-05	8.43889519943319E-11	5.31393565712769E-03	3.65301927762778E-05	6.07127247994055E-11	3.69269798406088E-03	5.16193621793143E-11	5.20160527127628E-11	2.82400566388875	1.50117685711331E-11	6.76125989908436E-11	3.93664546688893	2.40582888548444E-12	1.78679468986799E-10	110.60437519394	1E10	1E-30	1E-10	1E10	1E-30	1E-10	1E10	1E-30	1E-10
30	1.78608998157221E-05	1E10	2272727.27272727	1E-30	7.15036821944334E-11	1E10	1E-30	1E10	5.15313966683046E-03	4.79124782580739E-04	1E10	11.0726160754079	4.93942603011015E-04	1E10	1.16016373963542	4.48472310788519E-04	1E10	0.12005020861519	5.23174871317659E-04	1E10	9.94591616942042E-03	4.39462586303E-4	1E10	4.54642757938735E-03	1E-30	6.42516252157766E-11	4.01869798468115E-02	1E-30	5.67013431135727E-10	1.39737910225408E-02	5.83314162878203E-05	8.43889519943319E-11	5.31393565712769E-03	3.65301927762778E-05	6.07127247994055E-11	3.69269798406088E-03	5.16193621793143E-11	5.20160527127628E-11	2.82400566388875	1.50117685711331E-11	6.76125989908436E-11	3.93664546688893	2.40582888548444E-12	1.78679468986799E-10	110.60437519394	1E10	1E-30	1E-10	1E10	1E-30	1E-10	1E10	1E-30	1E-10
31	1.78608998157221E-05	1E10	2272727.27272727	1E-30	7.15036821944334E-11	1E10	1E-30	1E10	5.15313966683046E-03	4.79124782580739E-04	1E10	11.0726160754079	4.93942603011015E-04	1E10	1.16016373963542	4.48472310788519E-04	1E10	0.12005020861519	5.23174871317659E-04	1E10	9.94591616942042E-03	4.39462586303E-4	1E10	4.54642757938735E-03	1E-30	6.42516252157766E-11	4.01869798468115E-02	1E-30	5.67013431135727E-10	1.39737910225408E-02	5.83314162878203E-05	8.43889519943319E-11	5.31393565712769E-03	3.65301927762778E-05	6.07127247994055E-11	3.69269798406088E-03	5.16193621793143E-11	5.20160527127628E-11	2.82400566388875	1.50117685711331E-11	6.76125989908436E-11	3.93664546688893	2.40582888548444E-12	1.78679468986799E-10	110.60437519394	1E10	1E-30	1E-10	1E10	1E-30	1E-10	1E10	1E-30	1E-10
32	1.78608998157221E-05	1E10	2272727.27272727	1E-30	7.15036821944334E-11	1E10	1E-30	1E10	5.15313966683046E-03	4.79124782580739E-04	1E10	11.0726160754079	4.93942603011015E-04	1E10	1.16016373963542	4.48472310788519E-04	1E10	0.12005020861519	5.23174871317659E-04	1E10	9.94591616942042E-03	4.39462586303E-4	1E10	4.54642757938735E-03	1E-30	6.42516252157766E-11	4.01869798468115E-02	1E-30	5.67013431135727E-10	1.39737910225408E-02	5.83314162878203E-05	8.43889519943319E-11	5.31393565712769E-03	3.65301927762778E-05	6.07127247994055E-11	3.69269798406088E-03	5.16193621793143E-11	5.20160527127628E-11	2.82400566388875	1.50117685711331E-11	6.76125989908436E-11	3.93664546688893	2.40582888548444E-12	1.78679468986799E-10	110.60437519394	1E10	1E-30	1E-10	1E10	1E-30	1E-10	1E10	1E-30	1E-10
33	3.44442843400866E-05	1E10	1063829.78723404	1E-30	7.49403030501408E-11	1E10	1E-30	1E10	3.07208203740479E-03	8.65459773677561E-04	1E10	6.12988024525603	1.12718915428614E-03	1E10	0.391939776628317	1.22264140771818E-03	1E10	4.75092046333589E-02	8.8483154011986E-04	1E10	1.03014092884519E-02	6.40319182766324E-04	1E10	9.74422291632313E-04	1E-30	1.17475842012705E-11	2.71656784883975E-02	1E-30	8.77265082919058E-11	2.67820628803841E-02	1E-30	5.85071901486238E-10	1.08681110169352E-02	7.35289971985322E-05	1.58151188716944E-10	3.61360106599426E-03	6.24895256075173E-05	8.22726050227063E-11	3.40993496956937E-03	3.94704538616588E-11	6.92250332105378E-11	4.45119106327623	1.92496160405758E-12	2.8912329687678E-10	60.6260214898999	1E10	1E-30	1E-10	1E10	1E-30	1E-10	1E10	1E-30	1E-10
34	3.44442843400866E-05	1E10	1063829.78723404	1E-30	7.49403030501408E-11	1E10	1E-30	1E10	3.07208203740479E-03	8.65459773677561E-04	1E10	6.12988024525603	1.12718915428614E-03	1E10	0.391939776628317	1.22264140771818E-03	1E10	4.75092046333589E-02	8.8483154011986E-04	1E10	1.03014092884519E-02	6.40319182766324E-04	1E10	9.74422291632313E-04	1E-30	1.17475842012705E-11	2.71656784883975E-02	1E-30	8.77265082919058E-11	2.67820628803841E-02	1E-30	5.85071901486238E-10	1.08681110169352E-02	7.35289971985322E-05	1.58151188716944E-10	3.61360106599426E-03	6.24895256075173E-05	8.22726050227063E-11	3.40993496956937E-03	3.94704538616588E-11	6.92250332105378E-11	4.45119106327623	1.92496160405758E-12	2.8912329687678E-10	60.6260214898999	1E10	1E-30	1E-10	1E10	1E-30	1E-10	1E10	1E-30	1E-10
35	3.20611405076444E-05	1E10	1063830	1E-30	1.38050300113245E-10	1E10	1E-30	1E10	4.2484799835262E-03	8.73456186612858E-04	1E10	3.11499785313424	1.10894703874314E-03	1E10	0.237503731768393	1.04621392277041E-03	1E10	3.36389220094316E-02	7.60826636778682E-04	1E10	4.55693709082003E-03	1E-30	2.48775287279901E-11	3.37692671921046E-02	1E-30	6.88699445798664E-11	1.88304348060963E-02	1E-30	4.08357703186696E-10	9.76317663881122E-03	6.82674586196304E-05	1.39091925816001E-10	3.78465992956865E-03	4.86296325519116E-05	9.83592902614306E-11	3.9842378511187E-03	4.4324535952166E-11	8.11923048544845E-11	7.22797282031907	1.03189060736642E-11	1.12911518768073E-10	23.2847017502673	7.4676276926739E-12	1.0073705514331E-10	40.268034696944	1E10	1E-30	1E-10	1E10	1E-30	1E-10	1E10	1E-30	1E-10
36	3.20611405076444E-05	1E10	1063830	1E-30	1.38050300113245E-10	1E10	1E-30	1E10	4.2484799835262E-03	8.73456186612858E-04	1E10	3.11499785313424	1.10894703874314E-03	1E10	0.237503731768393	1.04621392277041E-03	1E10	3.36389220094316E-02	7.60826636778682E-04	1E10	4.55693709082003E-03	1E-30	2.48775287279901E-11	3.37692671921046E-02	1E-30	6.88699445798664E-11	1.88304348060963E-02	1E-30	4.08357703186696E-10	9.76317663881122E-03	6.82674586196304E-05	1.39091925816001E-10	3.78465992956865E-03	4.86296325519116E-05	9.83592902614306E-11	3.9842378511187E-03	4.4324535952166E-11	8.11923048544845E-11	7.22797282031907	1.03189060736642E-11	1.12911518768073E-10	23.2847017502673	7.4676276926739E-12	1.0073705514331E-10	40.268034696944	1E10	1E-30	1E-10	1E10	1E-30	1E-10	1E10	1E-30	1E-10
END DSCRDATA
