BEGIN DSCRDATA
% INDEX	K01	L01	M01	K02	L02	M02	K03	L03	M03	K04	L04	M04	K05	L05	M05	K06	L06	M06	K07	L07	M07	K08	L08	M08	K09	L09	M09	K10	L10	M10	K11	L11	M11	K12	L12	M12	K13	L13	M13	K14	L14	M14	K15	L15	M15	K16	L16	M16	K17	L17	M17	K18	L18	M18	T01	T02	T03
0	0	0	0	0	0	0	0	0	0	0	0	0	0	0	0	0	0	0	0	0	0	0	0	0	0	0	0	0	0	0	0	0	0	0	0	0	0	0	0	0	0	0	0	0	0	0	0	0	0	0	0	0	0	0	0	0	0
1	8.19999999999999E-11	1E10	1E10	1E-30	1.48818099114429E-11	1E10	1E-30	1E10	8.99999999999999E-02	1.15393943144951E-10	3.10711151642017E-11	2.56692641263924	1.53530117078182E-11	6.46268488929106E-11	14.4719985562276	1.38303566962884E-11	5.77753087730844E-11	13.4378744957538	1.3583965068445E-12	4.25367441478983E-10	362.93058705725	1E10	1E-30	1E-10	1E10	1E-30	1E-10	1E10	1E-30	1E-10	1E10	1E-30	1E-10	1E10	1E-30	1E-10	1E10	1E-30	1E-10	1E10	1E-30	1E-10	1E10	1E-30	1E-10	1E10	1E-30	1E-10	1E10	1E-30	1E-10	1E10	1E-30	1E-10	2	-5	5
2	1E-10	1E10	1E10	1E-30	3.11797484970341E-12	1E10	1E-30	1E10	7.26509102920737E-02	1.52154651124471E-10	3.32792694963948E-11	2.75128068365183	1.89786239395702E-11	7.38336414494143E-11	10.8032745019195	1.53703516280601E-12	4.40257912368798E-10	216.339752566974	1E10	1E-30	1E-10	1E10	1E-30	1E-10	1E10	1E-30	1E-10	1E10	1E-30	1E-10	1E10	1E-30	1E-10	1E10	1E-30	1E-10	1E10	1E-30	1E-10	1E10	1E-30	1E-10	1E10	1E-30	1E-10	1E10	1E-30	1E-10	1E10	1E-30	1E-10	1E10	1E-30	1E-10	2	-5	5
3	1.2E-10	1E10	1E10	1E-30	3.53548150898713E-12	1E10	1E-30	1E10	8.03853271127398E-02	1.8719111561229E-10	4.00104821255637E-11	2.45208149037395	4.34775156772056E-11	4.87814031481701E-11	4.20296149501232	1.22091042758084E-12	4.6100662854666E-10	197.304199324656	1E10	1E-30	1E-10	1E10	1E-30	1E-10	1E10	1E-30	1E-10	1E10	1E-30	1E-10	1E10	1E-30	1E-10	1E10	1E-30	1E-10	1E10	1E-30	1E-10	1E10	1E-30	1E-10	1E10	1E-30	1E-10	1E10	1E-30	1E-10	1E10	1E-30	1E-10	1E10	1E-30	1E-10	2	-5	5
4	1.5E-10	1E10	1E10	1E-30	4.06600069017337E-12	1E10	1E-30	1E10	0.067512749378117	1.96013161099125E-10	5.52298399453031E-11	2.81536624337832	8.87696934981151E-11	3.78664235388688E-11	3.57730040150491	1.40179272895025E-12	4.40257912368798E-10	142.934257064584	1E10	1E-30	1E-10	1E10	1E-30	1E-10	1E10	1E-30	1E-10	1E10	1E-30	1E-10	1E10	1E-30	1E-10	1E10	1E-30	1E-10	1E10	1E-30	1E-10	1E10	1E-30	1E-10	1E10	1E-30	1E-10	1E10	1E-30	1E-10	1E10	1E-30	1E-10	1E10	1E-30	1E-10	2	-5	5
5	1.8E-10	1E10	1E10	1E-30	2.8322593042037E-11	1E10	1E-30	1E10	0.058876259958852	2.65140176183616E-10	5.74294592580729E-11	2.62026123082843	1.14172592668096E-10	4.05440519462071E-11	2.9124485924117	2.05911607714348E-10	9.78989846859239E-12	1.50709039552074	1.51201599904942E-12	4.57104853228028E-10	182.48776380782	1E10	1E-30	1E-10	1E10	1E-30	1E-10	1E10	1E-30	1E-10	1E10	1E-30	1E-10	1E10	1E-30	1E-10	1E10	1E-30	1E-10	1E10	1E-30	1E-10	1E10	1E-30	1E-10	1E10	1E-30	1E-10	1E10	1E-30	1E-10	1E10	1E-30	1E-10	2	-5	5
6	2.19999999999999E-10	1E10	1E10	1E-30	1.72551699150369E-13	1E10	1E-30	1E10	0.055	3.4899606070305E-10	6.03628228069266E-11	2.88064369761333	1.34271918592871E-10	5.10009583166382E-11	3.00419079542436	2.61447577934478E-10	1.12553762499189E-11	0.922989591613702	6.85502480401136E-11	2.39600443453154E-11	2.46375255363431	1.4831104705883E-12	4.62668611258842E-10	188.77758178663	1E10	1E-30	1E-10	1E10	1E-30	1E-10	1E10	1E-30	1E-10	1E10	1E-30	1E-10	1E10	1E-30	1E-10	1E10	1E-30	1E-10	1E10	1E-30	1E-10	1E10	1E-30	1E-10	1E10	1E-30	1E-10	1E10	1E-30	1E-10	2	-5	5
END DSCRDATA
