BEGIN DSCRDATA
% INDEX	K01	L01	M01	K02	L02	M02	K03	L03	M03	K04	L04	M04	K05	L05	M05	K06	L06	M06	K07	L07	M07	K08	L08	M08	K09	L09	M09	K10	L10	M10	K11	L11	M11	K12	L12	M12	K13	L13	M13	K14	L14	M14	K15	L15	M15	K16	L16	M16	K17	L17	M17	K18	L18	M18
0	0	0	0	0	0	0	0	0	0	0	0	0	0	0	0	0	0	0	0	0	0	0	0	0	0	0	0	0	0	0	0	0	0	0	0	0	0	0	0	0	0	0	0	0	0	0	0	0	0	0	0	0	0	0
1	2.63648336968996E-09	1E10	1E10	1E-30	1.47707975844965E-11	1E10	1E-30	1E10	4.26032784048736E-03	1E-30	1.44083093350572E-10	0.925142300223281	1E-30	6.5106110959698E-11	9.30852679836435E-03	3.81969036587961E-09	1.06820322633872E-10	1.72815725102499	2.65102162207135E-09	5.48812598590341E-11	1.26878358436857	7.86272130182155E-09	8.18814230621968E-12	0.297005500479356	3.88025443315658E-09	9.76822810542683E-12	0.294399043583336	2.14795118148928E-12	4.28222219339448E-10	351.998883781979	1E10	1E-30	1E-10	1E10	1E-30	1E-10	1E10	1E-30	1E-10	1E10	1E-30	1E-10	1E10	1E-30	1E-10	1E10	1E-30	1E-10	1E10	1E-30	1E-10	1E10	1E-30	1E-10
2	3.21484705330659E-09	1E10	1E10	1E-30	1.48040797449288E-11	1E10	1E-30	1E10	4.62224161945493E-03	1E-30	1.45633310784014E-10	0.764312514420041	1E-30	4.05380415023516E-11	9.86165524805891E-03	4.5282365754652E-09	1.25567031016301E-10	1.89443318265251	2.737509384438E-09	7.50286075594458E-11	1.45407382322734	6.76439707243762E-09	1.4273936537137E-11	0.388949730055318	2.96042508722742E-09	1.90378763409147E-11	0.391298832960323	2.12831246388292E-12	3.71332487984831E-10	162.462924004477	1E10	1E-30	1E-10	1E10	1E-30	1E-10	1E10	1E-30	1E-10	1E10	1E-30	1E-10	1E10	1E-30	1E-10	1E10	1E-30	1E-10	1E10	1E-30	1E-10	1E10	1E-30	1E-10
3	3.8271428728097E-09	1E10	1E10	1E-30	5.5055339090686E-11	1E10	1E-30	1E10	4.61352522729638E-03	1E-30	1.58571527834508E-10	0.537791962090311	1E-30	4.85691578059046E-11	5.56653514086026E-03	6.68162826145866E-09	1.14240170281202E-10	1.7755548523902	4.91901709157223E-09	5.8001820431151E-11	1.2862704000965	1.14239815060116E-08	1.15309245614898E-11	0.27882094779325	6.20842378156764E-09	1.25849941629736E-11	0.324561254024324	2.24843426835893E-12	4.81184338699277E-10	308.451452824718	1E10	1E-30	1E-10	1E10	1E-30	1E-10	1E10	1E-30	1E-10	1E10	1E-30	1E-10	1E10	1E-30	1E-10	1E10	1E-30	1E-10	1E10	1E-30	1E-10	1E10	1E-30	1E-10
4	4.56563695800145E-09	1E10	1E10	1E-30	5.32807546888743E-11	1E10	1E-30	1E10	3.77076614806632E-03	1E-30	1.85042896881734E-10	0.642187007841359	1E-30	4.26599569535223E-11	4.357574241972E-3	9.01856490041138E-09	1.14173079850664E-10	1.73411928574089	4.07752601168753E-09	9.43893979018164E-11	1.37858836329855	1.20318142785694E-08	1.51129937466069E-11	0.489389544845365	8.09524666034662E-09	1.36334034267449E-11	0.419826669092893	2.21893976520422E-12	3.61448283252954E-10	303.687332984598	1E10	1E-30	1E-10	1E10	1E-30	1E-10	1E10	1E-30	1E-10	1E10	1E-30	1E-10	1E10	1E-30	1E-10	1E10	1E-30	1E-10	1E10	1E-30	1E-10	1E10	1E-30	1E-10
5	1.2E-8	1E10	8333333333.33333	1E-30	1.55305213541277E-11	1E10	1E-30	1E10	5.26167847359734E-03	1E-30	7.18334199462183E-11	1.24812288793235	1E-30	1.27148712431058E-10	0.239292987933657	1E-30	2.68960784270869E-11	2.11095329800185E-03	1.89885679560545E-08	1.00316608503159E-10	0.695840069609649	1.50963552124144E-08	4.62382311887193E-11	0.544035665092583	4.86266132839498E-08	6.57091478952708E-12	0.105213188134232	1.86093569064069E-08	1.03588733196299E-11	0.129888844792598	2.16080648956386E-12	3.81144800649016E-10	421.402223745178	1E10	1E-30	1E-10	1E10	1E-30	1E-10	1E10	1E-30	1E-10	1E10	1E-30	1E-10	1E10	1E-30	1E-10	1E10	1E-30	1E-10	1E10	1E-30	1E-10
6	1.44978604935641E-08	1E10	6666666666.66666	1E-30	6.47379304378298E-12	1E10	1E-30	1E10	5.02784896128005E-03	1E-30	1.37662504897958E-10	0.337614978689945	1E-30	2.54982800437079E-11	2.40766467176348E-03	2.54954021768868E-08	1.11397793054515E-10	0.634232337978574	1.40647063774932E-08	7.28193728374754E-11	0.528280567303331	4.3288259735829E-08	1.11703249930982E-11	0.12352810199839	1.7451665800705E-08	1.6115652685073E-11	0.131584876081641	2.03303535932931E-12	6.00980149505434E-10	360.924255573053	1E10	1E-30	1E-10	1E10	1E-30	1E-10	1E10	1E-30	1E-10	1E10	1E-30	1E-10	1E10	1E-30	1E-10	1E10	1E-30	1E-10	1E10	1E-30	1E-10	1E10	1E-30	1E-10
7	1.76817314746861E-08	1E10	5555555555.55555	1E-30	1.05278935099976E-11	1E10	1E-30	1E10	4.45454801918728E-03	1E-30	1.65811858134192E-10	0.346115959222426	1E-30	3.29607921207254E-11	1.96373442667818E-03	2.73232203331592E-08	1.43485022382497E-10	0.766562147452031	1.97721244645218E-08	7.31685196730647E-11	0.629793030403299	4.59111419864892E-08	1.45384410587875E-11	0.147478034622973	2.40388025462137E-08	1.65261601334573E-11	0.157469386025992	1.86434830018521E-12	4.74764249464271E-10	204.335040500686	1E10	1E-30	1E-10	1E10	1E-30	1E-10	1E10	1E-30	1E-10	1E10	1E-30	1E-10	1E10	1E-30	1E-10	1E10	1E-30	1E-10	1E10	1E-30	1E-10	1E10	1E-30	1E-10
8	2.11764378424376E-08	1E10	4545454545.45454	1E-30	4.68074191174323E-11	1E10	1E-30	1E10	3.69902654981187E-03	1E-30	1.91632571773555E-10	0.29653459458248	1E-30	2.56994870068471E-11	1.53112119388603E-03	3.53703954693077E-08	1.46116256977577E-10	0.817408856312896	2.38050348586217E-08	8.19801639433857E-11	0.558604885828737	3.98338758109304E-08	2.36691886177341E-11	0.218469813210379	2.65814204551972E-08	2.16026287317159E-11	0.192101510330016	2.41347672497573E-12	3.34473677010667E-10	255.992230476375	1E10	1E-30	1E-10	1E10	1E-30	1E-10	1E10	1E-30	1E-10	1E10	1E-30	1E-10	1E10	1E-30	1E-10	1E10	1E-30	1E-10	1E10	1E-30	1E-10	1E10	1E-30	1E-10
9	3.37808812577711E-08	1E10	3030303030.30303	1E-30	3.86754970245265E-10	1E10	1E-30	1E10	2.80088939706573E-02	4.12906638134905E-06	1E10	538.062341022235	4.66425460149927E-06	1E10	106.555218173418	4.1557792370471E-06	1E10	23.339839856758	3.8739905997193E-06	1E10	4.91047818721782	3.25390617359181E-06	1E10	1.00501915185789	2.72693962223968E-06	1E10	0.217251711235743	2.03383800121719E-06	1E10	3.52089970984985E-02	1E-30	6.64049682206679E-11	0.263210393504081	1E-30	1.03291974472007E-10	0.137936523904512	1.17881863118715E-07	3.61170286000366E-11	8.57667697807064E-02	2.37919174472032E-08	5.51206563898149E-11	0.105166756335788	8.91963530137513E-12	3.14442204567193E-10	20.0763613182826	1E10	1E-30	1E-10	1E10	1E-30	1E-10	1E10	1E-30	1E-10
10	3.37808812577711E-08	1E10	3030303030.30303	1E-30	3.86754970245265E-10	1E10	1E-30	1E10	2.80088939706573E-02	4.12906638134905E-06	1E10	538.062341022235	4.66425460149927E-06	1E10	106.555218173418	4.1557792370471E-06	1E10	23.339839856758	3.8739905997193E-06	1E10	4.91047818721782	3.25390617359181E-06	1E10	1.00501915185789	2.72693962223968E-06	1E10	0.217251711235743	2.03383800121719E-06	1E10	3.52089970984985E-02	1E-30	6.64049682206679E-11	0.263210393504081	1E-30	1.03291974472007E-10	0.137936523904512	1.17881863118715E-07	3.61170286000366E-11	8.57667697807064E-02	2.37919174472032E-08	5.51206563898149E-11	0.105166756335788	8.91963530137513E-12	3.14442204567193E-10	20.0763613182826	1E10	1E-30	1E-10	1E10	1E-30	1E-10	1E10	1E-30	1E-10
11	4.92345641683293E-08	1E10	2127659574.46808	1E-30	4.01424847443893E-10	1E10	1E-30	1E10	0.019768304390851	5.64713194403096E-06	1E10	329.31666638337	7.08840833815967E-06	1E10	48.4157104901866	6.13290610103248E-06	1E10	10.1437380725631	5.52756109442878E-06	1E10	1.85875291645075	4.22603031104809E-06	1E10	0.373521502725839	3.2977501903163E-06	1E10	5.14811216455136E-02	1E-30	1.11879301591435E-10	0.210882633562265	1E-30	1.65556745697195E-10	0.162409456894313	1.12368949033449E-07	7.41878710531581E-11	0.13111215872548	5.04320648156513E-08	5.53297311362074E-11	0.107458658501551	2.67524768597236E-11	8.89662542821027E-11	5.38638837313379	1E10	1E-30	1E-10	1E10	1E-30	1E-10	1E10	1E-30	1E-10	1E10	1E-30	1E-10
12	4.92345641683293E-08	1E10	2127659574.46808	1E-30	4.01424847443893E-10	1E10	1E-30	1E10	0.019768304390851	5.64713194403096E-06	1E10	329.31666638337	7.08840833815967E-06	1E10	48.4157104901866	6.13290610103248E-06	1E10	10.1437380725631	5.52756109442878E-06	1E10	1.85875291645075	4.22603031104809E-06	1E10	0.373521502725839	3.2977501903163E-06	1E10	5.14811216455136E-02	1E-30	1.11879301591435E-10	0.210882633562265	1E-30	1.65556745697195E-10	0.162409456894313	1.12368949033449E-07	7.41878710531581E-11	0.13111215872548	5.04320648156513E-08	5.53297311362074E-11	0.107458658501551	2.67524768597236E-11	8.89662542821027E-11	5.38638837313379	1E10	1E-30	1E-10	1E10	1E-30	1E-10	1E10	1E-30	1E-10	1E10	1E-30	1E-10
13	6.79930252079525E-08	1E10	1470588235.29411	1E-30	3.63265448913167E-10	1E10	1E-30	1E10	1.78764619716127E-02	8.68538894067217E-06	1E10	249.912794362212	8.51728334225468E-06	1E10	71.5178111796539	7.63859593197354E-06	1E10	15.3979389063912	7.29140317619152E-06	1E10	3.34374741683253	6.09997015466069E-06	1E10	0.746817037234128	4.94109973384087E-06	1E10	0.136078244948535	3.67757887098234E-06	1E10	2.80332179321205E-02	1E-30	1.06542464641925E-10	0.124168220136007	1E-30	1.0318775111366E-11	9.72119027062884E-02	1.68589994068409E-07	5.38795036781404E-11	8.24818011264427E-02	3.34814024330486E-08	9.03665432645929E-11	9.18835737705569E-02	1.65898487608015E-11	1.45521941988118E-10	7.46904447955348	1E10	1E-30	1E-10	1E10	1E-30	1E-10	1E10	1E-30	1E-10
14	6.79930252079525E-08	1E10	1470588235.29411	1E-30	3.63265448913167E-10	1E10	1E-30	1E10	1.78764619716127E-02	8.68538894067217E-06	1E10	249.912794362212	8.51728334225468E-06	1E10	71.5178111796539	7.63859593197354E-06	1E10	15.3979389063912	7.29140317619152E-06	1E10	3.34374741683253	6.09997015466069E-06	1E10	0.746817037234128	4.94109973384087E-06	1E10	0.136078244948535	3.67757887098234E-06	1E10	2.80332179321205E-02	1E-30	1.06542464641925E-10	0.124168220136007	1E-30	1.0318775111366E-11	9.72119027062884E-02	1.68589994068409E-07	5.38795036781404E-11	8.24818011264427E-02	3.34814024330486E-08	9.03665432645929E-11	9.18835737705569E-02	1.65898487608015E-11	1.45521941988118E-10	7.46904447955348	1E10	1E-30	1E-10	1E10	1E-30	1E-10	1E10	1E-30	1E-10
15	1.00971655178476E-07	1E10	1E9	1E-30	3.9729784491436E-10	1E10	1E-30	1E10	1.53393386891984E-02	1.37514447387067E-05	1E10	180.528843857929	1.46022050212993E-05	1E10	43.2861282986447	1.29800152475148E-05	1E10	9.53719856851962	1.25283404576416E-05	1E10	1.97512752097362	1.0858180080603E-05	1E10	0.495931713365865	1.0938683174903E-05	1E10	7.69132042597754E-02	6.72566233850903E-06	1E10	2.18093369011112E-02	1E-30	1.31440709931915E-11	0.137933563477269	1E-30	1.66924502007541E-10	0.123298422118689	1.7119174482383E-07	1.01254063923441E-10	0.107916812173566	8.93924127619749E-08	7.01378122514542E-11	7.69729897549063E-02	1.63894515215866E-11	1.3867806086862E-10	7.31370973101176	1E10	1E-30	1E-10	1E10	1E-30	1E-10	1E10	1E-30	1E-10
16	1.00971655178476E-07	1E10	1E9	1E-30	3.9729784491436E-10	1E10	1E-30	1E10	1.53393386891984E-02	1.37514447387067E-05	1E10	180.528843857929	1.46022050212993E-05	1E10	43.2861282986447	1.29800152475148E-05	1E10	9.53719856851962	1.25283404576416E-05	1E10	1.97512752097362	1.0858180080603E-05	1E10	0.495931713365865	1.0938683174903E-05	1E10	7.69132042597754E-02	6.72566233850903E-06	1E10	2.18093369011112E-02	1E-30	1.31440709931915E-11	0.137933563477269	1E-30	1.66924502007541E-10	0.123298422118689	1.7119174482383E-07	1.01254063923441E-10	0.107916812173566	8.93924127619749E-08	7.01378122514542E-11	7.69729897549063E-02	1.63894515215866E-11	1.3867806086862E-10	7.31370973101176	1E10	1E-30	1E-10	1E10	1E-30	1E-10	1E10	1E-30	1E-10
17	1.53633540955493E-07	1E10	666666666.666666	1E-30	4.03707722415026E-10	1E10	1E-30	1E10	0.017208913429407	1.83655297887026E-05	1E10	112.476305187956	1.66466421831635E-05	1E10	39.4764193337079	1.4742021210993E-05	1E10	8.41481293724309	1.43719451895557E-05	1E10	1.74371474495994	1.2672527431617E-05	1E10	0.426157704484754	1.55403381756639E-05	1E10	6.45857502085445E-02	1.20904675685549E-05	1E10	1.28136204097818E-02	1E-30	2.10068669553297E-11	0.182970750506383	1E-30	1.29741445302646E-10	0.087897331589791	3.76917652161065E-07	4.76317009146515E-11	3.74820650982458E-02	1.60796475150521E-07	3.77319909014441E-11	3.69347888535227E-02	1.60165750722042E-11	1.94250693100975E-10	10.4043886722603	1E10	1E-30	1E-10	1E10	1E-30	1E-10	1E10	1E-30	1E-10
18	1.53633540955493E-07	1E10	666666666.666666	1E-30	4.03707722415026E-10	1E10	1E-30	1E10	0.017208913429407	1.83655297887026E-05	1E10	112.476305187956	1.66466421831635E-05	1E10	39.4764193337079	1.4742021210993E-05	1E10	8.41481293724309	1.43719451895557E-05	1E10	1.74371474495994	1.2672527431617E-05	1E10	0.426157704484754	1.55403381756639E-05	1E10	6.45857502085445E-02	1.20904675685549E-05	1E10	1.28136204097818E-02	1E-30	2.10068669553297E-11	0.182970750506383	1E-30	1.29741445302646E-10	0.087897331589791	3.76917652161065E-07	4.76317009146515E-11	3.74820650982458E-02	1.60796475150521E-07	3.77319909014441E-11	3.69347888535227E-02	1.60165750722042E-11	1.94250693100975E-10	10.4043886722603	1E10	1E-30	1E-10	1E10	1E-30	1E-10	1E10	1E-30	1E-10
19	1.53633540955493E-07	1E10	666666666.666666	1E-30	4.03707722415026E-10	1E10	1E-30	1E10	0.017208913429407	1.83655297887026E-05	1E10	112.476305187956	1.66466421831635E-05	1E10	39.4764193337079	1.4742021210993E-05	1E10	8.41481293724309	1.43719451895557E-05	1E10	1.74371474495994	1.2672527431617E-05	1E10	0.426157704484754	1.55403381756639E-05	1E10	6.45857502085445E-02	1.20904675685549E-05	1E10	1.28136204097818E-02	1E-30	2.10068669553297E-11	0.182970750506383	1E-30	1.29741445302646E-10	0.087897331589791	3.76917652161065E-07	4.76317009146515E-11	3.74820650982458E-02	1.60796475150521E-07	3.77319909014441E-11	3.69347888535227E-02	1.60165750722042E-11	1.94250693100975E-10	10.4043886722603	1E10	1E-30	1E-10	1E10	1E-30	1E-10	1E10	1E-30	1E-10
20	1.53633540955493E-07	1E10	666666666.666666	1E-30	4.03707722415026E-10	1E10	1E-30	1E10	0.017208913429407	1.83655297887026E-05	1E10	112.476305187956	1.66466421831635E-05	1E10	39.4764193337079	1.4742021210993E-05	1E10	8.41481293724309	1.43719451895557E-05	1E10	1.74371474495994	1.2672527431617E-05	1E10	0.426157704484754	1.55403381756639E-05	1E10	6.45857502085445E-02	1.20904675685549E-05	1E10	1.28136204097818E-02	1E-30	2.10068669553297E-11	0.182970750506383	1E-30	1.29741445302646E-10	0.087897331589791	3.76917652161065E-07	4.76317009146515E-11	3.74820650982458E-02	1.60796475150521E-07	3.77319909014441E-11	3.69347888535227E-02	1.60165750722042E-11	1.94250693100975E-10	10.4043886722603	1E10	1E-30	1E-10	1E10	1E-30	1E-10	1E10	1E-30	1E-10
21	2.21676640694738E-07	1E10	454545454.545454	1E-30	3.7475493650275E-10	1E10	1E-30	1E10	1.33867747027531E-02	2.03490789722771E-05	1E10	95.555121771049	2.40621877557461E-05	1E10	17.6037726667311	2.01024513698019E-05	1E10	3.8969154222119	1.74700327835352E-05	1E10	0.766082264720831	2.33519200543717E-05	1E10	0.111453406404732	1.51354724670447E-05	1E10	2.45768253472533E-02	1E-30	1.68036057098987E-10	6.46187162614944E-02	1E-30	1.58247546731576E-11	3.14664096556019E-02	4.77187644436919E-07	7.07096648442692E-11	0.036268092025887	2.17290999139723E-07	5.01257979694977E-11	3.10630884078397E-02	8.65608612594775E-12	2.83344189054513E-10	13.955980308043	1E10	1E-30	1E-10	1E10	1E-30	1E-10	1E10	1E-30	1E-10	1E10	1E-30	1E-10
22	2.21676640694738E-07	1E10	454545454.545454	1E-30	3.7475493650275E-10	1E10	1E-30	1E10	1.33867747027531E-02	2.03490789722771E-05	1E10	95.555121771049	2.40621877557461E-05	1E10	17.6037726667311	2.01024513698019E-05	1E10	3.8969154222119	1.74700327835352E-05	1E10	0.766082264720831	2.33519200543717E-05	1E10	0.111453406404732	1.51354724670447E-05	1E10	2.45768253472533E-02	1E-30	1.68036057098987E-10	6.46187162614944E-02	1E-30	1.58247546731576E-11	3.14664096556019E-02	4.77187644436919E-07	7.07096648442692E-11	0.036268092025887	2.17290999139723E-07	5.01257979694977E-11	3.10630884078397E-02	8.65608612594775E-12	2.83344189054513E-10	13.955980308043	1E10	1E-30	1E-10	1E10	1E-30	1E-10	1E10	1E-30	1E-10	1E10	1E-30	1E-10
23	2.21676640694738E-07	1E10	454545454.545454	1E-30	3.7475493650275E-10	1E10	1E-30	1E10	1.33867747027531E-02	2.03490789722771E-05	1E10	95.555121771049	2.40621877557461E-05	1E10	17.6037726667311	2.01024513698019E-05	1E10	3.8969154222119	1.74700327835352E-05	1E10	0.766082264720831	2.33519200543717E-05	1E10	0.111453406404732	1.51354724670447E-05	1E10	2.45768253472533E-02	1E-30	1.68036057098987E-10	6.46187162614944E-02	1E-30	1.58247546731576E-11	3.14664096556019E-02	4.77187644436919E-07	7.07096648442692E-11	0.036268092025887	2.17290999139723E-07	5.01257979694977E-11	3.10630884078397E-02	8.65608612594775E-12	2.83344189054513E-10	13.955980308043	1E10	1E-30	1E-10	1E10	1E-30	1E-10	1E10	1E-30	1E-10	1E10	1E-30	1E-10
24	2.21676640694738E-07	1E10	454545454.545454	1E-30	3.7475493650275E-10	1E10	1E-30	1E10	1.33867747027531E-02	2.03490789722771E-05	1E10	95.555121771049	2.40621877557461E-05	1E10	17.6037726667311	2.01024513698019E-05	1E10	3.8969154222119	1.74700327835352E-05	1E10	0.766082264720831	2.33519200543717E-05	1E10	0.111453406404732	1.51354724670447E-05	1E10	2.45768253472533E-02	1E-30	1.68036057098987E-10	6.46187162614944E-02	1E-30	1.58247546731576E-11	3.14664096556019E-02	4.77187644436919E-07	7.07096648442692E-11	0.036268092025887	2.17290999139723E-07	5.01257979694977E-11	3.10630884078397E-02	8.65608612594775E-12	2.83344189054513E-10	13.955980308043	1E10	1E-30	1E-10	1E10	1E-30	1E-10	1E10	1E-30	1E-10	1E10	1E-30	1E-10
25	3.35730908765224E-07	1E10	303030303.030303	1E-30	4.06449007579827E-10	1E10	1E-30	1E10	1.11244076465911E-02	3.04244290879275E-05	1E10	66.4883616294953	3.47618533573117E-05	1E10	13.2102824141134	2.94932479563732E-05	1E10	2.86377913366711	2.53758266062348E-05	1E10	0.617835689514614	3.41541222440588E-05	1E10	8.03689575813164E-02	2.57045830215381E-05	1E10	1.38837201691913E-02	1E-30	3.56724366439413E-11	0.288510583299341	1E-30	1.34453762224478E-10	4.90749113158493E-02	7.72022548282425E-07	6.01063595107367E-11	2.77047896106341E-02	3.34050394005071E-07	4.42981473339207E-11	2.45492817244959E-02	1.04985284500611E-11	3.15243606707483E-10	18.2047406983245	1E10	1E-30	1E-10	1E10	1E-30	1E-10	1E10	1E-30	1E-10	1E10	1E-30	1E-10
26	3.35730908765224E-07	1E10	303030303.030303	1E-30	4.06449007579827E-10	1E10	1E-30	1E10	1.11244076465911E-02	3.04244290879275E-05	1E10	66.4883616294953	3.47618533573117E-05	1E10	13.2102824141134	2.94932479563732E-05	1E10	2.86377913366711	2.53758266062348E-05	1E10	0.617835689514614	3.41541222440588E-05	1E10	8.03689575813164E-02	2.57045830215381E-05	1E10	1.38837201691913E-02	1E-30	3.56724366439413E-11	0.288510583299341	1E-30	1.34453762224478E-10	4.90749113158493E-02	7.72022548282425E-07	6.01063595107367E-11	2.77047896106341E-02	3.34050394005071E-07	4.42981473339207E-11	2.45492817244959E-02	1.04985284500611E-11	3.15243606707483E-10	18.2047406983245	1E10	1E-30	1E-10	1E10	1E-30	1E-10	1E10	1E-30	1E-10	1E10	1E-30	1E-10
27	4.68557659344605E-07	1E10	212765957.446808	1E-30	4.00546591908039E-10	1E10	1E-30	1E10	8.73736828382688E-03	4.61035865414012E-05	1E10	44.8596362136539	5.03000139809532E-05	1E10	10.112979423749	4.30636997029013E-05	1E10	2.14082792492012	3.84346243736798E-05	1E10	0.47668459639348	5.28608275668769E-05	1E10	6.05364256454867E-02	3.41304754865988E-05	1E10	1.15911690082396E-02	1E-30	1.82276798651137E-10	5.21031699522694E-02	1E-30	2.60213616714349E-11	0.010651255338642	1.39646970503954E-06	6.21267001805532E-11	2.68118679740688E-02	2.86199591514107E-07	9.72659759022037E-11	2.96290421247326E-02	1.41038872649545E-11	1.71697667964852E-10	9.50645628148228	1E10	1E-30	1E-10	1E10	1E-30	1E-10	1E10	1E-30	1E-10	1E10	1E-30	1E-10
28	4.68557659344605E-07	1E10	212765957.446808	1E-30	4.00546591908039E-10	1E10	1E-30	1E10	8.73736828382688E-03	4.61035865414012E-05	1E10	44.8596362136539	5.03000139809532E-05	1E10	10.112979423749	4.30636997029013E-05	1E10	2.14082792492012	3.84346243736798E-05	1E10	0.47668459639348	5.28608275668769E-05	1E10	6.05364256454867E-02	3.41304754865988E-05	1E10	1.15911690082396E-02	1E-30	1.82276798651137E-10	5.21031699522694E-02	1E-30	2.60213616714349E-11	0.010651255338642	1.39646970503954E-06	6.21267001805532E-11	2.68118679740688E-02	2.86199591514107E-07	9.72659759022037E-11	2.96290421247326E-02	1.41038872649545E-11	1.71697667964852E-10	9.50645628148228	1E10	1E-30	1E-10	1E10	1E-30	1E-10	1E10	1E-30	1E-10	1E10	1E-30	1E-10
29	2.17564347848793E-06	1E10	227272727.272727	1E-30	7.96214341106994E-12	1E10	1E-30	1E10	4.03634082813855E-03	3.53747620637076E-04	1E10	11.735502529768	2.97642053839195E-04	1E10	1.48430055380364	2.48406263967797E-04	1E10	0.219432030635857	4.33242590843104E-04	1E10	1.65021771635056E-02	5.31191614545714E-04	1E10	7.55877520764515E-03	2.04552350209578E-04	1E10	3.77682863466394E-03	1E-30	3.24173921041785E-10	3.36244014430496E-02	1E-30	2.04337707560936E-11	2.65141806737628E-02	4.00079005046419E-06	1.37514670276575E-10	2.23076700539255E-02	2.30116587201807E-06	9.28208521133719E-11	1.72320212099571E-02	1.08316621286156E-11	1.85348401036916E-10	16.5516222349154	2.86240115868534E-12	3.2480605114486E-10	70.7907757579479	1E10	1E-30	1E-10	1E10	1E-30	1E-10	1E10	1E-30	1E-10
30	2.17564347848793E-06	1E10	227272727.272727	1E-30	7.96214341106994E-12	1E10	1E-30	1E10	4.03634082813855E-03	3.53747620637076E-04	1E10	11.735502529768	2.97642053839195E-04	1E10	1.48430055380364	2.48406263967797E-04	1E10	0.219432030635857	4.33242590843104E-04	1E10	1.65021771635056E-02	5.31191614545714E-04	1E10	7.55877520764515E-03	2.04552350209578E-04	1E10	3.77682863466394E-03	1E-30	3.24173921041785E-10	3.36244014430496E-02	1E-30	2.04337707560936E-11	2.65141806737628E-02	4.00079005046419E-06	1.37514670276575E-10	2.23076700539255E-02	2.30116587201807E-06	9.28208521133719E-11	1.72320212099571E-02	1.08316621286156E-11	1.85348401036916E-10	16.5516222349154	2.86240115868534E-12	3.2480605114486E-10	70.7907757579479	1E10	1E-30	1E-10	1E10	1E-30	1E-10	1E10	1E-30	1E-10
31	2.17564347848793E-06	1E10	227272727.272727	1E-30	7.96214341106994E-12	1E10	1E-30	1E10	4.03634082813855E-03	3.53747620637076E-04	1E10	11.735502529768	2.97642053839195E-04	1E10	1.48430055380364	2.48406263967797E-04	1E10	0.219432030635857	4.33242590843104E-04	1E10	1.65021771635056E-02	5.31191614545714E-04	1E10	7.55877520764515E-03	2.04552350209578E-04	1E10	3.77682863466394E-03	1E-30	3.24173921041785E-10	3.36244014430496E-02	1E-30	2.04337707560936E-11	2.65141806737628E-02	4.00079005046419E-06	1.37514670276575E-10	2.23076700539255E-02	2.30116587201807E-06	9.28208521133719E-11	1.72320212099571E-02	1.08316621286156E-11	1.85348401036916E-10	16.5516222349154	2.86240115868534E-12	3.2480605114486E-10	70.7907757579479	1E10	1E-30	1E-10	1E10	1E-30	1E-10	1E10	1E-30	1E-10
32	4.57168016254351E-06	1E10	106382978.723404	1E-30	1E-12	1E10	1E-30	1E10	3.22798814931921E-03	4.4925382244004E-04	1E10	12.6904632335086	6.34127996864945E-04	1E10	0.81853869427075	5.73570885057824E-04	1E10	0.110283732296384	7.48938572093414E-04	1E10	1.37983193230731E-02	4.39491519584916E-04	1E10	3.48497358493982E-03	1E-30	3.42604131007111E-10	2.15027434554127E-02	1E-30	1.36885081163086E-11	4.53677217031417E-03	1.01600605248561E-05	1.16646665191367E-10	0.0119444247353	5.73413169794024E-06	8.00844838407877E-11	1.02642147667486E-02	1.17719155875345E-11	2.44070623376102E-10	18.2906217206161	3.72339090937423E-12	3.88621837368175E-10	25.781489965598	4.9717097252343E-12	7.19868428194384E-11	6.81657058694835	1E10	1E-30	1E-10	1E10	1E-30	1E-10	1E10	1E-30	1E-10
33	4.57168016254351E-06	1E10	106382978.723404	1E-30	1E-12	1E10	1E-30	1E10	3.22798814931921E-03	4.4925382244004E-04	1E10	12.6904632335086	6.34127996864945E-04	1E10	0.81853869427075	5.73570885057824E-04	1E10	0.110283732296384	7.48938572093414E-04	1E10	1.37983193230731E-02	4.39491519584916E-04	1E10	3.48497358493982E-03	1E-30	3.42604131007111E-10	2.15027434554127E-02	1E-30	1.36885081163086E-11	4.53677217031417E-03	1.01600605248561E-05	1.16646665191367E-10	0.0119444247353	5.73413169794024E-06	8.00844838407877E-11	1.02642147667486E-02	1.17719155875345E-11	2.44070623376102E-10	18.2906217206161	3.72339090937423E-12	3.88621837368175E-10	25.781489965598	4.9717097252343E-12	7.19868428194384E-11	6.81657058694835	1E10	1E-30	1E-10	1E10	1E-30	1E-10	1E10	1E-30	1E-10
34	4.57168016254351E-06	1E10	106382978.723404	1E-30	1E-12	1E10	1E-30	1E10	3.22798814931921E-03	4.4925382244004E-04	1E10	12.6904632335086	6.34127996864945E-04	1E10	0.81853869427075	5.73570885057824E-04	1E10	0.110283732296384	7.48938572093414E-04	1E10	1.37983193230731E-02	4.39491519584916E-04	1E10	3.48497358493982E-03	1E-30	3.42604131007111E-10	2.15027434554127E-02	1E-30	1.36885081163086E-11	4.53677217031417E-03	1.01600605248561E-05	1.16646665191367E-10	0.0119444247353	5.73413169794024E-06	8.00844838407877E-11	1.02642147667486E-02	1.17719155875345E-11	2.44070623376102E-10	18.2906217206161	3.72339090937423E-12	3.88621837368175E-10	25.781489965598	4.9717097252343E-12	7.19868428194384E-11	6.81657058694835	1E10	1E-30	1E-10	1E10	1E-30	1E-10	1E10	1E-30	1E-10
35	4.57168016254351E-06	1E10	106382978.723404	1E-30	1E-12	1E10	1E-30	1E10	3.22798814931921E-03	4.4925382244004E-04	1E10	12.6904632335086	6.34127996864945E-04	1E10	0.81853869427075	5.73570885057824E-04	1E10	0.110283732296384	7.48938572093414E-04	1E10	1.37983193230731E-02	4.39491519584916E-04	1E10	3.48497358493982E-03	1E-30	3.42604131007111E-10	2.15027434554127E-02	1E-30	1.36885081163086E-11	4.53677217031417E-03	1.01600605248561E-05	1.16646665191367E-10	0.0119444247353	5.73413169794024E-06	8.00844838407877E-11	1.02642147667486E-02	1.17719155875345E-11	2.44070623376102E-10	18.2906217206161	3.72339090937423E-12	3.88621837368175E-10	25.781489965598	4.9717097252343E-12	7.19868428194384E-11	6.81657058694835	1E10	1E-30	1E-10	1E10	1E-30	1E-10	1E10	1E-30	1E-10
36	9.85106412108191E-06	1E10	5E7	1E-30	2.51188643150957E-12	1E10	1E-30	1E10	1.81242139957911E-03	8.7390135115525E-04	1E10	5.30281950870132	9.02847890858244E-04	1E10	0.520277714647803	8.31915556151016E-04	1E10	0.069822856902987	1.08950119210729E-03	1E10	5.95331793641952E-03	1.03696508287071E-03	1E10	1.56897469767168E-03	1E-30	4.36356507561058E-11	2.86278653204111E-02	1E-30	4.7884288046252E-10	1.85227849692997E-02	2.41252973784833E-05	1.23522381228139E-10	9.6994305038518E-03	1.58593299782523E-05	7.82498992407781E-11	8.78570664202059E-03	9.66995272059044E-12	2.13222598715866E-10	16.5540969864315	2.84134397590983E-12	2.7728668768748E-10	95.3567937678627	1E10	1E-30	1E-10	1E10	1E-30	1E-10	1E10	1E-30	1E-10	1E10	1E-30	1E-10
37	2.21051796535492E-05	1E10	2272727.27272727	1E-30	7.96214341106994E-12	1E10	1E-30	1E10	1.57772370527083E-03	2.45335116124057E-03	1E10	1.41116311939632	2.26829482568978E-03	1E10	0.154709377995492	2.97258909484228E-03	1E10	0.017098977603245	1.20681508492842E-02	1E10	1.82828606182661E-03	2.71145982662301E-03	1E10	1.72092512963687E-03	1E-30	3.2479061706524E-11	0.02342924236678	1E-30	5.16382802171533E-10	1.22223307700166E-02	1E-30	5.30168971077481E-11	7.67541385639467E-03	6.11361554852842E-05	1.26093720491627E-10	4.79194516259261E-03	3.31674365449271E-05	1.05831136872342E-10	5.00209384114103E-03	2.89712911738465E-11	1.19017850031317E-10	6.42489353626532	2.18850491616125E-12	4.02936326616539E-10	99.5128184918296	1E10	1E-30	1E-10	1E10	1E-30	1E-10	1E10	1E-30	1E-10
38	2.21051796535492E-05	1E10	2272727.27272727	1E-30	7.96214341106994E-12	1E10	1E-30	1E10	1.57772370527083E-03	2.45335116124057E-03	1E10	1.41116311939632	2.26829482568978E-03	1E10	0.154709377995492	2.97258909484228E-03	1E10	0.017098977603245	1.20681508492842E-02	1E10	1.82828606182661E-03	2.71145982662301E-03	1E10	1.72092512963687E-03	1E-30	3.2479061706524E-11	0.02342924236678	1E-30	5.16382802171533E-10	1.22223307700166E-02	1E-30	5.30168971077481E-11	7.67541385639467E-03	6.11361554852842E-05	1.26093720491627E-10	4.79194516259261E-03	3.31674365449271E-05	1.05831136872342E-10	5.00209384114103E-03	2.89712911738465E-11	1.19017850031317E-10	6.42489353626532	2.18850491616125E-12	4.02936326616539E-10	99.5128184918296	1E10	1E-30	1E-10	1E10	1E-30	1E-10	1E10	1E-30	1E-10
END DSCRDATA
