BEGIN DSCRDATA
% INDEX	K01	L01	M01	K02	L02	M02	K03	L03	M03	K04	L04	M04	K05	L05	M05	K06	L06	M06	K07	L07	M07	K08	L08	M08	K09	L09	M09	K10	L10	M10	K11	L11	M11	K12	L12	M12	K13	L13	M13	K14	L14	M14	K15	L15	M15	K16	L16	M16	K17	L17	M17	K18	L18	M18
0	0	0	0	0	0	0	0	0	0	0	0	0	0	0	0	0	0	0	0	0	0	0	0	0	0	0	0	0	0	0	0	0	0	0	0	0	0	0	0	0	0	0	0	0	0	0	0	0	0	0	0	0	0	0
1	9.99999999999999E-13	1E10	1E11	1E-30	3.93278895267992E-10	1E10	1E-30	1E10	0.271189611709771	1E-30	1.84595372592012E-10	0.564826419088329	9.41033072099102E-13	1.37463851478592E-10	1E5	1E10	1E-30	1E-10	1E10	1E-30	1E-10	1E10	1E-30	1E-10	1E10	1E-30	1E-10	1E10	1E-30	1E-10	1E10	1E-30	1E-10	1E10	1E-30	1E-10	1E10	1E-30	1E-10	1E10	1E-30	1E-10	1E10	1E-30	1E-10	1E10	1E-30	1E-10	1E10	1E-30	1E-10	1E10	1E-30	1E-10
2	9.99999999999999E-13	1E10	1E11	1E-30	3.93278895267992E-10	1E10	1E-30	1E10	0.271189611709771	1E-30	1.84595372592012E-10	0.564826419088329	9.41033072099102E-13	1.37463851478592E-10	1E5	1E10	1E-30	1E-10	1E10	1E-30	1E-10	1E10	1E-30	1E-10	1E10	1E-30	1E-10	1E10	1E-30	1E-10	1E10	1E-30	1E-10	1E10	1E-30	1E-10	1E10	1E-30	1E-10	1E10	1E-30	1E-10	1E10	1E-30	1E-10	1E10	1E-30	1E-10	1E10	1E-30	1E-10	1E10	1E-30	1E-10
3	2E-12	1E10	1E11	1E-30	4.25290648197193E-10	1E10	1E-30	1E10	0.156498172296743	1E-30	1.68018428736459E-10	0.308197631825855	5.01032600874873E-12	6.41101707019758E-11	28.0207055680013	1E10	1E-30	1E-10	1E10	1E-30	1E-10	1E10	1E-30	1E-10	1E10	1E-30	1E-10	1E10	1E-30	1E-10	1E10	1E-30	1E-10	1E10	1E-30	1E-10	1E10	1E-30	1E-10	1E10	1E-30	1E-10	1E10	1E-30	1E-10	1E10	1E-30	1E-10	1E10	1E-30	1E-10	1E10	1E-30	1E-10
4	2E-12	1E10	1E11	1E-30	4.25290648197193E-10	1E10	1E-30	1E10	0.156498172296743	1E-30	1.68018428736459E-10	0.308197631825855	5.01032600874873E-12	6.41101707019758E-11	28.0207055680013	1E10	1E-30	1E-10	1E10	1E-30	1E-10	1E10	1E-30	1E-10	1E10	1E-30	1E-10	1E10	1E-30	1E-10	1E10	1E-30	1E-10	1E10	1E-30	1E-10	1E10	1E-30	1E-10	1E10	1E-30	1E-10	1E10	1E-30	1E-10	1E10	1E-30	1E-10	1E10	1E-30	1E-10	1E10	1E-30	1E-10
5	3E-12	1E10	1E11	1E-30	4.43188033026965E-10	1E10	1E-30	1E10	0.145129046041234	1E-30	1.38872471512903E-10	0.329142122397984	4.80661742856124E-12	6.99909169286149E-11	31.6397461150348	1E10	1E-30	1E-10	1E10	1E-30	1E-10	1E10	1E-30	1E-10	1E10	1E-30	1E-10	1E10	1E-30	1E-10	1E10	1E-30	1E-10	1E10	1E-30	1E-10	1E10	1E-30	1E-10	1E10	1E-30	1E-10	1E10	1E-30	1E-10	1E10	1E-30	1E-10	1E10	1E-30	1E-10	1E10	1E-30	1E-10
6	3E-12	1E10	1E11	1E-30	4.43188033026965E-10	1E10	1E-30	1E10	0.145129046041234	1E-30	1.38872471512903E-10	0.329142122397984	4.80661742856124E-12	6.99909169286149E-11	31.6397461150348	1E10	1E-30	1E-10	1E10	1E-30	1E-10	1E10	1E-30	1E-10	1E10	1E-30	1E-10	1E10	1E-30	1E-10	1E10	1E-30	1E-10	1E10	1E-30	1E-10	1E10	1E-30	1E-10	1E10	1E-30	1E-10	1E10	1E-30	1E-10	1E10	1E-30	1E-10	1E10	1E-30	1E-10	1E10	1E-30	1E-10
7	4E-12	1E10	1E11	1E-30	3.92456381428421E-10	1E10	1E-30	1E10	0.143111664113345	1E-30	1.13726819331604E-10	0.256646455958239	8.50350146206275E-12	4.97875580581105E-11	22.812606342059	7.5787536554851E-12	4.43732078266793E-11	131.272847639716	1E10	1E-30	1E-10	1E10	1E-30	1E-10	1E10	1E-30	1E-10	1E10	1E-30	1E-10	1E10	1E-30	1E-10	1E10	1E-30	1E-10	1E10	1E-30	1E-10	1E10	1E-30	1E-10	1E10	1E-30	1E-10	1E10	1E-30	1E-10	1E10	1E-30	1E-10	1E10	1E-30	1E-10
8	4E-12	1E10	1E11	1E-30	3.92456381428421E-10	1E10	1E-30	1E10	0.143111664113345	1E-30	1.13726819331604E-10	0.256646455958239	8.50350146206275E-12	4.97875580581105E-11	22.812606342059	7.5787536554851E-12	4.43732078266793E-11	131.272847639716	1E10	1E-30	1E-10	1E10	1E-30	1E-10	1E10	1E-30	1E-10	1E10	1E-30	1E-10	1E10	1E-30	1E-10	1E10	1E-30	1E-10	1E10	1E-30	1E-10	1E10	1E-30	1E-10	1E10	1E-30	1E-10	1E10	1E-30	1E-10	1E10	1E-30	1E-10	1E10	1E-30	1E-10
9	5E-12	1E10	1E11	1E-30	2.41327600548824E-10	1E10	1E-30	1E10	0.125	1E-30	5.72167786389973E-11	0.182387798508751	1.38484044626375E-11	4.42658291697871E-11	24.7311636586054	1.94034672341349E-12	1.64787046642867E-10	97.2374058728849	1E10	1E-30	1E-10	1E10	1E-30	1E-10	1E10	1E-30	1E-10	1E10	1E-30	1E-10	1E10	1E-30	1E-10	1E10	1E-30	1E-10	1E10	1E-30	1E-10	1E10	1E-30	1E-10	1E10	1E-30	1E-10	1E10	1E-30	1E-10	1E10	1E-30	1E-10	1E10	1E-30	1E-10
10	5E-12	1E10	1E11	1E-30	2.41327600548824E-10	1E10	1E-30	1E10	0.125	1E-30	5.72167786389973E-11	0.182387798508751	1.38484044626375E-11	4.42658291697871E-11	24.7311636586054	1.94034672341349E-12	1.64787046642867E-10	97.2374058728849	1E10	1E-30	1E-10	1E10	1E-30	1E-10	1E10	1E-30	1E-10	1E10	1E-30	1E-10	1E10	1E-30	1E-10	1E10	1E-30	1E-10	1E10	1E-30	1E-10	1E10	1E-30	1E-10	1E10	1E-30	1E-10	1E10	1E-30	1E-10	1E10	1E-30	1E-10	1E10	1E-30	1E-10
11	6E-12	1E10	1E11	1E-30	3.39679732434482E-10	1E10	1E-30	1E10	0.11	1E-30	8.14718919810041E-11	0.230552047636998	2.29200020160277E-09	4.21373205590215E-13	0.188184483088639	2.26276845222724E-11	2.4956161879978E-11	7.73871018759532	2.91998546084853E-12	1.1032781457662E-10	67.6600036154824	1E10	1E-30	1E-10	1E10	1E-30	1E-10	1E10	1E-30	1E-10	1E10	1E-30	1E-10	1E10	1E-30	1E-10	1E10	1E-30	1E-10	1E10	1E-30	1E-10	1E10	1E-30	1E-10	1E10	1E-30	1E-10	1E10	1E-30	1E-10	1E10	1E-30	1E-10
12	6E-12	1E10	1E11	1E-30	3.39679732434482E-10	1E10	1E-30	1E10	0.11	1E-30	8.14718919810041E-11	0.230552047636998	2.29200020160277E-09	4.21373205590215E-13	0.188184483088639	2.26276845222724E-11	2.4956161879978E-11	7.73871018759532	2.91998546084853E-12	1.1032781457662E-10	67.6600036154824	1E10	1E-30	1E-10	1E10	1E-30	1E-10	1E10	1E-30	1E-10	1E10	1E-30	1E-10	1E10	1E-30	1E-10	1E10	1E-30	1E-10	1E10	1E-30	1E-10	1E10	1E-30	1E-10	1E10	1E-30	1E-10	1E10	1E-30	1E-10	1E10	1E-30	1E-10
13	7E-12	1E10	1E11	1E-30	3.75028737874522E-10	1E10	1E-30	1E10	0.107493532341932	1E-30	9.00357580338815E-11	0.208357852604435	3.10145531460221E-12	1.10063632491148E-10	55.5535301441378	1E10	1E-30	1E-10	1E10	1E-30	1E-10	1E10	1E-30	1E-10	1E10	1E-30	1E-10	1E10	1E-30	1E-10	1E10	1E-30	1E-10	1E10	1E-30	1E-10	1E10	1E-30	1E-10	1E10	1E-30	1E-10	1E10	1E-30	1E-10	1E10	1E-30	1E-10	1E10	1E-30	1E-10	1E10	1E-30	1E-10
14	7E-12	1E10	1E11	1E-30	3.75028737874522E-10	1E10	1E-30	1E10	0.107493532341932	1E-30	9.00357580338815E-11	0.208357852604435	3.10145531460221E-12	1.10063632491148E-10	55.5535301441378	1E10	1E-30	1E-10	1E10	1E-30	1E-10	1E10	1E-30	1E-10	1E10	1E-30	1E-10	1E10	1E-30	1E-10	1E10	1E-30	1E-10	1E10	1E-30	1E-10	1E10	1E-30	1E-10	1E10	1E-30	1E-10	1E10	1E-30	1E-10	1E10	1E-30	1E-10	1E10	1E-30	1E-10	1E10	1E-30	1E-10
15	8E-12	1E10	1E11	1E-30	2.83380447315368E-10	1E10	1E-30	1E10	0.107895283993489	1E-30	6.02912269570165E-11	0.181912965662289	3.98010931278115E-11	2.31555131802713E-11	12.1296268656408	6.69607952146115E-12	6.18367460594433E-11	22.2209357186105	2.57751019605324E-12	1.0422113707023E-10	117.447062559819	1E10	1E-30	1E-10	1E10	1E-30	1E-10	1E10	1E-30	1E-10	1E10	1E-30	1E-10	1E10	1E-30	1E-10	1E10	1E-30	1E-10	1E10	1E-30	1E-10	1E10	1E-30	1E-10	1E10	1E-30	1E-10	1E10	1E-30	1E-10	1E10	1E-30	1E-10
16	8E-12	1E10	1E11	1E-30	2.83380447315368E-10	1E10	1E-30	1E10	0.107895283993489	1E-30	6.02912269570165E-11	0.181912965662289	3.98010931278115E-11	2.31555131802713E-11	12.1296268656408	6.69607952146115E-12	6.18367460594433E-11	22.2209357186105	2.57751019605324E-12	1.0422113707023E-10	117.447062559819	1E10	1E-30	1E-10	1E10	1E-30	1E-10	1E10	1E-30	1E-10	1E10	1E-30	1E-10	1E10	1E-30	1E-10	1E10	1E-30	1E-10	1E10	1E-30	1E-10	1E10	1E-30	1E-10	1E10	1E-30	1E-10	1E10	1E-30	1E-10	1E10	1E-30	1E-10
17	9E-12	1E10	1E11	1E-30	3.56093116206897E-10	1E10	1E-30	1E10	0.101635426080075	1E-30	7.4083164914689E-11	0.187582321319866	4.73624440602688E-11	2.21391563592571E-11	9.56408156514475	8.5223632929943E-12	5.44905506314073E-11	18.8604687003444	8.92400990095541E-12	3.6001549780497E-11	23.7439233252121	1E10	1E-30	1E-10	1E10	1E-30	1E-10	1E10	1E-30	1E-10	1E10	1E-30	1E-10	1E10	1E-30	1E-10	1E10	1E-30	1E-10	1E10	1E-30	1E-10	1E10	1E-30	1E-10	1E10	1E-30	1E-10	1E10	1E-30	1E-10	1E10	1E-30	1E-10
18	9E-12	1E10	1E11	1E-30	3.56093116206897E-10	1E10	1E-30	1E10	0.101635426080075	1E-30	7.4083164914689E-11	0.187582321319866	4.73624440602688E-11	2.21391563592571E-11	9.56408156514475	8.5223632929943E-12	5.44905506314073E-11	18.8604687003444	8.92400990095541E-12	3.6001549780497E-11	23.7439233252121	1E10	1E-30	1E-10	1E10	1E-30	1E-10	1E10	1E-30	1E-10	1E10	1E-30	1E-10	1E10	1E-30	1E-10	1E10	1E-30	1E-10	1E10	1E-30	1E-10	1E10	1E-30	1E-10	1E10	1E-30	1E-10	1E10	1E-30	1E-10	1E10	1E-30	1E-10
19	1E-11	1E10	1E11	1E-30	1.38284128975377E-10	1E10	1E-30	1E10	0.327137394032489	1E-30	4.34465397341088E-11	1.43762545124106	7.63555678168032E-12	8.81124118119577E-11	19.4952805794463	8.62427209896177E-12	5.79362038708309E-11	10.3029498232398	7.04910936495201E-13	3.07067234794758E-10	1E5	1E10	1E-30	1E-10	1E10	1E-30	1E-10	1E10	1E-30	1E-10	1E10	1E-30	1E-10	1E10	1E-30	1E-10	1E10	1E-30	1E-10	1E10	1E-30	1E-10	1E10	1E-30	1E-10	1E10	1E-30	1E-10	1E10	1E-30	1E-10	1E10	1E-30	1E-10
20	1E-11	1E10	1E11	1E-30	1.38284128975377E-10	1E10	1E-30	1E10	0.327137394032489	1E-30	4.34465397341088E-11	1.43762545124106	7.63555678168032E-12	8.81124118119577E-11	19.4952805794463	8.62427209896177E-12	5.79362038708309E-11	10.3029498232398	7.04910936495201E-13	3.07067234794758E-10	1E5	1E10	1E-30	1E-10	1E10	1E-30	1E-10	1E10	1E-30	1E-10	1E10	1E-30	1E-10	1E10	1E-30	1E-10	1E10	1E-30	1E-10	1E10	1E-30	1E-10	1E10	1E-30	1E-10	1E10	1E-30	1E-10	1E10	1E-30	1E-10	1E10	1E-30	1E-10
21	1.2E-11	1E10	1E11	1E-30	3E-11	1E10	1E-30	1E10	0.36	7.41522840377758E-13	4.61869015000534E-10	351.370852213776	1.58152094347428E-11	7.40729105978908E-11	10.6130128504323	1E10	1E-30	1E-10	1E10	1E-30	1E-10	1E10	1E-30	1E-10	1E10	1E-30	1E-10	1E10	1E-30	1E-10	1E10	1E-30	1E-10	1E10	1E-30	1E-10	1E10	1E-30	1E-10	1E10	1E-30	1E-10	1E10	1E-30	1E-10	1E10	1E-30	1E-10	1E10	1E-30	1E-10	1E10	1E-30	1E-10
22	1.2E-11	1E10	1E11	1E-30	3E-11	1E10	1E-30	1E10	0.36	7.41522840377758E-13	4.61869015000534E-10	351.370852213776	1.58152094347428E-11	7.40729105978908E-11	10.6130128504323	1E10	1E-30	1E-10	1E10	1E-30	1E-10	1E10	1E-30	1E-10	1E10	1E-30	1E-10	1E10	1E-30	1E-10	1E10	1E-30	1E-10	1E10	1E-30	1E-10	1E10	1E-30	1E-10	1E10	1E-30	1E-10	1E10	1E-30	1E-10	1E10	1E-30	1E-10	1E10	1E-30	1E-10	1E10	1E-30	1E-10
23	1.5E-11	1E10	1E11	1E-30	4.49779311987336E-11	1E10	1E-30	1E10	0.17	1E-30	3.49418227203906E-11	0.268276502762433	9.94812145169288E-11	1.78649191163938E-11	1.86751671843189	5.76597709179909E-12	6.78588203339597E-11	12.1345256919261	4.93441732238105E-13	3.99764490547259E-10	1E5	1E10	1E-30	1E-10	1E10	1E-30	1E-10	1E10	1E-30	1E-10	1E10	1E-30	1E-10	1E10	1E-30	1E-10	1E10	1E-30	1E-10	1E10	1E-30	1E-10	1E10	1E-30	1E-10	1E10	1E-30	1E-10	1E10	1E-30	1E-10	1E10	1E-30	1E-10
24	1.5E-11	1E10	1E11	1E-30	5.24807460249772E-12	1E10	1E-30	1E10	0.245735762709238	1E-30	1.47834180951103E-10	43.671875408596	1E-30	5.03286519525198E-12	6.51841182039918E-02	1.81678697402242E-10	9.86904760711576E-12	0.976089089464129	3.90025980466894E-12	1.00497970627807E-10	17.7777198063374	9.64574970114753E-13	2.69082435201947E-10	1E5	1E10	1E-30	1E-10	1E10	1E-30	1E-10	1E10	1E-30	1E-10	1E10	1E-30	1E-10	1E10	1E-30	1E-10	1E10	1E-30	1E-10	1E10	1E-30	1E-10	1E10	1E-30	1E-10	1E10	1E-30	1E-10	1E10	1E-30	1E-10
25	1.8E-11	1E10	1E11	1E-30	7E-12	1E10	1E-30	1E10	0.25	1E-30	2.90070820003992E-11	0.136692653571796	5E-13	4.32E-10	1E10	1.19889289809994E-11	3.30126130724554E-11	3.96728901195025	3.47106421865445E-11	2.32702774070844E-11	3.05679436365275	8.2888750892581E-11	2.1731121142231E-11	1.99727030819609	1E10	1E-30	1E-10	1E10	1E-30	1E-10	1E10	1E-30	1E-10	1E10	1E-30	1E-10	1E10	1E-30	1E-10	1E10	1E-30	1E-10	1E10	1E-30	1E-10	1E10	1E-30	1E-10	1E10	1E-30	1E-10	1E10	1E-30	1E-10
26	1.8E-11	1E10	1E11	1E-30	7E-12	1E10	1E-30	1E10	0.25	1E-30	2.90070820003992E-11	0.136692653571796	5E-13	4.32E-10	1E10	1.19889289809994E-11	3.30126130724554E-11	3.96728901195025	3.47106421865445E-11	2.32702774070844E-11	3.05679436365275	8.2888750892581E-11	2.1731121142231E-11	1.99727030819609	1E10	1E-30	1E-10	1E10	1E-30	1E-10	1E10	1E-30	1E-10	1E10	1E-30	1E-10	1E10	1E-30	1E-10	1E10	1E-30	1E-10	1E10	1E-30	1E-10	1E10	1E-30	1E-10	1E10	1E-30	1E-10	1E10	1E-30	1E-10
27	2.2E-11	1E10	1E11	1E-30	2.52138956691929E-10	1E10	1E-30	1E10	0.207057639690432	1E-30	2.23151479499232E-11	0.406908537423549	4.01225118539944E-10	6.39970351768057E-12	0.725908885742859	2.69891753896834E-11	2.53397711443096E-11	2.85930565746769	1.34244053554203E-11	2.99505399615002E-11	4.7086355651047	1.2904953557592E-12	1.92434814514614E-10	1E5	1E10	1E-30	1E-10	1E10	1E-30	1E-10	1E10	1E-30	1E-10	1E10	1E-30	1E-10	1E10	1E-30	1E-10	1E10	1E-30	1E-10	1E10	1E-30	1E-10	1E10	1E-30	1E-10	1E10	1E-30	1E-10	1E10	1E-30	1E-10
28	2.2E-11	1E10	1E11	1E-30	2.52138956691929E-10	1E10	1E-30	1E10	0.207057639690432	1E-30	2.23151479499232E-11	0.406908537423549	4.01225118539944E-10	6.39970351768057E-12	0.725908885742859	2.69891753896834E-11	2.53397711443096E-11	2.85930565746769	1.34244053554203E-11	2.99505399615002E-11	4.7086355651047	1.2904953557592E-12	1.92434814514614E-10	1E5	1E10	1E-30	1E-10	1E10	1E-30	1E-10	1E10	1E-30	1E-10	1E10	1E-30	1E-10	1E10	1E-30	1E-10	1E10	1E-30	1E-10	1E10	1E-30	1E-10	1E10	1E-30	1E-10	1E10	1E-30	1E-10	1E10	1E-30	1E-10
29	2.7E-11	1E10	1E11	1E-30	5E-12	1E10	1E-30	1E10	0.2	1E-30	1.0351256152616E-11	0.111495189546805	3E-13	4.3E-10	1E10	9.22151104117827E-12	3.80189677566712E-11	3.33944422474594	3.29565201889611E-11	3.07438962188354E-11	3.18982053430436	1.76903287940395E-10	1.76284707122511E-11	1.71680537311583	1E10	1E-30	1E-10	1E10	1E-30	1E-10	1E10	1E-30	1E-10	1E10	1E-30	1E-10	1E10	1E-30	1E-10	1E10	1E-30	1E-10	1E10	1E-30	1E-10	1E10	1E-30	1E-10	1E10	1E-30	1E-10	1E10	1E-30	1E-10
30	2.7E-11	1E10	1E11	1E-30	5E-12	1E10	1E-30	1E10	0.2	1E-30	1.0351256152616E-11	0.111495189546805	3E-13	4.3E-10	1E10	9.22151104117827E-12	3.80189677566712E-11	3.33944422474594	3.29565201889611E-11	3.07438962188354E-11	3.18982053430436	1.76903287940395E-10	1.76284707122511E-11	1.71680537311583	1E10	1E-30	1E-10	1E10	1E-30	1E-10	1E10	1E-30	1E-10	1E10	1E-30	1E-10	1E10	1E-30	1E-10	1E10	1E-30	1E-10	1E10	1E-30	1E-10	1E10	1E-30	1E-10	1E10	1E-30	1E-10	1E10	1E-30	1E-10
31	3.3E-11	1E10	1E11	1E-30	1.97425780224364E-10	1E10	1E-30	1E10	0.188838811769125	1E-30	2.08693904201447E-11	0.293995989355967	1.81709010763308E-10	2.01832384681156E-11	2.22407707669578	8.98103146517188E-11	1.2252915736198E-11	1.58834195867039	9.58713376900718E-12	4.42798838203926E-11	6.68843585927234	9.50529890304729E-13	2.55313813968523E-10	1411088548.92184	1E10	1E-30	1E-10	1E10	1E-30	1E-10	1E10	1E-30	1E-10	1E10	1E-30	1E-10	1E10	1E-30	1E-10	1E10	1E-30	1E-10	1E10	1E-30	1E-10	1E10	1E-30	1E-10	1E10	1E-30	1E-10	1E10	1E-30	1E-10
32	3.3E-11	1E10	1E11	1E-30	1.97425780224364E-10	1E10	1E-30	1E10	0.188838811769125	1E-30	2.08693904201447E-11	0.293995989355967	1.81709010763308E-10	2.01832384681156E-11	2.22407707669578	8.98103146517188E-11	1.2252915736198E-11	1.58834195867039	9.58713376900718E-12	4.42798838203926E-11	6.68843585927234	9.50529890304729E-13	2.55313813968523E-10	1411088548.92184	1E10	1E-30	1E-10	1E10	1E-30	1E-10	1E10	1E-30	1E-10	1E10	1E-30	1E-10	1E10	1E-30	1E-10	1E10	1E-30	1E-10	1E10	1E-30	1E-10	1E10	1E-30	1E-10	1E10	1E-30	1E-10	1E10	1E-30	1E-10
33	3.9E-11	1E10	1E11	1E-30	1E-12	1E10	1E-30	1E10	0.18	8.14375092116377E-13	3.55E-10	1E10	4.32853989015976E-12	9.14363465848233E-11	17.158743747531	3.46393086864934E-11	3.61115408428163E-11	3.55537149544477	2.61592907038355E-10	1.79902968442671E-11	1.45250308228822	1E10	1E-30	1E-10	1E10	1E-30	1E-10	1E10	1E-30	1E-10	1E10	1E-30	1E-10	1E10	1E-30	1E-10	1E10	1E-30	1E-10	1E10	1E-30	1E-10	1E10	1E-30	1E-10	1E10	1E-30	1E-10	1E10	1E-30	1E-10	1E10	1E-30	1E-10
34	3.9E-11	1E10	1E11	1E-30	1E-12	1E10	1E-30	1E10	0.18	8.14375092116377E-13	3.55E-10	1E10	4.32853989015976E-12	9.14363465848233E-11	17.158743747531	3.46393086864934E-11	3.61115408428163E-11	3.55537149544477	2.61592907038355E-10	1.79902968442671E-11	1.45250308228822	1E10	1E-30	1E-10	1E10	1E-30	1E-10	1E10	1E-30	1E-10	1E10	1E-30	1E-10	1E10	1E-30	1E-10	1E10	1E-30	1E-10	1E10	1E-30	1E-10	1E10	1E-30	1E-10	1E10	1E-30	1E-10	1E10	1E-30	1E-10	1E10	1E-30	1E-10
35	4.7E-11	1E10	1E11	1E-30	6.76599539972257E-11	1E10	1E-30	1E10	0.1510710494153	1E-30	2.90628827680759E-11	2.4768910740973	3.18231076281388E-10	1.89337865528364E-11	1.57743829667242	5.05700882381941E-11	3.41229224848268E-11	2.35718487205874	1.18014730003713E-11	3.87162341374275E-11	4.80675914242513	6.00495417451372E-13	3.13711467267869E-10	1E5	1E10	1E-30	1E-10	1E10	1E-30	1E-10	1E10	1E-30	1E-10	1E10	1E-30	1E-10	1E10	1E-30	1E-10	1E10	1E-30	1E-10	1E10	1E-30	1E-10	1E10	1E-30	1E-10	1E10	1E-30	1E-10	1E10	1E-30	1E-10
36	4.7E-11	1E10	1E11	1E-30	6.76599539972257E-11	1E10	1E-30	1E10	0.1510710494153	1E-30	2.90628827680759E-11	2.4768910740973	3.18231076281388E-10	1.89337865528364E-11	1.57743829667242	5.05700882381941E-11	3.41229224848268E-11	2.35718487205874	1.18014730003713E-11	3.87162341374275E-11	4.80675914242513	6.00495417451372E-13	3.13711467267869E-10	1E5	1E10	1E-30	1E-10	1E10	1E-30	1E-10	1E10	1E-30	1E-10	1E10	1E-30	1E-10	1E10	1E-30	1E-10	1E10	1E-30	1E-10	1E10	1E-30	1E-10	1E10	1E-30	1E-10	1E10	1E-30	1E-10	1E10	1E-30	1E-10
37	5.6E-11	1E10	1E11	1E-30	1E-12	1E10	1E-30	1E10	0.19	1E-30	6.82096262811005E-11	5.32333675322098	6.97352059019663E-13	5.29818967741424E-10	449.458522347793	9.78351096837393E-11	1.22126431161934E-11	1.25135935041329	6.52344287022578E-10	9.2396533499043E-12	0.578655911235253	1E10	1E-30	1E-10	1E10	1E-30	1E-10	1E10	1E-30	1E-10	1E10	1E-30	1E-10	1E10	1E-30	1E-10	1E10	1E-30	1E-10	1E10	1E-30	1E-10	1E10	1E-30	1E-10	1E10	1E-30	1E-10	1E10	1E-30	1E-10	1E10	1E-30	1E-10
38	5.6E-11	1E10	1E11	1E-30	1E-12	1E10	1E-30	1E10	0.19	1E-30	6.82096262811005E-11	5.32333675322098	6.97352059019663E-13	5.29818967741424E-10	449.458522347793	9.78351096837393E-11	1.22126431161934E-11	1.25135935041329	6.52344287022578E-10	9.2396533499043E-12	0.578655911235253	1E10	1E-30	1E-10	1E10	1E-30	1E-10	1E10	1E-30	1E-10	1E10	1E-30	1E-10	1E10	1E-30	1E-10	1E10	1E-30	1E-10	1E10	1E-30	1E-10	1E10	1E-30	1E-10	1E10	1E-30	1E-10	1E10	1E-30	1E-10	1E10	1E-30	1E-10
39	6.8E-11	1E10	1E11	1E-30	7.38023368484963E-11	1E10	1E-30	1E10	0.140987706592743	1E-30	2.20967474370277E-11	0.250937422068169	4.99491025397611E-10	1.52674003349113E-11	0.902575975414071	1.53166521725166E-10	1.33242553995058E-11	0.862680100228234	1.31987029628183E-10	7.73956558797899E-12	1.08614286785938	1.2884056428335E-11	3.12066460817926E-11	3.09554782261385	4.1342104068429E-13	4.25775408218568E-10	151356.12484362	1E10	1E-30	1E-10	1E10	1E-30	1E-10	1E10	1E-30	1E-10	1E10	1E-30	1E-10	1E10	1E-30	1E-10	1E10	1E-30	1E-10	1E10	1E-30	1E-10	1E10	1E-30	1E-10	1E10	1E-30	1E-10
40	6.8E-11	1E10	1E11	1E-30	7.38023368484963E-11	1E10	1E-30	1E10	0.140987706592743	1E-30	2.20967474370277E-11	0.250937422068169	4.99491025397611E-10	1.52674003349113E-11	0.902575975414071	1.53166521725166E-10	1.33242553995058E-11	0.862680100228234	1.31987029628183E-10	7.73956558797899E-12	1.08614286785938	1.2884056428335E-11	3.12066460817926E-11	3.09554782261385	4.1342104068429E-13	4.25775408218568E-10	151356.12484362	1E10	1E-30	1E-10	1E10	1E-30	1E-10	1E10	1E-30	1E-10	1E10	1E-30	1E-10	1E10	1E-30	1E-10	1E10	1E-30	1E-10	1E10	1E-30	1E-10	1E10	1E-30	1E-10	1E10	1E-30	1E-10
41	8.2E-11	1E10	1E11	1E-30	1.8E-11	1E10	1E-30	1E10	0.14	1E-30	8.62791941469623E-11	3.04935842800962	7.57307733887547E-13	3.7164249055671E-10	1E10	4.90779036003562E-12	7.67585134386646E-11	12.4453562949358	5.16138333286611E-10	5.0078126459817E-12	0.440510207736765	6.77496106650002E-10	1.39009910391837E-11	0.801580056191514	1E10	1E-30	1E-10	1E10	1E-30	1E-10	1E10	1E-30	1E-10	1E10	1E-30	1E-10	1E10	1E-30	1E-10	1E10	1E-30	1E-10	1E10	1E-30	1E-10	1E10	1E-30	1E-10	1E10	1E-30	1E-10	1E10	1E-30	1E-10
42	8.2E-11	1E10	1E11	1E-30	1.8E-11	1E10	1E-30	1E10	0.14	1E-30	8.62791941469623E-11	3.04935842800962	7.57307733887547E-13	3.7164249055671E-10	1E10	4.90779036003562E-12	7.67585134386646E-11	12.4453562949358	5.16138333286611E-10	5.0078126459817E-12	0.440510207736765	6.77496106650002E-10	1.39009910391837E-11	0.801580056191514	1E10	1E-30	1E-10	1E10	1E-30	1E-10	1E10	1E-30	1E-10	1E10	1E-30	1E-10	1E10	1E-30	1E-10	1E10	1E-30	1E-10	1E10	1E-30	1E-10	1E10	1E-30	1E-10	1E10	1E-30	1E-10	1E10	1E-30	1E-10
43	1E-10	1E10	1E11	1E-30	7.24968992102207E-11	1E10	1E-30	1E10	0.12	1E-30	8.78764420640307E-12	3.34443471974675E-02	9.42094970844681E-10	8.77843620276436E-12	0.315721210270926	9.53273856081999E-11	2.92528245888873E-11	1.59155125938389	8.94446871239671E-13	2.65146282395167E-10	1E5	9.24633708274683E-13	2.28471845578342E-10	60.3467561457762	1E10	1E-30	1E-10	1E10	1E-30	1E-10	1E10	1E-30	1E-10	1E10	1E-30	1E-10	1E10	1E-30	1E-10	1E10	1E-30	1E-10	1E10	1E-30	1E-10	1E10	1E-30	1E-10	1E10	1E-30	1E-10	1E10	1E-30	1E-10
44	1E-10	1E10	1E11	1E-30	7.24968992102207E-11	1E10	1E-30	1E10	0.12	1E-30	8.78764420640307E-12	3.34443471974675E-02	9.42094970844681E-10	8.77843620276436E-12	0.315721210270926	9.53273856081999E-11	2.92528245888873E-11	1.59155125938389	8.94446871239671E-13	2.65146282395167E-10	1E5	9.24633708274683E-13	2.28471845578342E-10	60.3467561457762	1E10	1E-30	1E-10	1E10	1E-30	1E-10	1E10	1E-30	1E-10	1E10	1E-30	1E-10	1E10	1E-30	1E-10	1E10	1E-30	1E-10	1E10	1E-30	1E-10	1E10	1E-30	1E-10	1E10	1E-30	1E-10	1E10	1E-30	1E-10
45	1.2E-10	1E10	1E11	1E-30	1E-12	1E10	1E-30	1E10	0.12	1E-30	1.12479205630904E-10	6.05766593299997	6.68901783669251E-13	4.16137177254036E-10	1E10	1.0016903533407E-11	3.95117984597646E-11	6.08348710086454	1.48052100686858E-10	2.8503193469219E-11	1.41757293045758	1.30805211356329E-09	8.60662138523297E-12	0.336365440903594	1E10	1E-30	1E-10	1E10	1E-30	1E-10	1E10	1E-30	1E-10	1E10	1E-30	1E-10	1E10	1E-30	1E-10	1E10	1E-30	1E-10	1E10	1E-30	1E-10	1E10	1E-30	1E-10	1E10	1E-30	1E-10	1E10	1E-30	1E-10
46	1.2E-10	1E10	1E11	1E-30	1E-12	1E10	1E-30	1E10	0.12	1E-30	1.12479205630904E-10	6.05766593299997	6.68901783669251E-13	4.16137177254036E-10	1E10	1.0016903533407E-11	3.95117984597646E-11	6.08348710086454	1.48052100686858E-10	2.8503193469219E-11	1.41757293045758	1.30805211356329E-09	8.60662138523297E-12	0.336365440903594	1E10	1E-30	1E-10	1E10	1E-30	1E-10	1E10	1E-30	1E-10	1E10	1E-30	1E-10	1E10	1E-30	1E-10	1E10	1E-30	1E-10	1E10	1E-30	1E-10	1E10	1E-30	1E-10	1E10	1E-30	1E-10	1E10	1E-30	1E-10
47	1.5E-10	1E10	1E11	1E-30	3.37790140908693E-10	1E10	1E-30	1E10	9.51332684678457E-02	1E-30	8.52311317108697E-11	1.91184815062736	1.88641459992322E-09	7.91355946781189E-12	0.364686044684592	3.05768810201866E-10	1.88897556337416E-11	0.991243069044186	3.22289014046253E-11	1.24753923197392E-11	2.46913385432762	2.0095193155446E-12	1.23579919086367E-10	1E5	1E10	1E-30	1E-10	1E10	1E-30	1E-10	1E10	1E-30	1E-10	1E10	1E-30	1E-10	1E10	1E-30	1E-10	1E10	1E-30	1E-10	1E10	1E-30	1E-10	1E10	1E-30	1E-10	1E10	1E-30	1E-10	1E10	1E-30	1E-10
48	1.5E-10	1E10	1E11	1E-30	3.37790140908693E-10	1E10	1E-30	1E10	9.51332684678457E-02	1E-30	8.52311317108697E-11	1.91184815062736	1.88641459992322E-09	7.91355946781189E-12	0.364686044684592	3.05768810201866E-10	1.88897556337416E-11	0.991243069044186	3.22289014046253E-11	1.24753923197392E-11	2.46913385432762	2.0095193155446E-12	1.23579919086367E-10	1E5	1E10	1E-30	1E-10	1E10	1E-30	1E-10	1E10	1E-30	1E-10	1E10	1E-30	1E-10	1E10	1E-30	1E-10	1E10	1E-30	1E-10	1E10	1E-30	1E-10	1E10	1E-30	1E-10	1E10	1E-30	1E-10	1E10	1E-30	1E-10
49	1.8E-10	1E10	1E11	1E-30	5E-11	1E10	1E-30	1E10	0.08	1E-30	1.23345004883802E-10	4.64999713439943	8.18472914358461E-13	3.29E-10	1E10	3.17591640513281E-11	1.24620998513444E-11	2.33861025611949	2.69604759653913E-10	2.89979767977056E-11	1.31847138290236	1.2265227416542E-09	1.56159704121833E-11	0.619314352426576	1E10	1E-30	1E-10	1E10	1E-30	1E-10	1E10	1E-30	1E-10	1E10	1E-30	1E-10	1E10	1E-30	1E-10	1E10	1E-30	1E-10	1E10	1E-30	1E-10	1E10	1E-30	1E-10	1E10	1E-30	1E-10	1E10	1E-30	1E-10
50	1.8E-10	1E10	1E11	1E-30	5E-11	1E10	1E-30	1E10	0.08	1E-30	1.23345004883802E-10	4.64999713439943	8.18472914358461E-13	3.29E-10	1E10	3.17591640513281E-11	1.24620998513444E-11	2.33861025611949	2.69604759653913E-10	2.89979767977056E-11	1.31847138290236	1.2265227416542E-09	1.56159704121833E-11	0.619314352426576	1E10	1E-30	1E-10	1E10	1E-30	1E-10	1E10	1E-30	1E-10	1E10	1E-30	1E-10	1E10	1E-30	1E-10	1E10	1E-30	1E-10	1E10	1E-30	1E-10	1E10	1E-30	1E-10	1E10	1E-30	1E-10	1E10	1E-30	1E-10
51	2.2E-10	1E10	1E11	1E-30	2.59892876493705E-10	1E10	1E-30	1E10	9.53687352286137E-02	1.60787484876007E-09	1.25641108032186E-11	0.289816298759957	2.00297186186292E-10	3.58508742434787E-11	1.08212521913344	1.70195660806668E-10	1.3246165534182E-11	0.694157198794047	2.01758248287181E-11	2.44094131201176E-11	1.39656386373054	6.58737918183446E-13	2.83567443137959E-10	1E5	1E10	1E-30	1E-10	1E10	1E-30	1E-10	1E10	1E-30	1E-10	1E10	1E-30	1E-10	1E10	1E-30	1E-10	1E10	1E-30	1E-10	1E10	1E-30	1E-10	1E10	1E-30	1E-10	1E10	1E-30	1E-10	1E10	1E-30	1E-10
52	2.2E-10	1E10	1E11	1E-30	2.59892876493705E-10	1E10	1E-30	1E10	9.53687352286137E-02	1.60787484876007E-09	1.25641108032186E-11	0.289816298759957	2.00297186186292E-10	3.58508742434787E-11	1.08212521913344	1.70195660806668E-10	1.3246165534182E-11	0.694157198794047	2.01758248287181E-11	2.44094131201176E-11	1.39656386373054	6.58737918183446E-13	2.83567443137959E-10	1E5	1E10	1E-30	1E-10	1E10	1E-30	1E-10	1E10	1E-30	1E-10	1E10	1E-30	1E-10	1E10	1E-30	1E-10	1E10	1E-30	1E-10	1E10	1E-30	1E-10	1E10	1E-30	1E-10	1E10	1E-30	1E-10	1E10	1E-30	1E-10
53	2.7E-10	1E10	1E11	1E-30	2E-12	1E10	1E-30	1E10	0.09	1E-30	1.05059050232145E-10	4.95079110603644	6.54976879822157E-13	4.28999999999999E-10	1E10	1.61002720654302E-11	2.45825581079896E-11	4.61310880178799	8.14514330201781E-10	3.51794680975443E-12	0.244248224356696	2.9213584359912E-10	3.60904270459448E-11	0.912630661528348	3.06658154567259E-09	8.60069593485296E-12	0.310570561332907	1E10	1E-30	1E-10	1E10	1E-30	1E-10	1E10	1E-30	1E-10	1E10	1E-30	1E-10	1E10	1E-30	1E-10	1E10	1E-30	1E-10	1E10	1E-30	1E-10	1E10	1E-30	1E-10	1E10	1E-30	1E-10
54	2.7E-10	1E10	1E11	1E-30	2E-12	1E10	1E-30	1E10	0.09	1E-30	1.05059050232145E-10	4.95079110603644	6.54976879822157E-13	4.28999999999999E-10	1E10	1.61002720654302E-11	2.45825581079896E-11	4.61310880178799	8.14514330201781E-10	3.51794680975443E-12	0.244248224356696	2.9213584359912E-10	3.60904270459448E-11	0.912630661528348	3.06658154567259E-09	8.60069593485296E-12	0.310570561332907	1E10	1E-30	1E-10	1E10	1E-30	1E-10	1E10	1E-30	1E-10	1E10	1E-30	1E-10	1E10	1E-30	1E-10	1E10	1E-30	1E-10	1E10	1E-30	1E-10	1E10	1E-30	1E-10	1E10	1E-30	1E-10
55	3.29999999999999E-10	1E10	1E11	1E-30	1.2614127649275E-10	1E10	1E-30	1E10	8.20085529161721E-02	1E-30	9.00865120986428E-11	1.74194303652275	4.34302837098323E-09	8.34890430953425E-12	0.250587414254042	5.72249704319013E-10	2.58560989194337E-11	0.866392422584892	5.46877119827688E-13	3.45287084153226E-10	1E5	1E10	1E-30	1E-10	1E10	1E-30	1E-10	1E10	1E-30	1E-10	1E10	1E-30	1E-10	1E10	1E-30	1E-10	1E10	1E-30	1E-10	1E10	1E-30	1E-10	1E10	1E-30	1E-10	1E10	1E-30	1E-10	1E10	1E-30	1E-10	1E10	1E-30	1E-10
56	3.29999999999999E-10	1E10	1E11	1E-30	1.2614127649275E-10	1E10	1E-30	1E10	8.20085529161721E-02	1E-30	9.00865120986428E-11	1.74194303652275	4.34302837098323E-09	8.34890430953425E-12	0.250587414254042	5.72249704319013E-10	2.58560989194337E-11	0.866392422584892	5.46877119827688E-13	3.45287084153226E-10	1E5	1E10	1E-30	1E-10	1E10	1E-30	1E-10	1E10	1E-30	1E-10	1E10	1E-30	1E-10	1E10	1E-30	1E-10	1E10	1E-30	1E-10	1E10	1E-30	1E-10	1E10	1E-30	1E-10	1E10	1E-30	1E-10	1E10	1E-30	1E-10	1E10	1E-30	1E-10
57	3.9E-10	1E10	1E11	1E-30	2E-11	1E10	1E-30	1E10	0.06	1E-30	5.4926429342877E-11	0.760326932328803	9.78460936424872E-13	3.85007390976071E-10	320.281042296784	7.59414157623934E-10	7.12714707358773E-12	0.261969936783015	6.21631722323192E-10	2.82972741569544E-11	0.742937536224873	2.68607693123847E-09	1.92453465680662E-11	0.570573068059183	1E10	1E-30	1E-10	1E10	1E-30	1E-10	1E10	1E-30	1E-10	1E10	1E-30	1E-10	1E10	1E-30	1E-10	1E10	1E-30	1E-10	1E10	1E-30	1E-10	1E10	1E-30	1E-10	1E10	1E-30	1E-10	1E10	1E-30	1E-10
58	3.9E-10	1E10	1E11	1E-30	2E-11	1E10	1E-30	1E10	0.06	1E-30	5.4926429342877E-11	0.760326932328803	9.78460936424872E-13	3.85007390976071E-10	320.281042296784	7.59414157623934E-10	7.12714707358773E-12	0.261969936783015	6.21631722323192E-10	2.82972741569544E-11	0.742937536224873	2.68607693123847E-09	1.92453465680662E-11	0.570573068059183	1E10	1E-30	1E-10	1E10	1E-30	1E-10	1E10	1E-30	1E-10	1E10	1E-30	1E-10	1E10	1E-30	1E-10	1E10	1E-30	1E-10	1E10	1E-30	1E-10	1E10	1E-30	1E-10	1E10	1E-30	1E-10	1E10	1E-30	1E-10
59	4.7E-10	1E10	1E11	1E-30	2.03008502156209E-10	1E10	1E-30	1E10	0.055	1E-30	6.05864518375049E-11	1.87270356121026	2.49669104807083E-09	2.56352650940402E-11	0.598551471100399	7.45657909052952E-10	2.86921261283312E-11	0.782737469912391	3.89832011838261E-10	1.57326910280376E-11	0.355791073336521	1.27927747286368E-12	1.70778424028228E-10	1E5	1E10	1E-30	1E-10	1E10	1E-30	1E-10	1E10	1E-30	1E-10	1E10	1E-30	1E-10	1E10	1E-30	1E-10	1E10	1E-30	1E-10	1E10	1E-30	1E-10	1E10	1E-30	1E-10	1E10	1E-30	1E-10	1E10	1E-30	1E-10
60	4.7E-10	1E10	1E11	1E-30	2.03008502156209E-10	1E10	1E-30	1E10	0.055	1E-30	6.05864518375049E-11	1.87270356121026	2.49669104807083E-09	2.56352650940402E-11	0.598551471100399	7.45657909052952E-10	2.86921261283312E-11	0.782737469912391	3.89832011838261E-10	1.57326910280376E-11	0.355791073336521	1.27927747286368E-12	1.70778424028228E-10	1E5	1E10	1E-30	1E-10	1E10	1E-30	1E-10	1E10	1E-30	1E-10	1E10	1E-30	1E-10	1E10	1E-30	1E-10	1E10	1E-30	1E-10	1E10	1E-30	1E-10	1E10	1E-30	1E-10	1E10	1E-30	1E-10	1E10	1E-30	1E-10
61	5.6E-10	1E10	1E11	1E-30	1E-11	1E10	1E-30	1E10	0.045	1E-30	5.40979282677021E-11	1.35962923216192	1.45939051287134E-12	1.92852927203206E-10	1E10	2.63241559244799E-12	1.33182743616981E-10	98.9559251879394	4.84546976071245E-10	1.80886657153957E-11	0.415384348843896	8.98252459061517E-10	2.99708030623885E-11	0.75696603501657	3.07006541312829E-09	2.4109094659758E-11	0.717746835300324	1E10	1E-30	1E-10	1E10	1E-30	1E-10	1E10	1E-30	1E-10	1E10	1E-30	1E-10	1E10	1E-30	1E-10	1E10	1E-30	1E-10	1E10	1E-30	1E-10	1E10	1E-30	1E-10	1E10	1E-30	1E-10
62	5.6E-10	1E10	1E11	1E-30	1E-11	1E10	1E-30	1E10	0.045	1E-30	5.40979282677021E-11	1.35962923216192	1.45939051287134E-12	1.92852927203206E-10	1E10	2.63241559244799E-12	1.33182743616981E-10	98.9559251879394	4.84546976071245E-10	1.80886657153957E-11	0.415384348843896	8.98252459061517E-10	2.99708030623885E-11	0.75696603501657	3.07006541312829E-09	2.4109094659758E-11	0.717746835300324	1E10	1E-30	1E-10	1E10	1E-30	1E-10	1E10	1E-30	1E-10	1E10	1E-30	1E-10	1E10	1E-30	1E-10	1E10	1E-30	1E-10	1E10	1E-30	1E-10	1E10	1E-30	1E-10	1E10	1E-30	1E-10
63	5.6E-10	1E10	1E11	1E-30	1E-11	1E10	1E-30	1E10	0.045	1E-30	5.40979282677021E-11	1.35962923216192	1.45939051287134E-12	1.92852927203206E-10	1E10	2.63241559244799E-12	1.33182743616981E-10	98.9559251879394	4.84546976071245E-10	1.80886657153957E-11	0.415384348843896	8.98252459061517E-10	2.99708030623885E-11	0.75696603501657	3.07006541312829E-09	2.4109094659758E-11	0.717746835300324	1E10	1E-30	1E-10	1E10	1E-30	1E-10	1E10	1E-30	1E-10	1E10	1E-30	1E-10	1E10	1E-30	1E-10	1E10	1E-30	1E-10	1E10	1E-30	1E-10	1E10	1E-30	1E-10	1E10	1E-30	1E-10
64	6.79999999999999E-10	1E10	1E11	1E-30	1.35561646773107E-10	1E10	1E-30	1E10	0.05	1E-30	2.04281000005793E-11	0.920537534270139	1E-30	8.36027401829627E-11	0.586073974157458	6.32132057780594E-09	1.48774488211067E-11	0.390479734826804	1.60944747761217E-09	1.91732196094164E-11	0.531581922316994	7.4486004117242E-13	2.56622276650629E-10	1E5	1E10	1E-30	1E-10	1E10	1E-30	1E-10	1E10	1E-30	1E-10	1E10	1E-30	1E-10	1E10	1E-30	1E-10	1E10	1E-30	1E-10	1E10	1E-30	1E-10	1E10	1E-30	1E-10	1E10	1E-30	1E-10	1E10	1E-30	1E-10
65	6.79999999999999E-10	1E10	1E11	1E-30	1.35561646773107E-10	1E10	1E-30	1E10	0.05	1E-30	2.04281000005793E-11	0.920537534270139	1E-30	8.36027401829627E-11	0.586073974157458	6.32132057780594E-09	1.48774488211067E-11	0.390479734826804	1.60944747761217E-09	1.91732196094164E-11	0.531581922316994	7.4486004117242E-13	2.56622276650629E-10	1E5	1E10	1E-30	1E-10	1E10	1E-30	1E-10	1E10	1E-30	1E-10	1E10	1E-30	1E-10	1E10	1E-30	1E-10	1E10	1E-30	1E-10	1E10	1E-30	1E-10	1E10	1E-30	1E-10	1E10	1E-30	1E-10	1E10	1E-30	1E-10
66	6.79999999999999E-10	1E10	1E11	1E-30	1.35561646773107E-10	1E10	1E-30	1E10	0.05	1E-30	2.04281000005793E-11	0.920537534270139	1E-30	8.36027401829627E-11	0.586073974157458	6.32132057780594E-09	1.48774488211067E-11	0.390479734826804	1.60944747761217E-09	1.91732196094164E-11	0.531581922316994	7.4486004117242E-13	2.56622276650629E-10	1E5	1E10	1E-30	1E-10	1E10	1E-30	1E-10	1E10	1E-30	1E-10	1E10	1E-30	1E-10	1E10	1E-30	1E-10	1E10	1E-30	1E-10	1E10	1E-30	1E-10	1E10	1E-30	1E-10	1E10	1E-30	1E-10	1E10	1E-30	1E-10
67	8.2E-10	1E10	1E11	1E-30	1E-12	1E10	1E-30	1E10	0.035	1E-30	7.88802214598027E-11	0.660825398004406	9.22724055463366E-13	3.05018310375024E-10	1E10	5.85820442773553E-12	5.98463804510599E-11	12.7349396038682	1.66198650077898E-09	7.77600802201804E-12	0.220988941686485	1.55484026211531E-09	2.54550826375197E-11	0.606084636206296	4.93342253893768E-09	2.228483767152E-11	0.520331512433629	1E10	1E-30	1E-10	1E10	1E-30	1E-10	1E10	1E-30	1E-10	1E10	1E-30	1E-10	1E10	1E-30	1E-10	1E10	1E-30	1E-10	1E10	1E-30	1E-10	1E10	1E-30	1E-10	1E10	1E-30	1E-10
68	8.2E-10	1E10	1E11	1E-30	1E-12	1E10	1E-30	1E10	0.035	1E-30	7.88802214598027E-11	0.660825398004406	9.22724055463366E-13	3.05018310375024E-10	1E10	5.85820442773553E-12	5.98463804510599E-11	12.7349396038682	1.66198650077898E-09	7.77600802201804E-12	0.220988941686485	1.55484026211531E-09	2.54550826375197E-11	0.606084636206296	4.93342253893768E-09	2.228483767152E-11	0.520331512433629	1E10	1E-30	1E-10	1E10	1E-30	1E-10	1E10	1E-30	1E-10	1E10	1E-30	1E-10	1E10	1E-30	1E-10	1E10	1E-30	1E-10	1E10	1E-30	1E-10	1E10	1E-30	1E-10	1E10	1E-30	1E-10
69	8.2E-10	1E10	1E11	1E-30	1E-12	1E10	1E-30	1E10	0.035	1E-30	7.88802214598027E-11	0.660825398004406	9.22724055463366E-13	3.05018310375024E-10	1E10	5.85820442773553E-12	5.98463804510599E-11	12.7349396038682	1.66198650077898E-09	7.77600802201804E-12	0.220988941686485	1.55484026211531E-09	2.54550826375197E-11	0.606084636206296	4.93342253893768E-09	2.228483767152E-11	0.520331512433629	1E10	1E-30	1E-10	1E10	1E-30	1E-10	1E10	1E-30	1E-10	1E10	1E-30	1E-10	1E10	1E-30	1E-10	1E10	1E-30	1E-10	1E10	1E-30	1E-10	1E10	1E-30	1E-10	1E10	1E-30	1E-10
70	9.95598084791324E-10	1E10	1E11	1E-30	2.66475620039544E-10	1E10	1E-30	1E10	2.04403200165934E-02	1E-30	7.39151022667996E-11	0.911528569806646	1E-30	6.17875749620847E-11	0.020470453870407	6.37423466788627E-09	2.29230228078618E-11	0.638655952738379	2.12345835086436E-09	2.67166225109743E-11	0.654168020902454	6.92423335246579E-10	2.56629541210801E-11	0.281974837116415	6.15682995174201E-12	4.04529882253122E-11	1E5	1E10	1E-30	1E-10	1E10	1E-30	1E-10	1E10	1E-30	1E-10	1E10	1E-30	1E-10	1E10	1E-30	1E-10	1E10	1E-30	1E-10	1E10	1E-30	1E-10	1E10	1E-30	1E-10	1E10	1E-30	1E-10
71	9.95598084791324E-10	1E10	1E11	1E-30	2.66475620039544E-10	1E10	1E-30	1E10	2.04403200165934E-02	1E-30	7.39151022667996E-11	0.911528569806646	1E-30	6.17875749620847E-11	0.020470453870407	6.37423466788627E-09	2.29230228078618E-11	0.638655952738379	2.12345835086436E-09	2.67166225109743E-11	0.654168020902454	6.92423335246579E-10	2.56629541210801E-11	0.281974837116415	6.15682995174201E-12	4.04529882253122E-11	1E5	1E10	1E-30	1E-10	1E10	1E-30	1E-10	1E10	1E-30	1E-10	1E10	1E-30	1E-10	1E10	1E-30	1E-10	1E10	1E-30	1E-10	1E10	1E-30	1E-10	1E10	1E-30	1E-10	1E10	1E-30	1E-10
72	9.95598084791324E-10	1E10	1E11	1E-30	2.66475620039544E-10	1E10	1E-30	1E10	2.04403200165934E-02	1E-30	7.39151022667996E-11	0.911528569806646	1E-30	6.17875749620847E-11	0.020470453870407	6.37423466788627E-09	2.29230228078618E-11	0.638655952738379	2.12345835086436E-09	2.67166225109743E-11	0.654168020902454	6.92423335246579E-10	2.56629541210801E-11	0.281974837116415	6.15682995174201E-12	4.04529882253122E-11	1E5	1E10	1E-30	1E-10	1E10	1E-30	1E-10	1E10	1E-30	1E-10	1E10	1E-30	1E-10	1E10	1E-30	1E-10	1E10	1E-30	1E-10	1E10	1E-30	1E-10	1E10	1E-30	1E-10	1E10	1E-30	1E-10
73	1.20367691944952E-09	1E10	1E11	1E-30	4.17764162128033E-10	1E10	1E-30	1E10	1.29085021547399E-02	1E-30	2.06888013203692E-11	1.14579710604831	1E-30	5.36998422346284E-11	0.394805243900337	1E-30	6.26504807922561E-11	2.48099384266444E-02	1E-30	2.82881585363715E-10	8.20536491584125E-03	1.30778492578467E-08	9.66469288657609E-12	0.184147886632819	2.12208767757787E-09	2.3571072698525E-11	0.477846345195352	1.37583358862463E-11	2.40664991726453E-11	1E5	1E10	1E-30	1E-10	1E10	1E-30	1E-10	1E10	1E-30	1E-10	1E10	1E-30	1E-10	1E10	1E-30	1E-10	1E10	1E-30	1E-10	1E10	1E-30	1E-10	1E10	1E-30	1E-10
74	1.20367691944952E-09	1E10	1E11	1E-30	4.17764162128033E-10	1E10	1E-30	1E10	1.29085021547399E-02	1E-30	2.06888013203692E-11	1.14579710604831	1E-30	5.36998422346284E-11	0.394805243900337	1E-30	6.26504807922561E-11	2.48099384266444E-02	1E-30	2.82881585363715E-10	8.20536491584125E-03	1.30778492578467E-08	9.66469288657609E-12	0.184147886632819	2.12208767757787E-09	2.3571072698525E-11	0.477846345195352	1.37583358862463E-11	2.40664991726453E-11	1E5	1E10	1E-30	1E-10	1E10	1E-30	1E-10	1E10	1E-30	1E-10	1E10	1E-30	1E-10	1E10	1E-30	1E-10	1E10	1E-30	1E-10	1E10	1E-30	1E-10	1E10	1E-30	1E-10
75	1.20422290518587E-09	1E10	1E11	1E-30	3.11720660389317E-10	1E10	1E-30	1E10	0.010235693761424	1E-30	5.60540305052217E-11	0.509167974006214	1E-30	6.2654790420497E-11	2.60101275273039E-02	1E-30	1.54727541740885E-10	1.00859440648398E-02	1.29618468373173E-08	9.92740613845932E-12	0.15241881827461	1.94857436454747E-09	2.76912411320616E-11	0.482639235511715	3.3055900172178E-12	1.0016819312094E-10	1E5	6.2807607485257E-12	4.44498913037844E-11	9.94948134645495	1E10	1E-30	1E-10	1E10	1E-30	1E-10	1E10	1E-30	1E-10	1E10	1E-30	1E-10	1E10	1E-30	1E-10	1E10	1E-30	1E-10	1E10	1E-30	1E-10	1E10	1E-30	1E-10
76	1.50486193104803E-09	1E10	1E11	1E-30	3.27986131635273E-10	1E10	1E-30	1E10	1.94589438638952E-02	1E-30	5.09631485659787E-11	0.336720162145952	1E-30	8.61328023022021E-11	1.57353540970918E-02	1.06102421149093E-08	1.73847431151397E-11	0.274942292873959	2.4161815365387E-09	3.35288752266613E-11	0.445093734622996	1.62855919647043E-09	1.54153754478424E-11	0.191983820165293	1.08443040154497E-11	2.48911418121097E-11	0.467193931071656	3.12012281155774E-12	7.44965358513732E-11	1E5	1E10	1E-30	1E-10	1E10	1E-30	1E-10	1E10	1E-30	1E-10	1E10	1E-30	1E-10	1E10	1E-30	1E-10	1E10	1E-30	1E-10	1E10	1E-30	1E-10	1E10	1E-30	1E-10
77	1.50486193104803E-09	1E10	1E11	1E-30	3.27986131635273E-10	1E10	1E-30	1E10	1.94589438638952E-02	1E-30	5.09631485659787E-11	0.336720162145952	1E-30	8.61328023022021E-11	1.57353540970918E-02	1.06102421149093E-08	1.73847431151397E-11	0.274942292873959	2.4161815365387E-09	3.35288752266613E-11	0.445093734622996	1.62855919647043E-09	1.54153754478424E-11	0.191983820165293	1.08443040154497E-11	2.48911418121097E-11	0.467193931071656	3.12012281155774E-12	7.44965358513732E-11	1E5	1E10	1E-30	1E-10	1E10	1E-30	1E-10	1E10	1E-30	1E-10	1E10	1E-30	1E-10	1E10	1E-30	1E-10	1E10	1E-30	1E-10	1E10	1E-30	1E-10	1E10	1E-30	1E-10
78	1.50486193104803E-09	1E10	1E11	1E-30	3.27986131635273E-10	1E10	1E-30	1E10	1.94589438638952E-02	1E-30	5.09631485659787E-11	0.336720162145952	1E-30	8.61328023022021E-11	1.57353540970918E-02	1.06102421149093E-08	1.73847431151397E-11	0.274942292873959	2.4161815365387E-09	3.35288752266613E-11	0.445093734622996	1.62855919647043E-09	1.54153754478424E-11	0.191983820165293	1.08443040154497E-11	2.48911418121097E-11	0.467193931071656	3.12012281155774E-12	7.44965358513732E-11	1E5	1E10	1E-30	1E-10	1E10	1E-30	1E-10	1E10	1E-30	1E-10	1E10	1E-30	1E-10	1E10	1E-30	1E-10	1E10	1E-30	1E-10	1E10	1E-30	1E-10	1E10	1E-30	1E-10
79	1.80758272546474E-09	1E10	1E11	1E-30	1.98554773852693E-10	1E10	1E-30	1E10	2.05144553596545E-02	1E-30	5.18831756750566E-11	2.28881663204252E-02	1.64026058854366E-08	1.29010277000857E-11	0.180111687680688	3.02107692028495E-09	2.50420224684259E-11	0.369928647356109	8.33791619622676E-10	2.40479663152561E-11	0.223959848529261	8.65956722930164E-12	4.54909876853829E-11	0.881143954662252	9.60617330875804E-13	2.30642106156346E-10	1E5	1E10	1E-30	1E-10	1E10	1E-30	1E-10	1E10	1E-30	1E-10	1E10	1E-30	1E-10	1E10	1E-30	1E-10	1E10	1E-30	1E-10	1E10	1E-30	1E-10	1E10	1E-30	1E-10	1E10	1E-30	1E-10
80	2.19829421099854E-09	1E10	1E11	1E-30	3.19876179586267E-10	1E10	1E-30	1E10	0.016175370520594	1E-30	4.86904672705766E-11	0.551419980454801	1E-30	7.25850359201506E-11	2.01854576609116E-02	1.7640287388696E-08	1.51073479371029E-11	0.194202012387643	3.10764512721082E-09	3.32570726322854E-11	0.416990532596651	1.79871821014299E-09	1.85035862273303E-11	0.205881211459622	7.69839399307283E-12	3.27317251955733E-11	1E5	3.82485904910189E-12	4.88237426713436E-11	43.8614961217152	1E10	1E-30	1E-10	1E10	1E-30	1E-10	1E10	1E-30	1E-10	1E10	1E-30	1E-10	1E10	1E-30	1E-10	1E10	1E-30	1E-10	1E10	1E-30	1E-10	1E10	1E-30	1E-10
81	2.77641299892456E-09	1E10	1E11	1E-30	3.104922864679E-10	1E10	1E-30	1E10	8.84732073461596E-03	1E-30	6.96977225714867E-11	0.395483536233844	1E-30	5.38772292581321E-11	1.69878913435046E-02	1E-30	1.10306100297379E-10	5.598846637996E-3	2.24889809471878E-08	1.49855602507493E-11	0.227351775961558	4.9293132099229E-09	3.05399396711904E-11	0.375753561206623	5.42747836658895E-09	9.13443860573736E-12	0.131409434218737	3.9475451184534E-12	8.5205984585179E-11	38.3604557195907	1E10	1E-30	1E-10	1E10	1E-30	1E-10	1E10	1E-30	1E-10	1E10	1E-30	1E-10	1E10	1E-30	1E-10	1E10	1E-30	1E-10	1E10	1E-30	1E-10	1E10	1E-30	1E-10
82	3.17311335095579E-09	1E10	1E11	1E-30	2.80412645464199E-10	1E10	1E-30	1E10	0.013	1E-30	6.84571454573975E-11	0.359276683973495	1E-30	5.87006780186074E-11	9.32230284186533E-03	1.87127957160442E-08	2.12376782714503E-11	0.244940511987486	4.91848224942183E-09	3.72992225304698E-11	0.40228230573877	4.76748145910885E-09	1.37085319792021E-11	0.145853806396499	3.75889818896011E-11	9.31620745612724E-12	1.97573900205451	4.05253733429269E-12	6.97657079705162E-11	1E5	1E10	1E-30	1E-10	1E10	1E-30	1E-10	1E10	1E-30	1E-10	1E10	1E-30	1E-10	1E10	1E-30	1E-10	1E10	1E-30	1E-10	1E10	1E-30	1E-10	1E10	1E-30	1E-10
83	3.29553860505956E-09	1E10	1E9	1E-30	1.7447976083822E-10	1E10	1E-30	1E10	0.106483696606723	4.46332463036935E-07	1E10	1332.16890792641	6.76871292189947E-07	1E10	65.2468114923549	5.7710979297021E-07	1E10	13.0184504142574	4.33202415904712E-07	1E10	2.38521152300626	3.84295132303093E-07	1E10	0.5133345609767	2.16794390787324E-07	1E10	0.165870707019989	5.16948105159657E-08	1E10	7.44248288834326E-02	1E-30	6.27116415649696E-11	0.30134443653773	7.47381531035057E-08	4.78483858826952E-12	2.88835427193763E-02	4.36968627963914E-09	3.34504321264776E-11	0.141313749467894	5.64091762263808E-12	1.4236076358791E-10	12.7459566129137	2.66650384818992E-12	1.20150151763468E-10	18.1952749003302	1E10	1E-30	1E-10	1E10	1E-30	1E-10	1E10	1E-30	1E-10
84	3.8355742398372E-09	1E10	1E11	1E-30	3.17470568158494E-10	1E10	1E-30	1E10	7.59765126387253E-03	1E-30	1.023185591364E-10	0.36907772469706	1E-30	5.33824112883435E-11	1.33458684863925E-02	1E-30	1.38096167963766E-10	5.29109157657464E-03	2.12861262465931E-08	2.38791332704282E-11	0.302548575230672	8.42572989360351E-09	2.81593467748904E-11	0.390548541691806	1.69913550927864E-11	2.14516689016797E-11	5.92703236630671	1E10	1E-30	1E-10	1E10	1E-30	1E-10	1E10	1E-30	1E-10	1E10	1E-30	1E-10	1E10	1E-30	1E-10	1E10	1E-30	1E-10	1E10	1E-30	1E-10	1E10	1E-30	1E-10	1E10	1E-30	1E-10
85	4.67203470682293E-09	1E10	1E11	1E-30	4.25114575490099E-10	1E10	1E-30	1E10	9.02154621655959E-03	1E-30	3.63388922959798E-11	0.284575329874066	1E-30	6.79053637600713E-11	2.12137409676941E-02	1E-30	4.07473784860005E-11	2.49378750143034E-03	3.81344202250319E-08	1.26756857443988E-11	0.101367656586917	6.36540884609175E-09	3.14908090917314E-11	0.280998975726931	3.36959495327166E-09	1.73592645168368E-11	0.13313898153254	7.47265081252805E-12	3.27261441554453E-11	2.24746968286082	1E10	1E-30	1E-10	1E10	1E-30	1E-10	1E10	1E-30	1E-10	1E10	1E-30	1E-10	1E10	1E-30	1E-10	1E10	1E-30	1E-10	1E10	1E-30	1E-10	1E10	1E-30	1E-10
86	4.67203470682293E-09	1E10	1E11	1E-30	4.25114575490099E-10	1E10	1E-30	1E10	9.02154621655959E-03	1E-30	3.63388922959798E-11	0.284575329874066	1E-30	6.79053637600713E-11	2.12137409676941E-02	1E-30	4.07473784860005E-11	2.49378750143034E-03	3.81344202250319E-08	1.26756857443988E-11	0.101367656586917	6.36540884609175E-09	3.14908090917314E-11	0.280998975726931	3.36959495327166E-09	1.73592645168368E-11	0.13313898153254	7.47265081252805E-12	3.27261441554453E-11	2.24746968286082	1E10	1E-30	1E-10	1E10	1E-30	1E-10	1E10	1E-30	1E-10	1E10	1E-30	1E-10	1E10	1E-30	1E-10	1E10	1E-30	1E-10	1E10	1E-30	1E-10	1E10	1E-30	1E-10
87	5.59021742171363E-09	1E10	1E11	1E-30	3.54328000601346E-10	1E10	1E-30	1E10	8.3928863436679E-03	1E-30	5.44445869162925E-11	0.335587826344688	1E-30	5.85188344442703E-11	1.80084167733897E-02	1E-30	4.01407811628767E-11	1.78594242097711E-03	3.19015059980566E-08	1.97219392440509E-11	0.13817070348695	8.61037348736662E-09	3.12129014923569E-11	0.27532108732099	5.28175821869727E-09	1.51979371184372E-11	0.115778506374983	8.30472207836753E-12	4.74735868445079E-11	14.6245807997432	1E10	1E-30	1E-10	1E10	1E-30	1E-10	1E10	1E-30	1E-10	1E10	1E-30	1E-10	1E10	1E-30	1E-10	1E10	1E-30	1E-10	1E10	1E-30	1E-10	1E10	1E-30	1E-10
88	5.59021742171363E-09	1E10	1E11	1E-30	3.54328000601346E-10	1E10	1E-30	1E10	8.3928863436679E-03	1E-30	5.44445869162925E-11	0.335587826344688	1E-30	5.85188344442703E-11	1.80084167733897E-02	1E-30	4.01407811628767E-11	1.78594242097711E-03	3.19015059980566E-08	1.97219392440509E-11	0.13817070348695	8.61037348736662E-09	3.12129014923569E-11	0.27532108732099	5.28175821869727E-09	1.51979371184372E-11	0.115778506374983	8.30472207836753E-12	4.74735868445079E-11	14.6245807997432	1E10	1E-30	1E-10	1E10	1E-30	1E-10	1E10	1E-30	1E-10	1E10	1E-30	1E-10	1E10	1E-30	1E-10	1E10	1E-30	1E-10	1E10	1E-30	1E-10	1E10	1E-30	1E-10
89	6.58887903895203E-09	1E10	1E11	1E-30	3.66724376355465E-10	1E10	1E-30	1E10	7.6289915646685E-03	1E-30	5.27912651692174E-11	0.303500664917752	1E-30	8.19006773909078E-11	1.36319848675038E-02	3.12474581840819E-08	2.39764101933738E-11	0.154070541503227	1.1854416948505E-08	2.84290640717288E-11	0.259889018645463	4.99022777491028E-09	2.0560210630492E-11	0.123599615366337	7.37261470707148E-12	2.85221389227663E-11	3.959734037008	1E10	1E-30	1E-10	1E10	1E-30	1E-10	1E10	1E-30	1E-10	1E10	1E-30	1E-10	1E10	1E-30	1E-10	1E10	1E-30	1E-10	1E10	1E-30	1E-10	1E10	1E-30	1E-10	1E10	1E-30	1E-10
90	6.58887903895203E-09	1E10	1E11	1E-30	3.66724376355465E-10	1E10	1E-30	1E10	7.6289915646685E-03	1E-30	5.27912651692174E-11	0.303500664917752	1E-30	8.19006773909078E-11	1.36319848675038E-02	3.12474581840819E-08	2.39764101933738E-11	0.154070541503227	1.1854416948505E-08	2.84290640717288E-11	0.259889018645463	4.99022777491028E-09	2.0560210630492E-11	0.123599615366337	7.37261470707148E-12	2.85221389227663E-11	3.959734037008	1E10	1E-30	1E-10	1E10	1E-30	1E-10	1E10	1E-30	1E-10	1E10	1E-30	1E-10	1E10	1E-30	1E-10	1E10	1E-30	1E-10	1E10	1E-30	1E-10	1E10	1E-30	1E-10	1E10	1E-30	1E-10
91	8.2566301975995E-09	1E10	1E11	1E-30	2.74439991105368E-10	1E10	1E-30	1E10	6.53581672722449E-03	1E-30	7.66090452515032E-11	0.209778122610303	1E-30	7.04212431572026E-11	1.06153649526081E-02	1E-30	8.76274505319295E-11	2.10978299196605E-03	3.68933214444341E-08	2.84297122011761E-11	0.160540651765867	1.56636629750156E-08	2.98048824883201E-11	0.230398990668983	8.88256250331724E-08	2.5563071656458E-12	3.28856294046134E-02	1.56521988443013E-08	9.33522044590041E-12	8.41626993149595E-02	2.54045777373596E-12	8.46838154778702E-11	17.8448848137382	1E10	1E-30	1E-10	1E10	1E-30	1E-10	1E10	1E-30	1E-10	1E10	1E-30	1E-10	1E10	1E-30	1E-10	1E10	1E-30	1E-10	1E10	1E-30	1E-10
92	8.2566301975995E-09	1E10	1E11	1E-30	2.74439991105368E-10	1E10	1E-30	1E10	6.53581672722449E-03	1E-30	7.66090452515032E-11	0.209778122610303	1E-30	7.04212431572026E-11	1.06153649526081E-02	1E-30	8.76274505319295E-11	2.10978299196605E-03	3.68933214444341E-08	2.84297122011761E-11	0.160540651765867	1.56636629750156E-08	2.98048824883201E-11	0.230398990668983	8.88256250331724E-08	2.5563071656458E-12	3.28856294046134E-02	1.56521988443013E-08	9.33522044590041E-12	8.41626993149595E-02	2.54045777373596E-12	8.46838154778702E-11	17.8448848137382	1E10	1E-30	1E-10	1E10	1E-30	1E-10	1E10	1E-30	1E-10	1E10	1E-30	1E-10	1E10	1E-30	1E-10	1E10	1E-30	1E-10	1E10	1E-30	1E-10
93	9.87363792929885E-09	1E10	1E11	1E-30	2.93333058880846E-10	1E10	1E-30	1E10	6.09292578086577E-03	1E-30	8.6027913193328E-11	0.210007547384597	1E-30	7.41045796520892E-11	9.49612289350704E-03	4.11954062938385E-08	3.13315809346225E-11	0.179660458398662	1.7948605836853E-08	3.2146338597328E-11	0.224646163645229	8.4304600034464E-08	3.50735045746326E-12	3.47566893968617E-02	2.67511332783429E-08	7.13549012008538E-12	0.082025381950143	8.68470460259948E-12	2.8280282200753E-11	1.96975187115878	1E10	1E-30	1E-10	1E10	1E-30	1E-10	1E10	1E-30	1E-10	1E10	1E-30	1E-10	1E10	1E-30	1E-10	1E10	1E-30	1E-10	1E10	1E-30	1E-10	1E10	1E-30	1E-10
94	9.87363792929885E-09	1E10	1E11	1E-30	2.93333058880846E-10	1E10	1E-30	1E10	6.09292578086577E-03	1E-30	8.6027913193328E-11	0.210007547384597	1E-30	7.41045796520892E-11	9.49612289350704E-03	4.11954062938385E-08	3.13315809346225E-11	0.179660458398662	1.7948605836853E-08	3.2146338597328E-11	0.224646163645229	8.4304600034464E-08	3.50735045746326E-12	3.47566893968617E-02	2.67511332783429E-08	7.13549012008538E-12	0.082025381950143	8.68470460259948E-12	2.8280282200753E-11	1.96975187115878	1E10	1E-30	1E-10	1E10	1E-30	1E-10	1E10	1E-30	1E-10	1E10	1E-30	1E-10	1E10	1E-30	1E-10	1E10	1E-30	1E-10	1E10	1E-30	1E-10	1E10	1E-30	1E-10
95	1.02663538607481E-08	1E10	1E9	1E-30	2.1380799947488E-10	1E10	1E-30	1E10	5.94118260980375E-02	1.55103893021235E-06	1E10	1481.02047058139	1.73751933244033E-06	1E10	212.003481699706	1.67840367062816E-06	1E10	48.0484059378342	1.54711147744981E-06	1E10	10.2071435038891	1.21755411379579E-06	1E10	2.10948882869983	7.70088767313276E-07	1E10	0.481605858011484	4.39642385602086E-07	1E10	9.96885056677071E-02	1E-30	7.48847467722072E-11	0.171551072253882	4.96504450992103E-08	1.011377517427E-11	4.32613477085788E-02	4.82217745722269E-08	6.95351103899461E-12	3.84899520380652E-02	5.77572578373905E-11	8.08157058656315E-11	1.51640463008564	2.56442609093626E-12	1.27092371774182E-10	17.7069030895913	1E10	1E-30	1E-10	1E10	1E-30	1E-10	1E10	1E-30	1E-10
96	4.63442331008449E-08	1E10	1E9	1E-30	1.81448591344072E-10	1E10	1E-30	1E10	1.90743137231333E-02	6.78223838953107E-06	1E10	469.676209626489	8.39958739298482E-06	1E10	55.1821430303428	6.92715799550947E-06	1E10	7.79468488231021	8.97366297058569E-06	1E10	0.763226065928813	7.31726843690367E-06	1E10	0.241673279014609	4.04414132835673E-06	1E10	0.065590743979829	7.12737516361731E-06	1E10	5.5825229989409E-03	1E-30	9.87768804365591E-11	0.124116178004917	1E-30	6.39929550735208E-12	4.33008794702561E-02	2.46580703187931E-07	2.1507667084707E-11	3.17386375428471E-02	6.02587019009466E-08	3.98873442270586E-11	5.58282498640159E-02	7.24619866615385E-12	8.27376751095856E-11	9.90028019882935	1.04022804639115E-11	3.38204364557666E-11	15.3000049983317	1E10	1E-30	1E-10	1E10	1E-30	1E-10
97	1.00655633050468E-07	1E10	5E8	1E-30	1.25E-10	1E10	1E-30	1E10	1.33119754935138E-02	1.29334119268034E-05	1E10	307.642994734552	1.89145993990658E-05	1E10	32.9645407979184	1.72777284858939E-05	1E10	4.87581288063142	1.74722627275704E-05	1E10	0.910900583247044	1.26377422151277E-05	1E10	0.179908879724442	8.97100826940896E-06	1E10	3.54820636236869E-02	1.57257318282663E-05	1E10	3.39735728381355E-03	1E-30	1.44786754742994E-10	7.96569552211058E-02	1E-30	1.09139066234846E-11	3.25954262583214E-02	5.85781849719112E-07	2.13540042423478E-11	2.42874603868021E-02	1.91148942784063E-07	3.1364736957872E-11	3.43480704165748E-02	9.10149913669062E-12	6.58719648286144E-11	7.21375374341701	2.98694323987256E-12	8.56600056669654E-11	26.64177560647	1E10	1E-30	1E-10	1E10	1E-30	1E-10
98	1.40812255732103E-07	1E10	333333333.333333	1E-30	1.61076821695078E-10	1E10	1E-30	1E10	1.62069844779122E-02	1.67247059597717E-05	1E10	72.8595147529269	2.02248048060389E-05	1E10	5.65569882459251	1.79419973439759E-05	1E10	0.695802964101645	1.35504145483161E-05	1E10	8.78804321306498E-02	9.10581105360355E-06	1E10	1.40945748048407E-02	1E-30	1.92427138961475E-11	8.15718575241814E-02	1E-30	1.07427543552667E-10	0.063949457797269	8.7248743899664E-07	1.84868815229138E-11	1.04753542346503E-02	2.15807330099153E-07	3.24669340281787E-11	0.020340908101234	7.26991806087426E-12	8.85808515705361E-11	10.0084742779795	3.9089212033758E-12	7.41321600544181E-11	20.3194778351098	1E10	1E-30	1E-10	1E10	1E-30	1E-10	1E10	1E-30	1E-10	1E10	1E-30	1E-10
99	2.12969787438153E-07	1E10	227272727.272727	1E-30	1.29231386029393E-10	1E10	1E-30	1E10	0.011	2.5905702951482E-05	1E10	153.590643139438	5.43335364694836E-05	1E10	14.3339128272056	3.08275436028113E-05	1E10	4.97009578836643	2.59476930773785E-05	1E10	0.613368373894665	2.37030423466938E-05	1E10	0.075338338695325	1.41903609568107E-05	1E10	1.60224398173513E-02	2.14221500498791E-05	1E10	1.85736425523721E-03	1E-30	1.65859024787253E-11	8.14652109119148E-02	1E-30	1.33583232743735E-10	6.05456670093929E-02	1.22662002833192E-06	2.1488535788172E-11	1.18369160634856E-02	3.92663263719074E-07	3.33576128338321E-11	2.08496008104482E-02	1.0535329037048E-11	5.69069678708144E-11	8.32441017029747	1.97207784162496E-12	1.18930283581807E-10	26.9013963736768	1E10	1E-30	1E-10	1E10	1E-30	1E-10
100	3.08986350094879E-07	1E10	151515151.515151	1E-30	1.71491464616692E-10	1E10	1E-30	1E10	9.69372567081508E-03	3.80004784161009E-05	1E10	104.705881166262	5.48613534281326E-05	1E10	13.1816894564507	4.83447457872009E-05	1E10	2.34407269499335	4.1864803357683E-05	1E10	0.380164076568358	3.21187158069303E-05	1E10	5.23815176822655E-02	2.15711783247005E-05	1E10	9.17926593673051E-03	1E-30	2.3321042046357E-11	8.49413207468691E-02	1E-30	1.37913421068883E-10	5.13647443648794E-02	2.37683498688474E-06	1.78712274600702E-11	7.39659436570171E-03	3.93152385821525E-07	5.01196000764869E-11	1.82842772292342E-02	7.44705886092439E-12	7.78915041899256E-11	10.1111233314518	6.56531146271283E-12	5.56140954452696E-11	18.2014707541532	1E10	1E-30	1E-10	1E10	1E-30	1E-10	1E10	1E-30	1E-10
101	4.55124364950131E-07	1E10	106382978.723404	1E-30	1.43248887903215E-10	1E10	1E-30	1E10	7.6E-3	5.09803981626665E-05	1E10	78.0471263602478	7.41805544692156E-05	1E10	7.80471263602478	7.0756554115055E-05	1E10	1.48715733429366	6.14108661802524E-05	1E10	0.259164139819727	4.05673640544161E-05	1E10	4.30173192112232E-02	3.68532208022518E-05	1E10	6.41495230952366E-03	1E-30	2.13012742144185E-11	6.88319244865225E-02	1E-30	1.47725004583864E-10	4.47096878563516E-02	3.60434693903718E-06	1.75692686768319E-11	6.76269010356301E-03	6.10490868579424E-07	5.29230698921655E-11	0.01596122184755	7.6638336918894E-12	7.8228945867423E-11	10.6790890275263	3.04749557660003E-12	1.10824534546032E-10	20.8899326140394	1E10	1E-30	1E-10	1E10	1E-30	1E-10	1E10	1E-30	1E-10
102	3.64836144815485E-07	1E10	106382978.723404	1E-30	2.08333042067986E-10	1E10	1E-30	1E10	9.31883743674948E-03	1.3227432463117E-05	1E10	87.5583557708906	1.4854734274859E-05	1E10	7.62601398728665	1.39543964602377E-05	1E10	1.02872098109744	1.1872220103993E-05	1E10	0.185883658148132	1.03566986522433E-05	1E10	3.88097768062421E-02	8.18389069021963E-06	1E10	9.639374094132E-3	1E-30	2.141329497866E-11	0.112274486210692	1E-30	1.336995859192E-10	5.89813233225397E-02	2.03302199411182E-06	2.31238083981042E-11	1.23820581920741E-02	4.11452234335599E-07	5.52331408821991E-11	0.023255241995339	7.09870852171769E-12	6.66348814459398E-11	12.1714440598003	1E10	1E-30	1E-10	1E10	1E-30	1E-10	1E10	1E-30	1E-10	1E10	1E-30	1E-10
103	9.32006195600335E-07	1E10	5E7	1E-30	1.82402167871181E-11	1E10	1E-30	1E10	5.14704901857192E-03	1.36396649173314E-04	1E10	10.3131675280006	1.32334666092217E-04	1E10	1.28530084344808	9.52498064172157E-05	1E10	0.206685760996516	1.2156219218428E-04	1E10	2.07604195631084E-02	6.57994644415806E-05	1E10	6.97271371756404E-03	1E-30	2.61631917778396E-11	9.78900052671449E-02	1E-30	2.58342007535743E-10	4.10645087368354E-02	5.67768394658511E-06	2.82591888354668E-11	7.53725258375986E-03	3.21092178360598E-06	2.52175348485886E-11	8.1342890045818E-03	2.26407793472559E-12	1.09685373727027E-10	1E5	1.96358621487231E-12	1.24585021018143E-10	31.5531831052092	1E10	1E-30	1E-10	1E10	1E-30	1E-10	1E10	1E-30	1E-10	1E10	1E-30	1E-10
104	8.77360713582409E-07	1E10	5E7	1E-30	2.1635880088705E-10	1E10	1E-30	1E10	7.65357644733725E-03	4.76738156696304E-06	1E10	1466.96233742068	2.11593065560592E-05	1E10	12.7209027677831	1.82774575290932E-05	1E10	1.45591684871974	1.4127064854277E-05	1E10	0.16649844133535	9.83417933481874E-06	1E10	2.15707092223029E-02	1E-30	2.29455004707373E-11	0.081159802631217	1E-30	1.58145817294311E-10	4.00663671855533E-02	3.01851573025328E-06	3.15014000752472E-11	9.70907751688697E-03	9.02244355539661E-07	5.53779092005106E-11	1.14360862161846E-02	3.90280935302898E-12	6.8724889063794E-11	10.2118868410137	1E10	1E-30	1E-10	1E10	1E-30	1E-10	1E10	1E-30	1E-10	1E10	1E-30	1E-10	1E10	1E-30	1E-10
105	8.77360713582409E-07	1E10	5E7	1E-30	2.1635880088705E-10	1E10	1E-30	1E10	7.65357644733725E-03	4.76738156696304E-06	1E10	1466.96233742068	2.11593065560592E-05	1E10	12.7209027677831	1.82774575290932E-05	1E10	1.45591684871974	1.4127064854277E-05	1E10	0.16649844133535	9.83417933481874E-06	1E10	2.15707092223029E-02	1E-30	2.29455004707373E-11	0.081159802631217	1E-30	1.58145817294311E-10	4.00663671855533E-02	3.01851573025328E-06	3.15014000752472E-11	9.70907751688697E-03	9.02244355539661E-07	5.53779092005106E-11	1.14360862161846E-02	3.90280935302898E-12	6.8724889063794E-11	10.2118868410137	1E10	1E-30	1E-10	1E10	1E-30	1E-10	1E10	1E-30	1E-10	1E10	1E-30	1E-10	1E10	1E-30	1E-10
106	8.77360713582409E-07	1E10	5E7	1E-30	2.1635880088705E-10	1E10	1E-30	1E10	7.65357644733725E-03	4.76738156696304E-06	1E10	1466.96233742068	2.11593065560592E-05	1E10	12.7209027677831	1.82774575290932E-05	1E10	1.45591684871974	1.4127064854277E-05	1E10	0.16649844133535	9.83417933481874E-06	1E10	2.15707092223029E-02	1E-30	2.29455004707373E-11	0.081159802631217	1E-30	1.58145817294311E-10	4.00663671855533E-02	3.01851573025328E-06	3.15014000752472E-11	9.70907751688697E-03	9.02244355539661E-07	5.53779092005106E-11	1.14360862161846E-02	3.90280935302898E-12	6.8724889063794E-11	10.2118868410137	1E10	1E-30	1E-10	1E10	1E-30	1E-10	1E10	1E-30	1E-10	1E10	1E-30	1E-10	1E10	1E-30	1E-10
107	8.77360713582409E-07	1E10	5E7	1E-30	2.1635880088705E-10	1E10	1E-30	1E10	7.65357644733725E-03	4.76738156696304E-06	1E10	1466.96233742068	2.11593065560592E-05	1E10	12.7209027677831	1.82774575290932E-05	1E10	1.45591684871974	1.4127064854277E-05	1E10	0.16649844133535	9.83417933481874E-06	1E10	2.15707092223029E-02	1E-30	2.29455004707373E-11	0.081159802631217	1E-30	1.58145817294311E-10	4.00663671855533E-02	3.01851573025328E-06	3.15014000752472E-11	9.70907751688697E-03	9.02244355539661E-07	5.53779092005106E-11	1.14360862161846E-02	3.90280935302898E-12	6.8724889063794E-11	10.2118868410137	1E10	1E-30	1E-10	1E10	1E-30	1E-10	1E10	1E-30	1E-10	1E10	1E-30	1E-10	1E10	1E-30	1E-10
108	9.32006195600335E-07	1E10	5E7	1E-30	1.82402167871181E-11	1E10	1E-30	1E10	5.14704901857192E-03	1.36396649173314E-04	1E10	10.3131675280006	1.32334666092217E-04	1E10	1.28530084344808	9.52498064172157E-05	1E10	0.206685760996516	1.2156219218428E-04	1E10	2.07604195631084E-02	6.57994644415806E-05	1E10	6.97271371756404E-03	1E-30	2.61631917778396E-11	9.78900052671449E-02	1E-30	2.58342007535743E-10	4.10645087368354E-02	5.67768394658511E-06	2.82591888354668E-11	7.53725258375986E-03	3.21092178360598E-06	2.52175348485886E-11	8.1342890045818E-03	2.26407793472559E-12	1.09685373727027E-10	1E5	1.96358621487231E-12	1.24585021018143E-10	31.5531831052092	1E10	1E-30	1E-10	1E10	1E-30	1E-10	1E10	1E-30	1E-10	1E10	1E-30	1E-10
109	9.32006195600335E-07	1E10	5E7	1E-30	1.82402167871181E-11	1E10	1E-30	1E10	5.14704901857192E-03	1.36396649173314E-04	1E10	10.3131675280006	1.32334666092217E-04	1E10	1.28530084344808	9.52498064172157E-05	1E10	0.206685760996516	1.2156219218428E-04	1E10	2.07604195631084E-02	6.57994644415806E-05	1E10	6.97271371756404E-03	1E-30	2.61631917778396E-11	9.78900052671449E-02	1E-30	2.58342007535743E-10	4.10645087368354E-02	5.67768394658511E-06	2.82591888354668E-11	7.53725258375986E-03	3.21092178360598E-06	2.52175348485886E-11	8.1342890045818E-03	2.26407793472559E-12	1.09685373727027E-10	1E5	1.96358621487231E-12	1.24585021018143E-10	31.5531831052092	1E10	1E-30	1E-10	1E10	1E-30	1E-10	1E10	1E-30	1E-10	1E10	1E-30	1E-10
110	9.32006195600335E-07	1E10	5E7	1E-30	1.82402167871181E-11	1E10	1E-30	1E10	5.14704901857192E-03	1.36396649173314E-04	1E10	10.3131675280006	1.32334666092217E-04	1E10	1.28530084344808	9.52498064172157E-05	1E10	0.206685760996516	1.2156219218428E-04	1E10	2.07604195631084E-02	6.57994644415806E-05	1E10	6.97271371756404E-03	1E-30	2.61631917778396E-11	9.78900052671449E-02	1E-30	2.58342007535743E-10	4.10645087368354E-02	5.67768394658511E-06	2.82591888354668E-11	7.53725258375986E-03	3.21092178360598E-06	2.52175348485886E-11	8.1342890045818E-03	2.26407793472559E-12	1.09685373727027E-10	1E5	1.96358621487231E-12	1.24585021018143E-10	31.5531831052092	1E10	1E-30	1E-10	1E10	1E-30	1E-10	1E10	1E-30	1E-10	1E10	1E-30	1E-10
111	9.32006195600335E-07	1E10	5E7	1E-30	1.82402167871181E-11	1E10	1E-30	1E10	5.14704901857192E-03	1.36396649173314E-04	1E10	10.3131675280006	1.32334666092217E-04	1E10	1.28530084344808	9.52498064172157E-05	1E10	0.206685760996516	1.2156219218428E-04	1E10	2.07604195631084E-02	6.57994644415806E-05	1E10	6.97271371756404E-03	1E-30	2.61631917778396E-11	9.78900052671449E-02	1E-30	2.58342007535743E-10	4.10645087368354E-02	5.67768394658511E-06	2.82591888354668E-11	7.53725258375986E-03	3.21092178360598E-06	2.52175348485886E-11	8.1342890045818E-03	2.26407793472559E-12	1.09685373727027E-10	1E5	1.96358621487231E-12	1.24585021018143E-10	31.5531831052092	1E10	1E-30	1E-10	1E10	1E-30	1E-10	1E10	1E-30	1E-10	1E10	1E-30	1E-10
112	8.77360713582409E-07	1E10	5E7	1E-30	2.1635880088705E-10	1E10	1E-30	1E10	7.65357644733725E-03	4.76738156696304E-06	1E10	1466.96233742068	2.11593065560592E-05	1E10	12.7209027677831	1.82774575290932E-05	1E10	1.45591684871974	1.4127064854277E-05	1E10	0.16649844133535	9.83417933481874E-06	1E10	2.15707092223029E-02	1E-30	2.29455004707373E-11	0.081159802631217	1E-30	1.58145817294311E-10	4.00663671855533E-02	3.01851573025328E-06	3.15014000752472E-11	9.70907751688697E-03	9.02244355539661E-07	5.53779092005106E-11	1.14360862161846E-02	3.90280935302898E-12	6.8724889063794E-11	10.2118868410137	1E10	1E-30	1E-10	1E10	1E-30	1E-10	1E10	1E-30	1E-10	1E10	1E-30	1E-10	1E10	1E-30	1E-10
113	8.77360713582409E-07	1E10	5E7	1E-30	2.1635880088705E-10	1E10	1E-30	1E10	7.65357644733725E-03	4.76738156696304E-06	1E10	1466.96233742068	2.11593065560592E-05	1E10	12.7209027677831	1.82774575290932E-05	1E10	1.45591684871974	1.4127064854277E-05	1E10	0.16649844133535	9.83417933481874E-06	1E10	2.15707092223029E-02	1E-30	2.29455004707373E-11	0.081159802631217	1E-30	1.58145817294311E-10	4.00663671855533E-02	3.01851573025328E-06	3.15014000752472E-11	9.70907751688697E-03	9.02244355539661E-07	5.53779092005106E-11	1.14360862161846E-02	3.90280935302898E-12	6.8724889063794E-11	10.2118868410137	1E10	1E-30	1E-10	1E10	1E-30	1E-10	1E10	1E-30	1E-10	1E10	1E-30	1E-10	1E10	1E-30	1E-10
114	8.77360713582409E-07	1E10	5E7	1E-30	2.1635880088705E-10	1E10	1E-30	1E10	7.65357644733725E-03	4.76738156696304E-06	1E10	1466.96233742068	2.11593065560592E-05	1E10	12.7209027677831	1.82774575290932E-05	1E10	1.45591684871974	1.4127064854277E-05	1E10	0.16649844133535	9.83417933481874E-06	1E10	2.15707092223029E-02	1E-30	2.29455004707373E-11	0.081159802631217	1E-30	1.58145817294311E-10	4.00663671855533E-02	3.01851573025328E-06	3.15014000752472E-11	9.70907751688697E-03	9.02244355539661E-07	5.53779092005106E-11	1.14360862161846E-02	3.90280935302898E-12	6.8724889063794E-11	10.2118868410137	1E10	1E-30	1E-10	1E10	1E-30	1E-10	1E10	1E-30	1E-10	1E10	1E-30	1E-10	1E10	1E-30	1E-10
115	8.77360713582409E-07	1E10	5E7	1E-30	2.1635880088705E-10	1E10	1E-30	1E10	7.65357644733725E-03	4.76738156696304E-06	1E10	1466.96233742068	2.11593065560592E-05	1E10	12.7209027677831	1.82774575290932E-05	1E10	1.45591684871974	1.4127064854277E-05	1E10	0.16649844133535	9.83417933481874E-06	1E10	2.15707092223029E-02	1E-30	2.29455004707373E-11	0.081159802631217	1E-30	1.58145817294311E-10	4.00663671855533E-02	3.01851573025328E-06	3.15014000752472E-11	9.70907751688697E-03	9.02244355539661E-07	5.53779092005106E-11	1.14360862161846E-02	3.90280935302898E-12	6.8724889063794E-11	10.2118868410137	1E10	1E-30	1E-10	1E10	1E-30	1E-10	1E10	1E-30	1E-10	1E10	1E-30	1E-10	1E10	1E-30	1E-10
116	7.2168550637675E-07	1E10	5E7	1E-30	2.0533365910821E-10	1E10	1E-30	1E10	6.64057505634343E-03	5.45106313340533E-06	1E10	1282.9734376016	1.84129040702024E-05	1E10	17.5237973787041	1.8667912774966E-05	1E10	1.72557943566813	1.44267102906688E-05	1E10	0.223405689325888	1.23481394501467E-05	1E10	2.61077285115412E-02	1.07211571265142E-05	1E10	2.34098296484682E-03	1E-30	1.19133362735859E-11	0.113930081411523	1E-30	2.16747633401892E-11	4.74970572741064E-02	1E-30	1.74602198138659E-10	4.13577382379336E-02	2.48012534870123E-06	3.63426848602605E-11	1.05173635274504E-02	1.22904385122323E-06	3.64065009780331E-11	1.43983020591953E-02	4.04751350083223E-12	9.15711021007715E-11	19.188140431965	1E10	1E-30	1E-10	1E10	1E-30	1E-10	1E10	1E-30	1E-10
117	7.2168550637675E-07	1E10	5E7	1E-30	2.0533365910821E-10	1E10	1E-30	1E10	6.64057505634343E-03	5.45106313340533E-06	1E10	1282.9734376016	1.84129040702024E-05	1E10	17.5237973787041	1.8667912774966E-05	1E10	1.72557943566813	1.44267102906688E-05	1E10	0.223405689325888	1.23481394501467E-05	1E10	2.61077285115412E-02	1.07211571265142E-05	1E10	2.34098296484682E-03	1E-30	1.19133362735859E-11	0.113930081411523	1E-30	2.16747633401892E-11	4.74970572741064E-02	1E-30	1.74602198138659E-10	4.13577382379336E-02	2.48012534870123E-06	3.63426848602605E-11	1.05173635274504E-02	1.22904385122323E-06	3.64065009780331E-11	1.43983020591953E-02	4.04751350083223E-12	9.15711021007715E-11	19.188140431965	1E10	1E-30	1E-10	1E10	1E-30	1E-10	1E10	1E-30	1E-10
118	1.78983241475249E-06	1E10	22727273	1E-30	2.15100417765673E-10	1E10	1E-30	1E10	4.6057952275617E-03	6.02404617000768E-05	1E10	72.1617284449892	1.00483019242179E-04	1E10	4.16925751756565	8.72083694442138E-05	1E10	0.539237002342839	8.22848073125591E-05	1E10	7.52255901693894E-02	6.88137455512617E-05	1E10	1.27271545567885E-02	8.19853759340984E-05	1E10	1.89227695240507E-03	1E-30	2.42234978759482E-11	0.066827597990846	1E-30	1.56273194259002E-10	3.08115144822007E-02	6.96791914869612E-06	3.83899279890882E-11	7.06205221222949E-03	1.83508183103809E-06	6.97636170356524E-11	1.18535353238997E-02	5.15458848560346E-12	8.19883540769413E-11	17.10705735476	1E10	1E-30	1E-10	1E10	1E-30	1E-10	1E10	1E-30	1E-10	1E10	1E-30	1E-10
119	1.78983241475249E-06	1E10	22727273	1E-30	2.15100417765673E-10	1E10	1E-30	1E10	4.6057952275617E-03	6.02404617000768E-05	1E10	72.1617284449892	1.00483019242179E-04	1E10	4.16925751756565	8.72083694442138E-05	1E10	0.539237002342839	8.22848073125591E-05	1E10	7.52255901693894E-02	6.88137455512617E-05	1E10	1.27271545567885E-02	8.19853759340984E-05	1E10	1.89227695240507E-03	1E-30	2.42234978759482E-11	0.066827597990846	1E-30	1.56273194259002E-10	3.08115144822007E-02	6.96791914869612E-06	3.83899279890882E-11	7.06205221222949E-03	1.83508183103809E-06	6.97636170356524E-11	1.18535353238997E-02	5.15458848560346E-12	8.19883540769413E-11	17.10705735476	1E10	1E-30	1E-10	1E10	1E-30	1E-10	1E10	1E-30	1E-10	1E10	1E-30	1E-10
120	1.54947540421161E-06	1E10	22727272.7272727	1E-30	1.8778693565195E-10	1E10	1E-30	1E10	6.04641853010621E-03	5.83611223477719E-05	1E10	73.8275465913636	5.16218475786698E-05	1E10	9.53046051288694	4.52187729668694E-05	1E10	1.08252631915441	3.80666845392312E-05	1E10	0.125232337337712	2.98990473140244E-05	1E10	0.015808045525876	1E-30	2.87754961261536E-11	6.97655184640969E-02	1E-30	2.01286228511383E-10	2.98597154063908E-02	4.09374317524916E-06	5.3727619568936E-11	6.05528586935573E-03	6.10251586813417E-06	2.03101443445037E-11	6.16592057711554E-03	2.94861671256778E-12	9.97408492701105E-11	20.4580863819662	1E10	1E-30	1E-10	1E10	1E-30	1E-10	1E10	1E-30	1E-10	1E10	1E-30	1E-10	1E10	1E-30	1E-10
121	1.78983241475249E-06	1E10	22727272.7272727	1E-30	2.15100417765673E-10	1E10	1E-30	1E10	4.6057952275617E-03	6.02404617000768E-05	1E10	72.1617284449892	1.00483019242179E-04	1E10	4.16925751756565	8.72083694442138E-05	1E10	0.539237002342839	8.22848073125591E-05	1E10	7.52255901693894E-02	6.88137455512617E-05	1E10	1.27271545567885E-02	8.19853759340984E-05	1E10	1.89227695240507E-03	1E-30	2.42234978759482E-11	0.066827597990846	1E-30	1.56273194259002E-10	3.08115144822007E-02	6.96791914869612E-06	3.83899279890882E-11	7.06205221222949E-03	1.83508183103809E-06	6.97636170356524E-11	1.18535353238997E-02	5.15458848560346E-12	8.19883540769413E-11	17.10705735476	1E10	1E-30	1E-10	1E10	1E-30	1E-10	1E10	1E-30	1E-10	1E10	1E-30	1E-10
122	1.78983241475249E-06	1E10	22727272.7272727	1E-30	2.15100417765673E-10	1E10	1E-30	1E10	4.6057952275617E-03	6.02404617000768E-05	1E10	72.1617284449892	1.00483019242179E-04	1E10	4.16925751756565	8.72083694442138E-05	1E10	0.539237002342839	8.22848073125591E-05	1E10	7.52255901693894E-02	6.88137455512617E-05	1E10	1.27271545567885E-02	8.19853759340984E-05	1E10	1.89227695240507E-03	1E-30	2.42234978759482E-11	0.066827597990846	1E-30	1.56273194259002E-10	3.08115144822007E-02	6.96791914869612E-06	3.83899279890882E-11	7.06205221222949E-03	1.83508183103809E-06	6.97636170356524E-11	1.18535353238997E-02	5.15458848560346E-12	8.19883540769413E-11	17.10705735476	1E10	1E-30	1E-10	1E10	1E-30	1E-10	1E10	1E-30	1E-10	1E10	1E-30	1E-10
123	1.92499721176359E-06	1E10	22727272.7272727	1E-30	2.11800456261529E-10	1E10	1E-30	1E10	4.57964439517735E-03	6.49087653847875E-05	1E10	83.6364379999685	1.07355800281341E-04	1E10	3.76383591991675	1.31117114063604E-04	1E10	0.307923835915633	1.1215670864933E-04	1E10	3.55529912719936E-02	7.98219267313865E-05	1E10	5.06644204487348E-03	1E-30	1.20350911726073E-11	9.95523594191317E-02	1E-30	2.70758336836329E-11	3.44933325368696E-02	1E-30	2.14776620879575E-10	2.36076357364176E-02	8.50152333717106E-06	3.24887560528883E-11	4.99719114790863E-03	5.86827355146976E-06	2.43312529533912E-11	5.08206377697624E-03	4.20188633269154E-12	6.78195233713102E-11	11.8042935141027	1E10	1E-30	1E-10	1E10	1E-30	1E-10	1E10	1E-30	1E-10	1E10	1E-30	1E-10
124	1.92499721176359E-06	1E10	22727272.7272727	1E-30	2.11800456261529E-10	1E10	1E-30	1E10	4.57964439517735E-03	6.49087653847875E-05	1E10	83.6364379999685	1.07355800281341E-04	1E10	3.76383591991675	1.31117114063604E-04	1E10	0.307923835915633	1.1215670864933E-04	1E10	3.55529912719936E-02	7.98219267313865E-05	1E10	5.06644204487348E-03	1E-30	1.20350911726073E-11	9.95523594191317E-02	1E-30	2.70758336836329E-11	3.44933325368696E-02	1E-30	2.14776620879575E-10	2.36076357364176E-02	8.50152333717106E-06	3.24887560528883E-11	4.99719114790863E-03	5.86827355146976E-06	2.43312529533912E-11	5.08206377697624E-03	4.20188633269154E-12	6.78195233713102E-11	11.8042935141027	1E10	1E-30	1E-10	1E10	1E-30	1E-10	1E10	1E-30	1E-10	1E10	1E-30	1E-10
125	1.54947540421161E-06	1E10	22727272.7272727	1E-30	1.8778693565195E-10	1E10	1E-30	1E10	6.04641853010621E-03	5.83611223477719E-05	1E10	73.8275465913636	5.16218475786698E-05	1E10	9.53046051288694	4.52187729668694E-05	1E10	1.08252631915441	3.80666845392312E-05	1E10	0.125232337337712	2.98990473140244E-05	1E10	0.015808045525876	1E-30	2.87754961261536E-11	6.97655184640969E-02	1E-30	2.01286228511383E-10	2.98597154063908E-02	4.09374317524916E-06	5.3727619568936E-11	6.05528586935573E-03	6.10251586813417E-06	2.03101443445037E-11	6.16592057711554E-03	2.94861671256778E-12	9.97408492701105E-11	20.4580863819662	1E10	1E-30	1E-10	1E10	1E-30	1E-10	1E10	1E-30	1E-10	1E10	1E-30	1E-10	1E10	1E-30	1E-10
126	1.78983241475249E-06	1E10	22727272.7272727	1E-30	2.15100417765673E-10	1E10	1E-30	1E10	4.6057952275617E-03	6.02404617000768E-05	1E10	72.1617284449892	1.00483019242179E-04	1E10	4.16925751756565	8.72083694442138E-05	1E10	0.539237002342839	8.22848073125591E-05	1E10	7.52255901693894E-02	6.88137455512617E-05	1E10	1.27271545567885E-02	8.19853759340984E-05	1E10	1.89227695240507E-03	1E-30	2.42234978759482E-11	0.066827597990846	1E-30	1.56273194259002E-10	3.08115144822007E-02	6.96791914869612E-06	3.83899279890882E-11	7.06205221222949E-03	1.83508183103809E-06	6.97636170356524E-11	1.18535353238997E-02	5.15458848560346E-12	8.19883540769413E-11	17.10705735476	1E10	1E-30	1E-10	1E10	1E-30	1E-10	1E10	1E-30	1E-10	1E10	1E-30	1E-10
127	1.62525327260746E-06	1E10	22727272.7272727	1E-30	1.88031261517195E-10	1E10	1E-30	1E10	5.87930718087E-3	2.65330537299513E-05	1E10	195.189573891449	5.63366220404664E-05	1E10	7.860965834844	5.36368523177594E-05	1E10	1.05386669820218	5.04763390975881E-05	1E10	0.14038750914924	4.12534418703953E-05	1E10	2.55238584128574E-02	4.55731357630068E-05	1E10	4.69766743582093E-03	1E-30	2.06660957757221E-11	0.127706676984751	1E-30	3.28566782986905E-11	2.80045813697185E-02	1E-30	2.19139710539947E-10	2.39761552901823E-02	9.1961970970984E-06	2.51122211394663E-11	4.69010777411457E-03	4.50186051031793E-06	2.65010449489313E-11	6.50876746724183E-03	1.20833397906115E-11	3.55115480434537E-11	9.66908886308625	5.80959073599707E-12	6.24801349605081E-11	19.6566824247891	1E10	1E-30	1E-10	1E10	1E-30	1E-10
128	1.71011094108463E-06	1E10	22727272.7272727	1E-30	1.80847632136446E-10	1E10	1E-30	1E10	5.93652240727212E-03	1.31320202256934E-05	1E10	544.963397664929	4.06029945250802E-05	1E10	9.88162453340629	3.9779470442534E-05	1E10	0.997307988341706	3.39478642083613E-05	1E10	0.117797407349028	2.4940390860351E-05	1E10	1.59124578282446E-02	1E-30	3.31310646350487E-11	6.96545982514434E-02	1E-30	2.12838112159384E-10	3.20834187966892E-02	4.30510905822663E-06	5.61161682342345E-11	7.22280683508301E-03	4.44106763324169E-06	2.54224272161226E-11	7.7426033376112E-03	2.5485873180027E-12	9.30296835700536E-11	13.6537836636609	1E10	1E-30	1E-10	1E10	1E-30	1E-10	1E10	1E-30	1E-10	1E10	1E-30	1E-10	1E10	1E-30	1E-10
129	4.35896400968646E-06	1E10	10638298	1E-30	1.90648768283686E-10	1E10	1E-30	1E10	2.85262198866292E-03	8.22498870694031E-05	1E10	85.0283137890169	3.47052031605402E-04	1E10	1.4448680784415	3.09963075578686E-04	1E10	0.181075832103963	3.27699274162171E-04	1E10	1.50145149590818E-02	2.47995823118608E-04	1E10	1.7975449782397E-03	1E-30	2.79441583484591E-11	0.125315860988827	1E-30	4.29998362686505E-11	2.50064045000675E-02	1E-30	2.61244204033353E-10	1.82741138683129E-02	1.58198333802986E-05	4.95510745949007E-11	4.84871234430176E-03	7.06658290698628E-06	5.59934813641308E-11	6.0601380915493E-03	3.93708220266188E-12	3.74776425442666E-11	5.82165830894236	1E10	1E-30	1E-10	1E10	1E-30	1E-10	1E10	1E-30	1E-10	1E10	1E-30	1E-10
130	3.25007203640985E-06	1E10	10638298	1E-30	2.27343104415071E-10	1E10	1E-30	1E10	4.77845590040736E-03	1.03034384204366E-04	1E10	23.0424606898135	1.53025348273499E-04	1E10	3.49110394527015	1.57201852565643E-04	1E10	0.980383984836386	1.58601857662713E-04	1E10	0.331428532099151	1.15368128211512E-04	1E10	0.117705590870975	8.5848578204186E-05	1E10	0.034290580073724	4.81743491432092E-05	1E10	9.36197370289756E-03	1E-30	1.8847577338827E-11	0.103318549081525	1E-30	2.82394545413918E-11	3.26520348152958E-02	1E-30	1.5764456769834E-10	1.47330038182628E-02	1E-30	8.94923589355292E-11	1.11689076338843E-02	2.210031007553E-05	2.32958081585294E-11	2.53969602937311E-03	4.76436359158652E-06	5.92616273164403E-11	5.54309190326207E-03	3.46667565977239E-11	1.44849649243347E-11	0.793927219629065	1E10	1E-30	1E-10
131	3.25007203640985E-06	1E10	10638298	1E-30	2.27343104415071E-10	1E10	1E-30	1E10	4.77845590040736E-03	1.03034384204366E-04	1E10	23.0424606898135	1.53025348273499E-04	1E10	3.49110394527015	1.57201852565643E-04	1E10	0.980383984836386	1.58601857662713E-04	1E10	0.331428532099151	1.15368128211512E-04	1E10	0.117705590870975	8.5848578204186E-05	1E10	0.034290580073724	4.81743491432092E-05	1E10	9.36197370289756E-03	1E-30	1.8847577338827E-11	0.103318549081525	1E-30	2.82394545413918E-11	3.26520348152958E-02	1E-30	1.5764456769834E-10	1.47330038182628E-02	1E-30	8.94923589355292E-11	1.11689076338843E-02	2.210031007553E-05	2.32958081585294E-11	2.53969602937311E-03	4.76436359158652E-06	5.92616273164403E-11	5.54309190326207E-03	3.46667565977239E-11	1.44849649243347E-11	0.793927219629065	1E10	1E-30	1E-10
132	3.25007203640985E-06	1E10	10638298	1E-30	2.27343104415071E-10	1E10	1E-30	1E10	4.77845590040736E-03	1.03034384204366E-04	1E10	23.0424606898135	1.53025348273499E-04	1E10	3.49110394527015	1.57201852565643E-04	1E10	0.980383984836386	1.58601857662713E-04	1E10	0.331428532099151	1.15368128211512E-04	1E10	0.117705590870975	8.5848578204186E-05	1E10	0.034290580073724	4.81743491432092E-05	1E10	9.36197370289756E-03	1E-30	1.8847577338827E-11	0.103318549081525	1E-30	2.82394545413918E-11	3.26520348152958E-02	1E-30	1.5764456769834E-10	1.47330038182628E-02	1E-30	8.94923589355292E-11	1.11689076338843E-02	2.210031007553E-05	2.32958081585294E-11	2.53969602937311E-03	4.76436359158652E-06	5.92616273164403E-11	5.54309190326207E-03	3.46667565977239E-11	1.44849649243347E-11	0.793927219629065	1E10	1E-30	1E-10
133	3.67871973170119E-06	1E10	10638297.8723404	1E-30	1.7775833564702E-10	1E10	1E-30	1E10	3.74429201801137E-03	1.47255618751188E-04	1E10	27.9364988788054	1.92120515501774E-04	1E10	2.73531596387435	2.02377751767856E-04	1E10	0.346450155430425	2.03619070980966E-04	1E10	6.15192085852042E-02	1.88979826867164E-04	1E10	1.15808659819992E-02	1.5231362502207E-04	1E10	4.15645762104286E-03	1E-30	1.53325312301016E-11	0.150354018708057	1E-30	3.59521125026916E-11	4.32834013719244E-02	1E-30	2.38657071892356E-10	2.29920990188209E-02	3.08439003107019E-05	2.2281669307937E-11	3.28650700506308E-03	6.305962399446E-06	5.94137778015127E-11	6.57572898201854E-03	8.52046994400545E-12	5.35104326962176E-11	9.01374733981293	1E10	1E-30	1E-10	1E10	1E-30	1E-10	1E10	1E-30	1E-10
134	3.69365153606547E-06	1E10	10638297.8723404	1E-30	2.19528479527787E-10	1E10	1E-30	1E10	3.74189149997934E-03	1.84422665738949E-04	1E10	24.1836939432867	2.77192888641449E-04	1E10	3.90443549131012	2.4542546376777E-04	1E10	0.844200160681073	2.22711221308971E-04	1E10	0.178093669934673	1.76530509935717E-04	1E10	3.72572626768531E-02	1.19375105692944E-04	1E10	7.5550321071021E-03	1E-30	1.99759011720206E-11	0.130141618073362	1E-30	3.87662511567497E-11	3.01886749312304E-02	1E-30	2.03560918304147E-10	2.10135154969269E-02	1.59244199006621E-05	4.11059060800249E-11	5.24912140801076E-03	4.78626498710355E-06	6.79864509840919E-11	7.75291161195834E-03	9.35679850417876E-12	3.83175451123456E-11	6.829868823547	1E10	1E-30	1E-10	1E10	1E-30	1E-10	1E10	1E-30	1E-10
135	3.60107637829297E-06	1E10	10638297.8723404	1E-30	1.99157161192246E-10	1E10	1E-30	1E10	3.36162593271257E-03	1.26735967891076E-04	1E10	42.8350216761276	1.78422105455404E-04	1E10	2.17421182558697	2.55558535278456E-04	1E10	0.15090801728841	2.02827984957101E-04	1E10	1.88231479395834E-02	2.58288489917065E-04	1E10	1.86745486519007E-03	1E-30	7.94379980944323E-12	0.118322532386179	1E-30	2.77311875877753E-11	5.08274314367485E-02	1E-30	2.30543753408798E-10	2.17048941748847E-02	9.66703437327248E-06	5.4600528231904E-11	3.87083562768335E-03	8.94609632211512E-06	3.38022224240552E-11	3.35557270542125E-03	8.19686764259216E-12	2.78511711510348E-11	3.68837787611705	1E10	1E-30	1E-10	1E10	1E-30	1E-10	1E10	1E-30	1E-10	1E10	1E-30	1E-10
136	3.67871973170119E-06	1E10	10638297.8723404	1E-30	1.7775833564702E-10	1E10	1E-30	1E10	3.74429201801137E-03	1.47255618751188E-04	1E10	27.9364988788054	1.92120515501774E-04	1E10	2.73531596387435	2.02377751767856E-04	1E10	0.346450155430425	2.03619070980966E-04	1E10	6.15192085852042E-02	1.88979826867164E-04	1E10	1.15808659819992E-02	1.5231362502207E-04	1E10	4.15645762104286E-03	1E-30	1.53325312301016E-11	0.150354018708057	1E-30	3.59521125026916E-11	4.32834013719244E-02	1E-30	2.38657071892356E-10	2.29920990188209E-02	3.08439003107019E-05	2.2281669307937E-11	3.28650700506308E-03	6.305962399446E-06	5.94137778015127E-11	6.57572898201854E-03	8.52046994400545E-12	5.35104326962176E-11	9.01374733981293	1E10	1E-30	1E-10	1E10	1E-30	1E-10	1E10	1E-30	1E-10
137	3.67871973170119E-06	1E10	10638297.8723404	1E-30	1.7775833564702E-10	1E10	1E-30	1E10	3.74429201801137E-03	1.47255618751188E-04	1E10	27.9364988788054	1.92120515501774E-04	1E10	2.73531596387435	2.02377751767856E-04	1E10	0.346450155430425	2.03619070980966E-04	1E10	6.15192085852042E-02	1.88979826867164E-04	1E10	1.15808659819992E-02	1.5231362502207E-04	1E10	4.15645762104286E-03	1E-30	1.53325312301016E-11	0.150354018708057	1E-30	3.59521125026916E-11	4.32834013719244E-02	1E-30	2.38657071892356E-10	2.29920990188209E-02	3.08439003107019E-05	2.2281669307937E-11	3.28650700506308E-03	6.305962399446E-06	5.94137778015127E-11	6.57572898201854E-03	8.52046994400545E-12	5.35104326962176E-11	9.01374733981293	1E10	1E-30	1E-10	1E10	1E-30	1E-10	1E10	1E-30	1E-10
138	3.69365153606547E-06	1E10	10638297.8723404	1E-30	2.19528479527787E-10	1E10	1E-30	1E10	3.74189149997934E-03	1.84422665738949E-04	1E10	24.1836939432867	2.77192888641449E-04	1E10	3.90443549131012	2.4542546376777E-04	1E10	0.844200160681073	2.22711221308971E-04	1E10	0.178093669934673	1.76530509935717E-04	1E10	3.72572626768531E-02	1.19375105692944E-04	1E10	7.5550321071021E-03	1E-30	1.99759011720206E-11	0.130141618073362	1E-30	3.87662511567497E-11	3.01886749312304E-02	1E-30	2.03560918304147E-10	2.10135154969269E-02	1.59244199006621E-05	4.11059060800249E-11	5.24912140801076E-03	4.78626498710355E-06	6.79864509840919E-11	7.75291161195834E-03	9.35679850417876E-12	3.83175451123456E-11	6.829868823547	1E10	1E-30	1E-10	1E10	1E-30	1E-10	1E10	1E-30	1E-10
139	6.96079652376421E-06	1E10	5E6	1E-30	1.79697557226071E-10	1E10	1E-30	1E10	2.59118346473705E-03	2.55193567449409E-04	1E10	20.7887872047619	3.72414850717175E-04	1E10	1.24574515102791	5.07332682870576E-04	1E10	9.09665699137824E-02	4.89387007414912E-04	1E10	9.1953786481969E-03	3.99434674085308E-04	1E10	1.19259371758711E-03	1E-30	2.16079936965269E-11	8.40668340588818E-02	1E-30	4.22817082566339E-11	2.08441034666324E-02	1E-30	3.30017843208234E-10	1.50829008138727E-02	3.80762269800682E-05	3.12043582115591E-11	2.14086658372269E-03	3.49610910834522E-05	2.06887237438199E-11	2.04393997390872E-03	7.7131290481654E-12	4.55785710854937E-11	6.30220622810682	1E10	1E-30	1E-10	1E10	1E-30	1E-10	1E10	1E-30	1E-10	1E10	1E-30	1E-10
140	7.00792180262639E-06	1E10	5E6	1E-30	1.80905335968296E-10	1E10	1E-30	1E10	3.40095412385769E-03	2.58739708000017E-04	1E10	13.032671601872	3.02456619951346E-04	1E10	1.49201770263152	3.05652839342313E-04	1E10	0.22229032514469	3.09711265734166E-04	1E10	3.56588480624693E-02	4.13339568380969E-04	1E10	7.00609493151877E-03	2.21997346116427E-04	1E10	4.03046801680748E-03	1E-30	3.10738356792582E-11	0.146074196498901	1E-30	4.63843119480735E-11	2.91281496771746E-02	1E-30	2.75141853185822E-10	1.67642919146161E-02	3.27308702855179E-05	3.54473540333114E-11	4.64878585951474E-03	1.07458847150212E-05	5.67276037683119E-11	4.7034990233579E-03	7.8493116766211E-12	4.55520381863781E-11	8.10980465456969	1E10	1E-30	1E-10	1E10	1E-30	1E-10	1E10	1E-30	1E-10
141	7.17677204442094E-06	1E10	5E6	1E-30	1.82219653285308E-10	1E10	1E-30	1E10	2.9392763265138E-03	2.37954418724096E-04	1E10	16.7791415324206	2.88738684401613E-04	1E10	1.48472637372083	2.60205276616688E-04	1E10	0.175526781022697	2.0914830870226E-04	1E10	0.020726502819623	2.35482183732641E-04	1E10	2.49245974598031E-03	1E-30	2.39687299883171E-11	0.15748790136846	1E-30	4.45488249461347E-11	3.86562830062961E-02	1E-30	2.97306949923552E-10	1.81624804314504E-02	3.04371333046912E-05	4.75823792351917E-11	3.12882839979569E-03	1.13175322987368E-05	6.45764309259239E-11	4.4550095053247E-03	8.28409557106441E-12	4.4037075532573E-11	6.95658880396004	1E10	1E-30	1E-10	1E10	1E-30	1E-10	1E10	1E-30	1E-10	1E10	1E-30	1E-10
142	7.17677204442094E-06	1E10	5E6	1E-30	1.82219653285308E-10	1E10	1E-30	1E10	2.9392763265138E-03	2.37954418724096E-04	1E10	16.7791415324206	2.88738684401613E-04	1E10	1.48472637372083	2.60205276616688E-04	1E10	0.175526781022697	2.0914830870226E-04	1E10	0.020726502819623	2.35482183732641E-04	1E10	2.49245974598031E-03	1E-30	2.39687299883171E-11	0.15748790136846	1E-30	4.45488249461347E-11	3.86562830062961E-02	1E-30	2.97306949923552E-10	1.81624804314504E-02	3.04371333046912E-05	4.75823792351917E-11	3.12882839979569E-03	1.13175322987368E-05	6.45764309259239E-11	4.4550095053247E-03	8.28409557106441E-12	4.4037075532573E-11	6.95658880396004	1E10	1E-30	1E-10	1E10	1E-30	1E-10	1E10	1E-30	1E-10	1E10	1E-30	1E-10
143	7.17677204442094E-06	1E10	5E6	1E-30	1.82219653285308E-10	1E10	1E-30	1E10	2.9392763265138E-03	2.37954418724096E-04	1E10	16.7791415324206	2.88738684401613E-04	1E10	1.48472637372083	2.60205276616688E-04	1E10	0.175526781022697	2.0914830870226E-04	1E10	0.020726502819623	2.35482183732641E-04	1E10	2.49245974598031E-03	1E-30	2.39687299883171E-11	0.15748790136846	1E-30	4.45488249461347E-11	3.86562830062961E-02	1E-30	2.97306949923552E-10	1.81624804314504E-02	3.04371333046912E-05	4.75823792351917E-11	3.12882839979569E-03	1.13175322987368E-05	6.45764309259239E-11	4.4550095053247E-03	8.28409557106441E-12	4.4037075532573E-11	6.95658880396004	1E10	1E-30	1E-10	1E10	1E-30	1E-10	1E10	1E-30	1E-10	1E10	1E-30	1E-10
144	7.17677204442094E-06	1E10	5E6	1E-30	1.82219653285308E-10	1E10	1E-30	1E10	2.9392763265138E-03	2.37954418724096E-04	1E10	16.7791415324206	2.88738684401613E-04	1E10	1.48472637372083	2.60205276616688E-04	1E10	0.175526781022697	2.0914830870226E-04	1E10	0.020726502819623	2.35482183732641E-04	1E10	2.49245974598031E-03	1E-30	2.39687299883171E-11	0.15748790136846	1E-30	4.45488249461347E-11	3.86562830062961E-02	1E-30	2.97306949923552E-10	1.81624804314504E-02	3.04371333046912E-05	4.75823792351917E-11	3.12882839979569E-03	1.13175322987368E-05	6.45764309259239E-11	4.4550095053247E-03	8.28409557106441E-12	4.4037075532573E-11	6.95658880396004	1E10	1E-30	1E-10	1E10	1E-30	1E-10	1E10	1E-30	1E-10	1E10	1E-30	1E-10
145	6.96079652376421E-06	1E10	5E6	1E-30	1.79697557226071E-10	1E10	1E-30	1E10	2.59118346473705E-03	2.55193567449409E-04	1E10	20.7887872047619	3.72414850717175E-04	1E10	1.24574515102791	5.07332682870576E-04	1E10	9.09665699137824E-02	4.89387007414912E-04	1E10	9.1953786481969E-03	3.99434674085308E-04	1E10	1.19259371758711E-03	1E-30	2.16079936965269E-11	8.40668340588818E-02	1E-30	4.22817082566339E-11	2.08441034666324E-02	1E-30	3.30017843208234E-10	1.50829008138727E-02	3.80762269800682E-05	3.12043582115591E-11	2.14086658372269E-03	3.49610910834522E-05	2.06887237438199E-11	2.04393997390872E-03	7.7131290481654E-12	4.55785710854937E-11	6.30220622810682	1E10	1E-30	1E-10	1E10	1E-30	1E-10	1E10	1E-30	1E-10	1E10	1E-30	1E-10
146	6.96079652376421E-06	1E10	5E6	1E-30	1.79697557226071E-10	1E10	1E-30	1E10	2.59118346473705E-03	2.55193567449409E-04	1E10	20.7887872047619	3.72414850717175E-04	1E10	1.24574515102791	5.07332682870576E-04	1E10	9.09665699137824E-02	4.89387007414912E-04	1E10	9.1953786481969E-03	3.99434674085308E-04	1E10	1.19259371758711E-03	1E-30	2.16079936965269E-11	8.40668340588818E-02	1E-30	4.22817082566339E-11	2.08441034666324E-02	1E-30	3.30017843208234E-10	1.50829008138727E-02	3.80762269800682E-05	3.12043582115591E-11	2.14086658372269E-03	3.49610910834522E-05	2.06887237438199E-11	2.04393997390872E-03	7.7131290481654E-12	4.55785710854937E-11	6.30220622810682	1E10	1E-30	1E-10	1E10	1E-30	1E-10	1E10	1E-30	1E-10	1E10	1E-30	1E-10
147	8.36931334193427E-06	1E10	5E6	1E-30	1.66167219984696E-10	1E10	1E-30	1E10	2.73950398081018E-03	3.43483100631114E-04	1E10	17.8124020685444	4.63440050953303E-04	1E10	2.42048080840335	5.07697485413407E-04	1E10	0.311019686796405	7.2851234138584E-04	1E10	2.70517457600564E-02	4.70317584403967E-04	1E10	5.14306575948834E-03	1E-30	1.59073009429503E-11	0.106380863885198	1E-30	4.02796242488731E-11	2.90476796806214E-02	1E-30	3.00180234587347E-10	1.55954874806497E-02	5.46728166013921E-05	2.98271651620838E-11	2.3024220504929E-03	1.76861535756004E-05	4.88635285544199E-11	3.48201014601815E-03	5.36629996191285E-12	6.97036267219595E-11	10.7111084449243	1E10	1E-30	1E-10	1E10	1E-30	1E-10	1E10	1E-30	1E-10	1E10	1E-30	1E-10
148	7.91353076044445E-06	1E10	5E6	1E-30	1.61353136671722E-10	1E10	1E-30	1E10	3.18906821398643E-03	2.20302549229616E-04	1E10	14.2848937042929	3.31589967084474E-04	1E10	1.01787221988544	3.31916817236773E-04	1E10	0.146791929083648	2.79822774009146E-04	1E10	2.52118803523805E-02	2.12101276478595E-04	1E10	4.74090638874465E-03	1E-30	2.55465054910489E-11	0.129351448446841	1E-30	4.49825823293949E-11	3.01989533860832E-02	1E-30	2.5943301868838E-10	1.71953977327122E-02	2.70173625414004E-05	5.93236615746278E-11	3.22417596227386E-03	1.33369586898085E-05	6.41341386870671E-11	4.42060207475548E-03	4.81184040304509E-12	6.71114948184835E-11	24.4764018658276	1E10	1E-30	1E-10	1E10	1E-30	1E-10	1E10	1E-30	1E-10	1E10	1E-30	1E-10
149	7.17677204442094E-06	1E10	5E6	1E-30	1.82219653285308E-10	1E10	1E-30	1E10	2.9392763265138E-03	2.37954418724096E-04	1E10	16.7791415324206	2.88738684401613E-04	1E10	1.48472637372083	2.60205276616688E-04	1E10	0.175526781022697	2.0914830870226E-04	1E10	0.020726502819623	2.35482183732641E-04	1E10	2.49245974598031E-03	1E-30	2.39687299883171E-11	0.15748790136846	1E-30	4.45488249461347E-11	3.86562830062961E-02	1E-30	2.97306949923552E-10	1.81624804314504E-02	3.04371333046912E-05	4.75823792351917E-11	3.12882839979569E-03	1.13175322987368E-05	6.45764309259239E-11	4.4550095053247E-03	8.28409557106441E-12	4.4037075532573E-11	6.95658880396004	1E10	1E-30	1E-10	1E10	1E-30	1E-10	1E10	1E-30	1E-10	1E10	1E-30	1E-10
150	1.534821742293E-05	1E10	2272727.27272727	1E-30	1.68589382826267E-10	1E10	1E-30	1E10	2.66709833699344E-03	6.03475618462206E-04	1E10	8.7910175778909	7.01847375100435E-04	1E10	0.826125092077325	9.27061849557614E-04	1E10	6.12305486067376E-02	7.67611736666683E-04	1E10	4.54153583526745E-03	1E-30	2.73951649547591E-11	7.67768939790265E-02	1E-30	7.34934088077167E-11	0.019250259638118	1E-30	3.16347868058909E-10	9.6977457029617E-03	5.23064107463607E-05	6.49361576960603E-11	1.71209091132258E-03	3.83131384026386E-05	4.86580888298859E-11	1.98375792298449E-03	5.70007778302307E-12	5.68951965114811E-11	5.55454600102345	1E10	1E-30	1E-10	1E10	1E-30	1E-10	1E10	1E-30	1E-10	1E10	1E-30	1E-10	1E10	1E-30	1E-10
151	1.45952496303409E-05	1E10	2272727.27272727	1E-30	1.76724857927638E-10	1E10	1E-30	1E10	2.38657593912645E-03	6.787766673539E-04	1E10	7.63786489081013	9.18580977489215E-04	1E10	0.68675957505128	1.09687959638222E-03	1E10	7.44714890423591E-02	1.2477605324207E-03	1E10	5.67449882881952E-03	1.19857069605347E-03	1E10	7.51886048087917E-04	1E-30	2.70028120627919E-11	7.56772971545986E-02	1E-30	5.87755364127856E-11	2.02986305701012E-02	1E-30	3.42440484729694E-10	1.22456700880196E-02	3.85787905688204E-05	7.07351870876752E-11	2.28711210176627E-03	3.14679843667288E-05	4.56865956572664E-11	2.32808566432267E-03	7.4415774793254E-12	4.87188505358625E-11	6.3201395154847	1E10	1E-30	1E-10	1E10	1E-30	1E-10	1E10	1E-30	1E-10	1E10	1E-30	1E-10
152	1.21711507739082E-05	1E10	2272727.27272727	1E-30	1.64892836148092E-10	1E10	1E-30	1E10	2.88762800064838E-03	2.85982609752783E-04	1E10	19.424920582759	4.66151898063078E-04	1E10	1.11644567054402	7.41267498980932E-04	1E10	6.45330629452638E-02	6.03217000644298E-04	1E10	5.50100578183724E-03	1E-30	2.37552800123736E-11	0.153714671260533	1E-30	6.3528466245301E-11	4.10746432158181E-02	1E-30	2.89092743871155E-10	1.51001953214731E-02	1.95841108448617E-05	1.09043459101479E-10	3.41519361381195E-03	1.9856799537544E-05	3.82999776758404E-11	1.74565845094213E-03	7.46430009758927E-12	5.23234650301311E-11	7.1901747047631	1E10	1E-30	1E-10	1E10	1E-30	1E-10	1E10	1E-30	1E-10	1E10	1E-30	1E-10	1E10	1E-30	1E-10
153	1.42025721531733E-05	1E10	2272727.27272727	1E-30	1.4E-10	1E10	1E-30	1E10	2.6449817561583E-03	6.40458320098373E-04	1E10	7.58239039504845	9.84853640594375E-04	1E10	0.79257488621977	1.0229924303426E-03	1E10	0.119675254352035	2.18648122046205E-03	1E10	1.04877347506733E-02	1.85600185792295E-03	1E10	3.87385789125465E-03	1.0457315965187E-03	1E10	1.14104260662126E-03	1E-30	3.34834984042356E-11	0.110380008131158	1E-30	6.23968294181333E-11	2.30856650779348E-02	1E-30	3.18571089083933E-10	0.011764217234724	8.64745175016459E-05	4.22399638333141E-11	1.39721698971996E-03	2.49148128486501E-05	7.70209201676534E-11	2.66427411745588E-03	3.19337525397605E-12	8.25920329936871E-11	29.3171166286743	1E10	1E-30	1E-10	1E10	1E-30	1E-10	1E10	1E-30	1E-10
154	1.45952496303409E-05	1E10	2272727.27272727	1E-30	1.76724857927638E-10	1E10	1E-30	1E10	2.38657593912645E-03	6.787766673539E-04	1E10	7.63786489081013	9.18580977489215E-04	1E10	0.68675957505128	1.09687959638222E-03	1E10	7.44714890423591E-02	1.2477605324207E-03	1E10	5.67449882881952E-03	1.19857069605347E-03	1E10	7.51886048087917E-04	1E-30	2.70028120627919E-11	7.56772971545986E-02	1E-30	5.87755364127856E-11	2.02986305701012E-02	1E-30	3.42440484729694E-10	1.22456700880196E-02	3.85787905688204E-05	7.07351870876752E-11	2.28711210176627E-03	3.14679843667288E-05	4.56865956572664E-11	2.32808566432267E-03	7.4415774793254E-12	4.87188505358625E-11	6.3201395154847	1E10	1E-30	1E-10	1E10	1E-30	1E-10	1E10	1E-30	1E-10	1E10	1E-30	1E-10
END DSCRDATA
