BEGIN DSCRDATA
% INDEX	K01	L01	M01	K02	L02	M02	K03	L03	M03	K04	L04	M04	K05	L05	M05	K06	L06	M06	K07	L07	M07	K08	L08	M08	K09	L09	M09	K10	L10	M10	K11	L11	M11	K12	L12	M12	K13	L13	M13	K14	L14	M14	K15	L15	M15	K16	L16	M16	K17	L17	M17	K18	L18	M18
0	0	0	0	0	0	0	0	0	0	0	0	0	0	0	0	0	0	0	0	0	0	0	0	0	0	0	0	0	0	0	0	0	0	0	0	0	0	0	0	0	0	0	0	0	0	0	0	0	0	0	0	0	0	0
1	3.27512836662123E-06	1E10	15151515.1515151	1E-30	4.27675330517518E-11	1E10	1E-30	1E10	2.3371805944317E-03	3.13990952893525E-04	1E10	4.44508493713411	4.90703786812751E-04	1E10	0.396215174111421	3.78669767817497E-04	1E10	7.02055711950127E-02	3.57556273189282E-04	1E10	9.65792989749802E-03	3.45487715031341E-04	1E10	1.71150829963005E-03	1E-30	2.66998862220011E-11	2.82570888098865E-02	1E-30	2.43954067767346E-10	0.023743203032436	6.23657502319772E-06	1.12281537132719E-10	2.09162943072732E-02	3.99908680290699E-06	7.00529727484099E-11	1.46631891546264E-02	3.11456425255809E-11	4.51404488209642E-11	7.47441769510124	1.77400820895818E-12	2.69198372991207E-10	67.9986038391255	1E10	1E-30	1E-10	1E10	1E-30	1E-10	1E10	1E-30	1E-10	1E10	1E-30	1E-10
2	3.27405971529225E-06	1E10	15151515.1515151	1E-30	9.10800063067583E-11	1E10	1E-30	1E10	2.35127452588548E-03	6.52018146943968E-04	1E10	3.35400277023814	4.83029942059558E-04	1E10	0.588674123829563	4.71912416107372E-04	1E10	9.59938963408826E-02	4.6067001350247E-04	1E10	1.69641846757106E-02	2.85704456701952E-04	1E10	3.73825732198611E-03	1E-30	9.21106029208489E-12	6.42895387077655E-02	1E-30	2.25354681254021E-10	0.026435324920156	1E-30	1.81523656629734E-11	1.96585389501267E-02	5.53130112496797E-06	1.27938186774097E-10	2.26355610079022E-02	3.13674525976515E-06	8.9156061169286E-11	0.017322063468748	1.76700946679699E-11	7.05009964778762E-11	14.262329774652	2.86350601581142E-12	1.88405876067097E-10	56.2410989951834	1E10	1E-30	1E-10	1E10	1E-30	1E-10	1E10	1E-30	1E-10
3	4.41E-6	1E10	10638297.8723404	1E-30	1.30520885530013E-10	1E10	1E-30	1E10	2.13084194797659E-03	5.56391369150707E-04	1E10	9.92939957296717	6.32470777157687E-04	1E10	0.846622255169511	5.88475028218185E-04	1E10	0.123225164923856	6.49980327391342E-04	1E10	1.46193808204255E-02	4.7212980258489E-04	1E10	2.84129421197208E-03	1E-30	2.54813004674768E-11	4.00259331762696E-02	1E-30	3.30746542113974E-10	2.49374468650997E-02	7.67463026795285E-06	1.47608375937811E-10	2.30419993515637E-02	5.89300694930587E-06	7.779846490139E-11	0.013503712490161	9.62257614171091E-12	7.00101586942109E-11	7.94355369422496	3.7402577085417E-12	9.95932314437974E-11	85.1037310762997	1E10	1E-30	1E-10	1E10	1E-30	1E-10	1E10	1E-30	1E-10	1E10	1E-30	1E-10
4	4.41E-6	1E10	10638297.8723404	1E-30	1.30520885530013E-10	1E10	1E-30	1E10	2.13084194797659E-03	5.56391369150707E-04	1E10	9.92939957296717	6.32470777157687E-04	1E10	0.846622255169511	5.88475028218185E-04	1E10	0.123225164923856	6.49980327391342E-04	1E10	1.46193808204255E-02	4.7212980258489E-04	1E10	2.84129421197208E-03	1E-30	2.54813004674768E-11	4.00259331762696E-02	1E-30	3.30746542113974E-10	2.49374468650997E-02	7.67463026795285E-06	1.47608375937811E-10	2.30419993515637E-02	5.89300694930587E-06	7.779846490139E-11	0.013503712490161	9.62257614171091E-12	7.00101586942109E-11	7.94355369422496	3.7402577085417E-12	9.95932314437974E-11	85.1037310762997	1E10	1E-30	1E-10	1E10	1E-30	1E-10	1E10	1E-30	1E-10	1E10	1E-30	1E-10
5	4.63315086936373E-06	1E10	10638297.8723404	1E-30	2.5224633348403E-11	1E10	1E-30	1E10	1.98748065289072E-03	2.96601965606193E-04	1E10	17.4649781566118	5.7653071185042E-04	1E10	0.531659708913754	5.3752826609288E-04	1E10	5.60876109691235E-02	4.66575076175406E-04	1E10	6.01644573263433E-03	4.50993133564171E-04	1E10	6.06247113171146E-04	1E-30	2.45654140230152E-11	2.97272532593515E-02	1E-30	3.57935156974789E-10	2.52206560100536E-02	7.37340912155899E-06	1.5837846687559E-10	2.14970421883775E-02	6.24127433818298E-06	7.51547741722804E-11	1.22153433434355E-02	1.2413792429924E-12	2.92692565189465E-10	78.9917730847245	1E10	1E-30	1E-10	1E10	1E-30	1E-10	1E10	1E-30	1E-10	1E10	1E-30	1E-10	1E10	1E-30	1E-10
6	5.17071615784051E-06	1E10	7352941	1E-30	1.43967392686262E-10	1E10	1E-30	1E10	2.9915632524959E-03	1.48687203685621E-04	1E10	10.9417438781924	1.84586527584948E-04	1E10	1.17534415202116	1.53615181861414E-04	1E10	0.2053690614538	1.30148528429674E-04	1E10	3.61812588558117E-02	9.60685640485425E-05	1E10	7.19098960207804E-03	1E-30	1.10644784916155E-11	6.77961416113688E-02	1E-30	2.7875962843453E-11	2.57225224611301E-02	1E-30	2.30522173627116E-10	2.34780141389533E-02	9.28896890463751E-06	9.82262374445671E-11	1.21442326791646E-02	4.39613340804122E-06	8.50100864095109E-11	1.26231760254876E-02	1.28257452662959E-11	5.92969738858691E-11	14.546393830917	4.07927700919278E-12	1.0043593734775E-10	24.8674698652582	1E10	1E-30	1E-10	1E10	1E-30	1E-10	1E10	1E-30	1E-10
7	9.53993890714851E-06	1E10	5E6	1E-30	4.75467957738334E-11	1E10	1E-30	1E10	1.68632153043261E-03	1.01632388624549E-03	1E10	3.73512207552443	1.23883726017736E-03	1E10	0.317835119355449	1.08437951893257E-03	1E10	5.65653044441536E-02	1.30254469406128E-03	1E10	6.56438663036686E-03	8.85093100922877E-04	1E10	1.61371459164157E-03	1E-30	2.50776719821236E-11	3.29088914940141E-02	1E-30	4.24456157685099E-10	1.55321040103825E-02	1E-30	1.91870946888226E-11	4.14131535844294E-03	1.85890720774305E-05	1.28566470871048E-10	9.46759280080294E-03	2.0497913238887E-05	5.00827214544128E-11	6.17881258980563E-03	1.30083274413362E-11	8.32735061566769E-11	8.02794322580005	2.30310156715555E-12	1.68116825279876E-10	81.3162033191974	1E10	1E-30	1E-10	1E10	1E-30	1E-10	1E10	1E-30	1E-10
8	9.53993890714851E-06	1E10	5E6	1E-30	4.75467957738334E-11	1E10	1E-30	1E10	1.68632153043261E-03	1.01632388624549E-03	1E10	3.73512207552443	1.23883726017736E-03	1E10	0.317835119355449	1.08437951893257E-03	1E10	5.65653044441536E-02	1.30254469406128E-03	1E10	6.56438663036686E-03	8.85093100922877E-04	1E10	1.61371459164157E-03	1E-30	2.50776719821236E-11	3.29088914940141E-02	1E-30	4.24456157685099E-10	1.55321040103825E-02	1E-30	1.91870946888226E-11	4.14131535844294E-03	1.85890720774305E-05	1.28566470871048E-10	9.46759280080294E-03	2.0497913238887E-05	5.00827214544128E-11	6.17881258980563E-03	1.30083274413362E-11	8.32735061566769E-11	8.02794322580005	2.30310156715555E-12	1.68116825279876E-10	81.3162033191974	1E10	1E-30	1E-10	1E10	1E-30	1E-10	1E10	1E-30	1E-10
9	9.29450785555604E-06	1E10	5E6	1E-30	1.18331465117617E-11	1E10	1E-30	1E10	1.89780444613367E-03	1.16454253984759E-03	1E10	3.96774286472791	1.125653646435E-3	1E10	0.453723205040251	9.57581837204293E-04	1E10	6.24146680589906E-02	9.71934943907311E-04	1E10	6.37833250163664E-03	9.4238615202104E-04	1E10	5.50283873759519E-04	1E-30	3.40204912933469E-11	3.06121975868886E-02	1E-30	3.14677508636661E-10	1.85750260118431E-02	1.88023426262838E-05	1.16177577146734E-10	8.76355869002851E-03	8.17176815568521E-06	1.08118052160861E-10	7.78251538690813E-03	1.76100431149634E-11	8.54816405327426E-11	8.84268213492717	1.91826383899911E-12	2.54101668494897E-10	101.711285491793	1E10	1E-30	1E-10	1E10	1E-30	1E-10	1E10	1E-30	1E-10	1E10	1E-30	1E-10
10	9.53993890714851E-06	1E10	5E6	1E-30	4.75467957738334E-11	1E10	1E-30	1E10	1.68632153043261E-03	1.01632388624549E-03	1E10	3.73512207552443	1.23883726017736E-03	1E10	0.317835119355449	1.08437951893257E-03	1E10	5.65653044441536E-02	1.30254469406128E-03	1E10	6.56438663036686E-03	8.85093100922877E-04	1E10	1.61371459164157E-03	1E-30	2.50776719821236E-11	3.29088914940141E-02	1E-30	4.24456157685099E-10	1.55321040103825E-02	1E-30	1.91870946888226E-11	4.14131535844294E-03	1.85890720774305E-05	1.28566470871048E-10	9.46759280080294E-03	2.0497913238887E-05	5.00827214544128E-11	6.17881258980563E-03	1.30083274413362E-11	8.32735061566769E-11	8.02794322580005	2.30310156715555E-12	1.68116825279876E-10	81.3162033191974	1E10	1E-30	1E-10	1E10	1E-30	1E-10	1E10	1E-30	1E-10
11	9.71000208666552E-06	1E10	5E6	1E-30	5.63411627454799E-11	1E10	1E-30	1E10	1.57740585301464E-03	7.01962026779187E-04	1E10	9.73610519591899	1.22519399176455E-03	1E10	0.392506268377614	1.01030046176725E-03	1E10	5.16990393085276E-02	9.23332930909378E-04	1E10	4.71224325410048E-03	6.41632276091357E-04	1E10	6.32534781327143E-04	1E-30	3.43961683604247E-11	3.10647863309646E-02	1E-30	3.93943013133445E-10	0.017532459189525	2.01092828915054E-05	1.023539921475E-10	9.19261191756928E-03	9.86068469981324E-06	8.68340668747215E-11	7.66503483388166E-03	1.49635175291961E-11	7.50212003371418E-11	7.40279206404869	2.10224729356697E-12	1.87016127815163E-10	139.976042836486	1E10	1E-30	1E-10	1E10	1E-30	1E-10	1E10	1E-30	1E-10	1E10	1E-30	1E-10
12	9.71000208666552E-06	1E10	5E6	1E-30	5.63411627454799E-11	1E10	1E-30	1E10	1.57740585301464E-03	7.01962026779187E-04	1E10	9.73610519591899	1.22519399176455E-03	1E10	0.392506268377614	1.01030046176725E-03	1E10	5.16990393085276E-02	9.23332930909378E-04	1E10	4.71224325410048E-03	6.41632276091357E-04	1E10	6.32534781327143E-04	1E-30	3.43961683604247E-11	3.10647863309646E-02	1E-30	3.93943013133445E-10	0.017532459189525	2.01092828915054E-05	1.023539921475E-10	9.19261191756928E-03	9.86068469981324E-06	8.68340668747215E-11	7.66503483388166E-03	1.49635175291961E-11	7.50212003371418E-11	7.40279206404869	2.10224729356697E-12	1.87016127815163E-10	139.976042836486	1E10	1E-30	1E-10	1E10	1E-30	1E-10	1E10	1E-30	1E-10	1E10	1E-30	1E-10
13	2.18240827684365E-05	1E10	2272727.27272727	1E-30	1.06898104475111E-11	1E10	1E-30	1E10	1.39962479466628E-03	1.91471707622159E-03	1E10	1.63055416573799	2.14346548992555E-03	1E10	0.111474691403145	2.88625164588457E-03	1E10	9.67761846729921E-03	2.54967310756157E-03	1E10	1.79706275213327E-03	1E-30	3.80140600019051E-11	2.41165235899086E-02	1E-30	4.67225600385842E-10	1.40629691841271E-02	4.52001063822469E-05	1.63324163600624E-10	7.8886555653964E-03	2.76707968946018E-05	1.15660375702329E-10	5.99312686167726E-03	8.11123061826671E-12	1.05318177298095E-10	6.82941090875038	2.0306085960855E-12	1.88992410471905E-10	96.5748323517107	1E10	1E-30	1E-10	1E10	1E-30	1E-10	1E10	1E-30	1E-10	1E10	1E-30	1E-10	1E10	1E-30	1E-10
14	2.18240827684365E-05	1E10	2272727.27272727	1E-30	1.06898104475111E-11	1E10	1E-30	1E10	1.39962479466628E-03	1.91471707622159E-03	1E10	1.63055416573799	2.14346548992555E-03	1E10	0.111474691403145	2.88625164588457E-03	1E10	9.67761846729921E-03	2.54967310756157E-03	1E10	1.79706275213327E-03	1E-30	3.80140600019051E-11	2.41165235899086E-02	1E-30	4.67225600385842E-10	1.40629691841271E-02	4.52001063822469E-05	1.63324163600624E-10	7.8886555653964E-03	2.76707968946018E-05	1.15660375702329E-10	5.99312686167726E-03	8.11123061826671E-12	1.05318177298095E-10	6.82941090875038	2.0306085960855E-12	1.88992410471905E-10	96.5748323517107	1E10	1E-30	1E-10	1E10	1E-30	1E-10	1E10	1E-30	1E-10	1E10	1E-30	1E-10	1E10	1E-30	1E-10
15	1.70687720397566E-05	1E10	2272727.27272727	1E-30	1.03276282813271E-10	1E10	1E-30	1E10	2.43537788368413E-03	6.43768016253509E-04	1E10	15.3324894802797	1.43106824619655E-03	1E10	2.1489988861321	7.84232549421625E-04	1E10	1.06393543835999	4.88398122654701E-04	1E10	0.225513966941871	5.03598086159032E-04	1E10	2.72737666544909E-02	3.78344504771678E-04	1E10	5.27991124378242E-03	1E-30	4.42873601315079E-11	2.46260194069111E-02	1E-30	4.90979512527321E-10	1.60491413312948E-02	3.68087615900744E-05	1.26718086351376E-10	8.277616597469E-3	2.20894113721923E-05	9.59428698844579E-11	6.93378119291459E-03	2.19558385042476E-11	8.3011435834022E-11	8.55067291225695	2.02584131398947E-12	2.3410917634692E-10	67.2834070070668	1E10	1E-30	1E-10	1E10	1E-30	1E-10	1E10	1E-30	1E-10
16	2.44621536516707E-05	1E10	1515151.51515151	1E-30	4.90260502929564E-11	1E10	1E-30	1E10	1.62991878167167E-03	4.83995296038291E-04	1E10	12.0187066787019	5.96904507538485E-04	1E10	0.777233189886394	5.4442473867316E-04	1E10	8.43934551164049E-02	4.38266824622013E-04	1E10	1.06264903876409E-02	5.06489972031787E-04	1E10	9.13217698469923E-04	1E-30	1.10593365622261E-11	4.76309956294141E-02	1E-30	4.00404032024705E-11	2.16876368534907E-02	1E-30	4.51124018483913E-10	1.27782472268765E-02	5.43047032843467E-05	1.12394975002114E-10	5.88636568358189E-03	3.08144949695155E-05	8.64414803612493E-11	4.65752579042939E-03	1.41478213917549E-11	7.4757030699705E-11	17.0689416103666	2.13693112821463E-12	2.05030127991487E-10	77.3083928078533	1E10	1E-30	1E-10	1E10	1E-30	1E-10	1E10	1E-30	1E-10
17	4.00746554301044E-05	1E10	1063829.78723404	1E-30	6.32827813140674E-11	1E10	1E-30	1E10	1.1300805415548E-03	1.54941413224157E-03	1E10	3.19544512649064	1.73410451283422E-03	1E10	0.302724614869041	1.60385965749016E-03	1E10	3.49033069475088E-02	1.62567530256651E-03	1E10	3.18594725574897E-03	3.23977444719079E-03	1E10	1.44029142451027E-04	1E-30	6.32121867313366E-12	1.86808994216902E-02	1E-30	4.57423851169783E-11	0.014975805432104	1E-30	5.35531389178608E-10	0.010524929295409	6.24578665073664E-05	2.04462176262459E-10	5.18974967974559E-03	8.59882715128906E-05	6.86472884580775E-11	3.61038334635046E-03	2.8479321163218E-11	6.23370958138195E-11	5.34804965229117	1.9266165746537E-12	2.66618883266923E-10	66.828324829382	1E10	1E-30	1E-10	1E10	1E-30	1E-10	1E10	1E-30	1E-10
18	4.00746554301044E-05	1E10	1063829.78723404	1E-30	6.32827813140674E-11	1E10	1E-30	1E10	1.1300805415548E-03	1.54941413224157E-03	1E10	3.19544512649064	1.73410451283422E-03	1E10	0.302724614869041	1.60385965749016E-03	1E10	3.49033069475088E-02	1.62567530256651E-03	1E10	3.18594725574897E-03	3.23977444719079E-03	1E10	1.44029142451027E-04	1E-30	6.32121867313366E-12	1.86808994216902E-02	1E-30	4.57423851169783E-11	0.014975805432104	1E-30	5.35531389178608E-10	0.010524929295409	6.24578665073664E-05	2.04462176262459E-10	5.18974967974559E-03	8.59882715128906E-05	6.86472884580775E-11	3.61038334635046E-03	2.8479321163218E-11	6.23370958138195E-11	5.34804965229117	1.9266165746537E-12	2.66618883266923E-10	66.828324829382	1E10	1E-30	1E-10	1E10	1E-30	1E-10	1E10	1E-30	1E-10
19	4.00746554301044E-05	1E10	1063829.78723404	1E-30	6.32827813140674E-11	1E10	1E-30	1E10	1.1300805415548E-03	1.54941413224157E-03	1E10	3.19544512649064	1.73410451283422E-03	1E10	0.302724614869041	1.60385965749016E-03	1E10	3.49033069475088E-02	1.62567530256651E-03	1E10	3.18594725574897E-03	3.23977444719079E-03	1E10	1.44029142451027E-04	1E-30	6.32121867313366E-12	1.86808994216902E-02	1E-30	4.57423851169783E-11	0.014975805432104	1E-30	5.35531389178608E-10	0.010524929295409	6.24578665073664E-05	2.04462176262459E-10	5.18974967974559E-03	8.59882715128906E-05	6.86472884580775E-11	3.61038334635046E-03	2.8479321163218E-11	6.23370958138195E-11	5.34804965229117	1.9266165746537E-12	2.66618883266923E-10	66.828324829382	1E10	1E-30	1E-10	1E10	1E-30	1E-10	1E10	1E-30	1E-10
20	4.00746554301044E-05	1E10	1063830	1E-30	6.32827813140674E-11	1E10	1E-30	1E10	1.1300805415548E-03	1.54941413224157E-03	1E10	3.19544512649064	1.73410451283422E-03	1E10	0.302724614869041	1.60385965749016E-03	1E10	3.49033069475088E-02	1.62567530256651E-03	1E10	3.18594725574897E-03	3.23977444719079E-03	1E10	1.44029142451027E-04	1E-30	6.32121867313366E-12	1.86808994216902E-02	1E-30	4.57423851169783E-11	0.014975805432104	1E-30	5.35531389178608E-10	0.010524929295409	6.24578665073664E-05	2.04462176262459E-10	5.18974967974559E-03	8.59882715128906E-05	6.86472884580775E-11	3.61038334635046E-03	2.8479321163218E-11	6.23370958138195E-11	5.34804965229117	1.9266165746537E-12	2.66618883266923E-10	66.828324829382	1E10	1E-30	1E-10	1E10	1E-30	1E-10	1E10	1E-30	1E-10
21	3.27819021647412E-05	1E10	1063829.78723404	1E-30	1.85767443718056E-10	1E10	1E-30	1E10	1.4902239403368E-03	7.17210217713822E-04	1E10	7.5692423193076	1.00084201268386E-03	1E10	0.380472273340067	9.3466097382045E-04	1E10	4.03558182745877E-02	7.44891560897708E-04	1E10	4.99380063494783E-03	2.55769785403283E-03	1E10	1.77880154741185E-04	1E-30	1.27561813756752E-11	6.18007259995336E-02	1E-30	4.78803301213959E-11	1.99723577796921E-02	1E-30	4.7412680525476E-10	1.08057199159712E-02	7.29387811493395E-05	1.34859636790239E-10	4.95163655360748E-03	5.24978350267779E-05	8.77478803891872E-11	4.12724762855351E-03	2.33165278599477E-12	2.88482399252867E-10	44.698701010643	1E10	1E-30	1E-10	1E10	1E-30	1E-10	1E10	1E-30	1E-10	1E10	1E-30	1E-10
22	6.89950455721715E-05	1E10	5E5	1E-30	5.34932198321813E-11	1E10	1E-30	1E10	1.06975656343743E-03	3.33622293608235E-03	1E10	1.59017094222113	3.49868413849752E-03	1E10	0.165723370394925	3.76205730310312E-03	1E10	1.81405919107793E-02	6.54762634863656E-03	1E10	9.31040274069829E-04	6.45348521608989E-03	1E10	1.28405718456838E-04	1E-30	8.78283827509307E-12	1.75049797139389E-02	1E-30	7.40770553410351E-11	0.017146832369505	1E-30	5.84210216702537E-10	7.33553717195131E-03	1.60063058819383E-04	1.51217722706989E-10	2.88692822245836E-03	1.43586542193078E-04	8.05574434653876E-11	2.10534229848845E-03	4.29203755159879E-11	6.2484167317695E-11	2.64647202994182	1.83433686255333E-12	2.37481089676768E-10	82.5623682441895	1E10	1E-30	1E-10	1E10	1E-30	1E-10	1E10	1E-30	1E-10
23	6.89950455721715E-05	1E10	5E5	1E-30	5.34932198321813E-11	1E10	1E-30	1E10	1.06975656343743E-03	3.33622293608235E-03	1E10	1.59017094222113	3.49868413849752E-03	1E10	0.165723370394925	3.76205730310312E-03	1E10	1.81405919107793E-02	6.54762634863656E-03	1E10	9.31040274069829E-04	6.45348521608989E-03	1E10	1.28405718456838E-04	1E-30	8.78283827509307E-12	1.75049797139389E-02	1E-30	7.40770553410351E-11	0.017146832369505	1E-30	5.84210216702537E-10	7.33553717195131E-03	1.60063058819383E-04	1.51217722706989E-10	2.88692822245836E-03	1.43586542193078E-04	8.05574434653876E-11	2.10534229848845E-03	4.29203755159879E-11	6.2484167317695E-11	2.64647202994182	1.83433686255333E-12	2.37481089676768E-10	82.5623682441895	1E10	1E-30	1E-10	1E10	1E-30	1E-10	1E10	1E-30	1E-10
24	6.89950455721715E-05	1E10	5E5	1E-30	5.34932198321813E-11	1E10	1E-30	1E10	1.06975656343743E-03	3.33622293608235E-03	1E10	1.59017094222113	3.49868413849752E-03	1E10	0.165723370394925	3.76205730310312E-03	1E10	1.81405919107793E-02	6.54762634863656E-03	1E10	9.31040274069829E-04	6.45348521608989E-03	1E10	1.28405718456838E-04	1E-30	8.78283827509307E-12	1.75049797139389E-02	1E-30	7.40770553410351E-11	0.017146832369505	1E-30	5.84210216702537E-10	7.33553717195131E-03	1.60063058819383E-04	1.51217722706989E-10	2.88692822245836E-03	1.43586542193078E-04	8.05574434653876E-11	2.10534229848845E-03	4.29203755159879E-11	6.2484167317695E-11	2.64647202994182	1.83433686255333E-12	2.37481089676768E-10	82.5623682441895	1E10	1E-30	1E-10	1E10	1E-30	1E-10	1E10	1E-30	1E-10
END DSCRDATA
