BEGIN DSCRDATA
% INDEX	K01	L01	M01	K02	L02	M02	K03	L03	M03	K04	L04	M04	K05	L05	M05	K06	L06	M06	K07	L07	M07	K08	L08	M08	K09	L09	M09	K10	L10	M10	K11	L11	M11	K12	L12	M12	K13	L13	M13	K14	L14	M14	K15	L15	M15	K16	L16	M16	K17	L17	M17	K18	L18	M18
0	0	0	0	0	0	0	0	0	0	0	0	0	0	0	0	0	0	0	0	0	0	0	0	0	0	0	0	0	0	0	0	0	0	0	0	0	0	0	0	0	0	0	0	0	0	0	0	0	0	0	0	0	0	0
1	2.19202092762039E-10	1E10	1E9	1E-30	1.3E-10	1E10	1E-30	1E10	0.533306706709808	4.78192560065732E-08	1E10	53330.6706713407	3.85185515151636E-08	1E10	14688.4863931281	3.61873374243491E-08	1E10	1503.06251932992	3.77615682954758E-08	1E10	207.480385039739	2.92925235993692E-08	1E10	33.6493783461368	3.12347498216497E-08	1E10	6.58744702170867	1.3598096266543E-08	1E10	2.95025171632338	4.29776683358759E-09	1E10	1.38501994296899	9.4993627759714E-10	1E10	0.818645092078817	2.6E-12	1.10402641437325E-10	19.6889803438169	1.09017539484957E-12	1.29083693169694E-10	4.86634058592183	1E10	1E-30	1E-10	1E10	1E-30	1E-10	1E10	1E-30	1E-10	1E10	1E-30	1E-10
2	4.9332490812137E-10	1E10	1E9	1E-30	1.30891068506362E-10	1E10	1E-30	1E10	0.110761220605276	3.52975191320926E-08	1E10	87992.43735184	1.26008206523977E-07	1E10	4948.17838271624	7.74268666325657E-08	1E10	879.924373518399	6.50117288774982E-08	1E10	94.2855953374072	4.51746877566501E-08	1E10	12.1463375924535	2.14975617694762E-08	1E10	2.11779988648363	6.51211595400236E-09	1E10	0.579533665742857	9.41695174503889E-10	1E10	0.485065956773877	2.98597621768167E-09	2.12077173962314E-11	6.80060816626621E-02	4.79487959957699E-12	1.03302664515487E-10	1.17825758387483	1.59999999999999E-12	1.86782393918914E-10	20.6152852697797	1E10	1E-30	1E-10	1E10	1E-30	1E-10	1E10	1E-30	1E-10	1E10	1E-30	1E-10
3	9.83789345823185E-10	1E10	1E9	1E-30	1.46604494372618E-10	1E10	1E-30	1E10	0.161709769421461	1.22798409926008E-07	1E10	22365.645273099	4.80674739674837E-07	1E10	1620.24777061141	2.06881781375525E-07	1E10	793.563040174417	1.99339013317472E-07	1E10	141.117681491005	1.18761493863313E-07	1E10	23.9652206842218	8.4737008774716E-08	1E10	3.12295521543738	6.19540521779801E-08	1E10	0.715570411580481	2.15853337955413E-08	1E10	0.297453342328555	3.56193059211703E-09	1E10	0.207512705239329	1E-30	2.67290818754061E-11	0.671775098055807	2.67967361556078E-10	5.25153008757238E-11	0.277668740149152	1.9E-12	1.74418839161882E-10	22.077866747144	1E10	1E-30	1E-10	1E10	1E-30	1E-10	1E10	1E-30	1E-10
4	2.20007993340362E-09	1E10	1E9	1E-30	1.51E-10	1E10	1E-30	1E10	0.1558	3.96728073398608E-07	1E10	7455.56153884361	3.97147993816102E-07	1E10	1128.44490305251	3.58316326150181E-07	1E10	148.75800975386	3.3586911503837E-07	1E10	18.7275238687059	3.25087419968577E-07	1E10	3.25764932552903	2.09736803821914E-07	1E10	0.704243432008408	1.06898007588661E-07	1E10	0.229240546797122	2.57850778723499E-08	1E10	0.115411732436782	1E-30	5.89153313562154E-11	0.555263916517484	3.78408538171279E-09	1.38206782947918E-11	8.54671482629825E-02	1.97999999999999E-12	1.48091775992228E-10	20.5001057735274	1E10	1E-30	1E-10	1E10	1E-30	1E-10	1E10	1E-30	1E-10	1E10	1E-30	1E-10
5	4.5932300748153E-09	1E10	1E9	1E-30	1.8E-10	1E10	1E-30	1E10	0.10042676469234	5.19796723552506E-07	1E10	3144.60332671971	7.66174352202407E-07	1E10	165.031128538875	7.01828766402192E-07	1E10	18.5167971754898	5.49522595435517E-07	1E10	2.44231800747329	3.97984708966903E-07	1E10	0.452715860271652	2.45302324109284E-07	1E10	9.93162764508749E-02	6.75562363664148E-08	1E10	5.88972061101297E-02	1E-30	1.97950261404702E-11	0.497503269604153	1E-30	5.30475950682402E-11	0.177764197287455	8.36288941845828E-09	1.44232992547814E-11	4.75777375283158E-02	3.24483691358915E-12	9.11420311998481E-11	14.0239870611133	1E10	1E-30	1E-10	1E10	1E-30	1E-10	1E10	1E-30	1E-10	1E10	1E-30	1E-10
6	9.6000435139648E-09	1E10	1E9	1E-30	1.6E-10	1E10	1E-30	1E10	7.41464888622533E-02	1.09786857901215E-06	1E10	3624.18021005529	1.92060125316038E-06	1E10	301.446179867125	1.4077339498076E-06	1E10	64.4480504581186	1.85870554449618E-06	1E10	6.59492383999492	1.37201807630065E-06	1E10	1.79663683081665	9.05140068883134E-07	1E10	0.472406097550988	3.50664013427299E-07	1E10	0.10490613742069	1E-30	5.57282373838291E-11	0.183155825216201	1.21578760836927E-08	2.08344744889772E-11	4.36356213306499E-02	2E-12	1.48729722675416E-10	20.5625690286415	1E10	1E-30	1E-10	1E10	1E-30	1E-10	1E10	1E-30	1E-10	1E10	1E-30	1E-10	1E10	1E-30	1E-10
7	9.6000435139648E-09	1E10	1E9	1E-30	1.6E-10	1E10	1E-30	1E10	7.41464888622533E-02	1.09786857901215E-06	1E10	3624.18021005529	1.92060125316038E-06	1E10	301.446179867125	1.4077339498076E-06	1E10	64.4480504581186	1.85870554449618E-06	1E10	6.59492383999492	1.37201807630065E-06	1E10	1.79663683081665	9.05140068883134E-07	1E10	0.472406097550988	3.50664013427299E-07	1E10	0.10490613742069	1E-30	5.57282373838291E-11	0.183155825216201	1.21578760836927E-08	2.08344744889772E-11	4.36356213306499E-02	2E-12	1.48729722675416E-10	20.5625690286415	1E10	1E-30	1E-10	1E10	1E-30	1E-10	1E10	1E-30	1E-10	1E10	1E-30	1E-10	1E10	1E-30	1E-10
8	9.65833952724979E-09	1E10	1E9	1E-30	1.8078218000482E-10	1E10	1E-30	1E10	4.86837755422762E-02	8.69239906557723E-07	1E10	1.77280121600497	7.38568940035824E-07	1E10	0.360202180350934	9.13354014331347E-07	1E10	6.28657359613494E-02	5.45133349308196E-07	1E10	2.35609189444137E-02	1E-30	5.76560945900588E-11	0.228222679395326	1.54931804757782E-07	4.43275748615866E-12	1.52806573846958E-02	9.51542718136713E-09	3.18819614780852E-11	7.36611788712361E-02	4.31183001024082E-12	6.52301312386735E-11	11.0641947732492	1E10	1E-30	1E-10	1E10	1E-30	1E-10	1E10	1E-30	1E-10	1E10	1E-30	1E-10	1E10	1E-30	1E-10	1E10	1E-30	1E-10	1E10	1E-30	1E-10
9	2.12011644107636E-08	1E10	1E9	1E-30	1.35E-10	1E10	1E-30	1E10	4.50887343092596E-02	2.23063482934371E-06	1E10	1656.28904591563	4.84962377708998E-06	1E10	109.429932064321	3.60078794223795E-06	1E10	23.3957046210323	3.31829702838111E-06	1E10	4.79628380855169	2.40261402724685E-06	1E10	0.829889805818134	1.56114981955437E-06	1E10	0.137849610749882	1.02052069713179E-06	1E10	1.90077306977699E-02	1E-30	5.65574250197171E-11	0.151089768988869	1E-30	3.81361185025399E-12	0.129844960241109	1.74537053056081E-08	4.0601316010601E-11	4.04714380302411E-02	1.70999999999999E-12	1.60902904951209E-10	25	1E10	1E-30	1E-10	1E10	1E-30	1E-10	1E10	1E-30	1E-10	1E10	1E-30	1E-10
10	2.20422167939021E-08	1E10	1E9	1E-30	1.6170836190051E-10	1E10	1E-30	1E10	4.45270950998629E-02	2.4971998676862E-06	1E10	1593.33404938228	4.44778529878791E-06	1E10	120.866747939184	3.21097430848582E-06	1E10	21.0042334736957	3.07323506327423E-06	1E10	2.47870219938593	2.33184180021703E-06	1E10	0.39617868044745	1.1611188469423E-06	1E10	7.72743030539214E-02	1E-30	1.36380002566136E-11	0.342327299669154	1E-30	6.95946258146091E-11	0.142830920505459	2.66182156609591E-07	6.74421580660774E-12	8.98529401548625E-03	3.7536850458049E-08	2.02839825882344E-11	2.82131463988802E-02	2.61789184229865E-12	1.19418530730334E-10	21.4598780793456	1E10	1E-30	1E-10	1E10	1E-30	1E-10	1E10	1E-30	1E-10	1E10	1E-30	1E-10
11	2.23729880738118E-08	1E10	1E9	1E-30	1.82158281890393E-10	1E10	1E-30	1E10	2.89552844712658E-02	2.31103383529935E-06	1E10	1279.8733277858	6.55682020877919E-06	1E10	65.6397606221863	2.95504011216721E-06	1E10	30.7020227086762	5.68051905092451E-06	1E10	1.99446526492044	3.40403216005587E-06	1E10	1.0228842160898	2.19506187149615E-06	1E10	0.323588431611616	1.63598133561088E-06	1E10	7.92246886231676E-02	1.58842145795549E-06	1E10	1.25246154204524E-02	1E-30	2.1554499563498E-11	0.451436383203266	1E-30	8.90195738836052E-11	0.132081892160099	2.89127090463647E-07	6.79259086660137E-12	1.70872118226376E-02	5.63700378531532E-08	1.61951249233387E-11	3.45524632308703E-02	7.66100940283947E-12	3.65672816602513E-11	9.11377393843048	1E10	1E-30	1E-10	1E10	1E-30	1E-10
12	4.57325167942203E-08	1E10	1E9	1E-30	1.9281153714425E-10	1E10	1E-30	1E10	2.32931112099545E-02	5.97352444520184E-06	1E10	533.262406272882	7.64732740557447E-06	1E10	70.2976760488032	6.05344637808743E-06	1E10	11.666510279388	5.80079901242426E-06	1E10	1.34379281125314	4.87455930288588E-06	1E10	0.202460444814079	2.90259619114178E-06	1E10	0.045831654624226	1E-30	1.66532900987871E-11	0.2901530990831	1E-30	7.53777064896501E-11	0.110022744594638	1.46157837249817E-06	2.84127884411779E-12	5.75908076584073E-03	5.17905856769637E-08	3.81914610678957E-11	3.32323752596227E-02	9.12524660742427E-12	3.76448152130117E-11	6.24134114809145	1E10	1E-30	1E-10	1E10	1E-30	1E-10	1E10	1E-30	1E-10	1E10	1E-30	1E-10
13	4.63654113870529E-08	1E10	1E9	1E-30	1.46499848167842E-10	1E10	1E-30	1E10	2.18650380116814E-02	5.91546605428368E-06	1E10	624.562122303865	8.26173670681205E-06	1E10	70.0770227082937	6.70730336507007E-06	1E10	15.688291206499	5.91059762047439E-06	1E10	2.21603003401549	4.57056283782242E-06	1E10	0.29696221355696	3.67609649224345E-06	1E10	0.045740951391231	4.58824621888716E-06	1E10	7.3809697415444E-03	1E-30	1.82153711127824E-11	0.3116959030118	1E-30	7.34509168764516E-11	0.108732558667206	1.70416754092489E-06	2.49664988041356E-12	5.5920585848086E-03	4.78470724748179E-08	4.34785155494524E-11	3.58295336698402E-02	3.5964568635371E-12	7.9708380078699E-11	26.7475724879156	1E10	1E-30	1E-10	1E10	1E-30	1E-10	1E10	1E-30	1E-10
14	4.63305909836023E-08	1E10	1E9	1E-30	1.87342696926951E-10	1E10	1E-30	1E10	2.24373078990801E-02	5.03239000190314E-06	1E10	510.761976784357	9.14636567831342E-06	1E10	40.5712659383403	7.4254898478187E-06	1E10	9.08277506746401	8.32150387711086E-06	1E10	1.77099999161117	5.52728689941551E-06	1E10	0.442663995800536	4.46973381405774E-06	1E10	0.101511439785242	2.69720112719211E-06	1E10	2.38425903020645E-02	1E-30	1.36453680467495E-11	0.131651268776937	1E-30	8.79047190094641E-11	0.110254425066268	3.31522931922536E-07	1.20422660013411E-11	1.50565581804546E-02	7.35021647704933E-08	2.35681166558414E-11	2.95033599459615E-02	1.51245662011729E-11	2.18137874610326E-11	5.15361579245652	1E10	1E-30	1E-10	1E10	1E-30	1E-10	1E10	1E-30	1E-10
15	9.30310851988828E-08	1E10	5E8	1E-30	1.16911334095167E-10	1E10	1E-30	1E10	1.43855830507493E-02	1.250126786002E-05	1E10	303.952751799487	1.64601381031047E-05	1E10	43.9345395878645	1.41032326033379E-05	1E10	7.46115529789201	1.27820178791392E-05	1E10	1.29660018601045	1.03209515591069E-05	1E10	0.197574106417285	7.71458554323028E-06	1E10	3.88667125434545E-02	9.52698237306714E-06	1E10	7.15191648680722E-03	1E-30	1.29638148493828E-11	8.89655842768866E-02	1E-30	9.6525074116038E-11	6.73537799790358E-02	6.50352820978142E-07	1.22628836857111E-11	0.011167637112966	1.85135241487541E-07	2.09765495029615E-11	2.11653337338121E-02	2.30757557129013E-12	8.12174692884375E-11	19.4244223867199	1E10	1E-30	1E-10	1E10	1E-30	1E-10	1E10	1E-30	1E-10
16	9.30310851988828E-08	1E10	5E8	1E-30	1.16911334095167E-10	1E10	1E-30	1E10	1.43855830507493E-02	1.250126786002E-05	1E10	303.952751799487	1.64601381031047E-05	1E10	43.9345395878645	1.41032326033379E-05	1E10	7.46115529789201	1.27820178791392E-05	1E10	1.29660018601045	1.03209515591069E-05	1E10	0.197574106417285	7.71458554323028E-06	1E10	3.88667125434545E-02	9.52698237306714E-06	1E10	7.15191648680722E-03	1E-30	1.29638148493828E-11	8.89655842768866E-02	1E-30	9.6525074116038E-11	6.73537799790358E-02	6.50352820978142E-07	1.22628836857111E-11	0.011167637112966	1.85135241487541E-07	2.09765495029615E-11	2.11653337338121E-02	2.30757557129013E-12	8.12174692884375E-11	19.4244223867199	1E10	1E-30	1E-10	1E10	1E-30	1E-10	1E10	1E-30	1E-10
17	2.16938114363519E-07	1E10	227272727.272727	1E-30	2.01554395497656E-10	1E10	1E-30	1E10	0.0172	2.14355061637851E-05	1E10	185.620696189559	2.95537882320015E-05	1E10	24.4695733567417	3.13114308109207E-05	1E10	3.6193151206854	3.80872049641675E-05	1E10	0.466258108165915	2.91378826055111E-05	1E10	0.103507864343909	1.59289667015797E-05	1E10	0.017702968766457	1E-30	2.96810847550817E-11	0.18221072292758	1E-30	1.09E-10	0.0556	1.40722159817636E-06	1.45608345922415E-11	5.80364614837111E-03	5.49E-7	1.96E-11	8.07E-3	7.80223981104062E-12	3.68043924005227E-11	5.64659235136193	1E10	1E-30	1E-10	1E10	1E-30	1E-10	1E10	1E-30	1E-10	1E10	1E-30	1E-10
18	1.3695967051661E-07	1E10	227272727.272727	1E-30	1.43602989910597E-10	1E10	1E-30	1E10	1.64641217929376E-02	4.13282927962896E-06	1E10	962.74810985045	4.88801710669903E-06	1E10	91.9417307113331	4.04029460591499E-06	1E10	9.6274810985045	3.31404275293717E-06	1E10	0.99412636238067	2.81201151951043E-06	1E10	0.112034948246916	2.15696066257197E-06	1E10	2.22440032820484E-02	1E-30	2.54870329541673E-11	0.218660892492323	1E-30	1.33903686395111E-10	6.69455003680123E-02	1.58335145111762E-06	7.071907578134E-12	6.36966536737632E-03	5.41187133081966E-07	1.10893028657304E-11	1.08834465042615E-02	2.55354458179526E-12	8.73092922868055E-11	19.5499597926249	1E10	1E-30	1E-10	1E10	1E-30	1E-10	1E10	1E-30	1E-10	1E10	1E-30	1E-10
19	1.3695967051661E-07	1E10	227272727.272727	1E-30	1.43602989910597E-10	1E10	1E-30	1E10	1.64641217929376E-02	4.13282927962896E-06	1E10	962.74810985045	4.88801710669903E-06	1E10	91.9417307113331	4.04029460591499E-06	1E10	9.6274810985045	3.31404275293717E-06	1E10	0.99412636238067	2.81201151951043E-06	1E10	0.112034948246916	2.15696066257197E-06	1E10	2.22440032820484E-02	1E-30	2.54870329541673E-11	0.218660892492323	1E-30	1.33903686395111E-10	6.69455003680123E-02	1.58335145111762E-06	7.071907578134E-12	6.36966536737632E-03	5.41187133081966E-07	1.10893028657304E-11	1.08834465042615E-02	2.55354458179526E-12	8.73092922868055E-11	19.5499597926249	1E10	1E-30	1E-10	1E10	1E-30	1E-10	1E10	1E-30	1E-10	1E10	1E-30	1E-10
20	2.16938114363519E-07	1E10	227272727.272727	1E-30	2.01554395497656E-10	1E10	1E-30	1E10	0.0172	2.14355061637851E-05	1E10	185.620696189559	2.95537882320015E-05	1E10	24.4695733567417	3.13114308109207E-05	1E10	3.6193151206854	3.80872049641675E-05	1E10	0.466258108165915	2.91378826055111E-05	1E10	0.103507864343909	1.59289667015797E-05	1E10	0.017702968766457	1E-30	2.96810847550817E-11	0.18221072292758	1E-30	1.09E-10	0.0556	1.40722159817636E-06	1.45608345922415E-11	5.80364614837111E-03	5.49E-7	1.96E-11	8.07E-3	7.80223981104062E-12	3.68043924005227E-11	5.64659235136193	1E10	1E-30	1E-10	1E10	1E-30	1E-10	1E10	1E-30	1E-10	1E10	1E-30	1E-10
21	2.16938114363519E-07	1E10	227272727.272727	1E-30	2.01554395497656E-10	1E10	1E-30	1E10	0.0172	2.14355061637851E-05	1E10	185.620696189559	2.95537882320015E-05	1E10	24.4695733567417	3.13114308109207E-05	1E10	3.6193151206854	3.80872049641675E-05	1E10	0.466258108165915	2.91378826055111E-05	1E10	0.103507864343909	1.59289667015797E-05	1E10	0.017702968766457	1E-30	2.96810847550817E-11	0.18221072292758	1E-30	1.09E-10	0.0556	1.40722159817636E-06	1.45608345922415E-11	5.80364614837111E-03	5.49E-7	1.96E-11	8.07E-3	7.80223981104062E-12	3.68043924005227E-11	5.64659235136193	1E10	1E-30	1E-10	1E10	1E-30	1E-10	1E10	1E-30	1E-10	1E10	1E-30	1E-10
22	1.38280210140488E-07	1E10	227272727.272727	1E-30	1.12200742699629E-10	1E10	1E-30	1E10	0.018391116169759	4.1605029208181E-06	1E10	700.229512406735	1.09432376628151E-05	1E10	59.5991973481275	5.10348368005969E-06	1E10	26.0159932312637	4.18761383364476E-06	1E10	3.93767991944195	3.53753767832718E-06	1E10	0.535918344431139	3.70564677047407E-06	1E10	7.58893141304753E-02	2.08676876363833E-06	1E10	2.47608701175307E-02	1E-30	1.74563236546609E-11	0.102332216224923	1E-30	9.10151931445384E-11	7.75745606152299E-02	6.64829771548659E-07	1.70103799205539E-11	7.72233914374143E-03	2.18830162724542E-07	2.85205767156378E-11	1.47179726371455E-02	1.52665244474792E-12	1.17809654929617E-10	26.7801100637818	1E10	1E-30	1E-10	1E10	1E-30	1E-10	1E10	1E-30	1E-10
23	1.3695967051661E-07	1E10	227272727.272727	1E-30	1.43602989910597E-10	1E10	1E-30	1E10	1.64641217929376E-02	4.13282927962896E-06	1E10	962.74810985045	4.88801710669903E-06	1E10	91.9417307113331	4.04029460591499E-06	1E10	9.6274810985045	3.31404275293717E-06	1E10	0.99412636238067	2.81201151951043E-06	1E10	0.112034948246916	2.15696066257197E-06	1E10	2.22440032820484E-02	1E-30	2.54870329541673E-11	0.218660892492323	1E-30	1.33903686395111E-10	6.69455003680123E-02	1.58335145111762E-06	7.071907578134E-12	6.36966536737632E-03	5.41187133081966E-07	1.10893028657304E-11	1.08834465042615E-02	2.55354458179526E-12	8.73092922868055E-11	19.5499597926249	1E10	1E-30	1E-10	1E10	1E-30	1E-10	1E10	1E-30	1E-10	1E10	1E-30	1E-10
24	1.3695967051661E-07	1E10	227272727.272727	1E-30	1.43602989910597E-10	1E10	1E-30	1E10	1.64641217929376E-02	4.13282927962896E-06	1E10	962.74810985045	4.88801710669903E-06	1E10	91.9417307113331	4.04029460591499E-06	1E10	9.6274810985045	3.31404275293717E-06	1E10	0.99412636238067	2.81201151951043E-06	1E10	0.112034948246916	2.15696066257197E-06	1E10	2.22440032820484E-02	1E-30	2.54870329541673E-11	0.218660892492323	1E-30	1.33903686395111E-10	6.69455003680123E-02	1.58335145111762E-06	7.071907578134E-12	6.36966536737632E-03	5.41187133081966E-07	1.10893028657304E-11	1.08834465042615E-02	2.55354458179526E-12	8.73092922868055E-11	19.5499597926249	1E10	1E-30	1E-10	1E10	1E-30	1E-10	1E10	1E-30	1E-10	1E10	1E-30	1E-10
25	1.3695967051661E-07	1E10	227272727.272727	1E-30	1.43602989910597E-10	1E10	1E-30	1E10	1.64641217929376E-02	4.13282927962896E-06	1E10	962.74810985045	4.88801710669903E-06	1E10	91.9417307113331	4.04029460591499E-06	1E10	9.6274810985045	3.31404275293717E-06	1E10	0.99412636238067	2.81201151951043E-06	1E10	0.112034948246916	2.15696066257197E-06	1E10	2.22440032820484E-02	1E-30	2.54870329541673E-11	0.218660892492323	1E-30	1.33903686395111E-10	6.69455003680123E-02	1.58335145111762E-06	7.071907578134E-12	6.36966536737632E-03	5.41187133081966E-07	1.10893028657304E-11	1.08834465042615E-02	2.55354458179526E-12	8.73092922868055E-11	19.5499597926249	1E10	1E-30	1E-10	1E10	1E-30	1E-10	1E10	1E-30	1E-10	1E10	1E-30	1E-10
26	1.38280210140488E-07	1E10	227272727.272727	1E-30	1.12200742699629E-10	1E10	1E-30	1E10	0.018391116169759	4.1605029208181E-06	1E10	700.229512406735	1.09432376628151E-05	1E10	59.5991973481275	5.10348368005969E-06	1E10	26.0159932312637	4.18761383364476E-06	1E10	3.93767991944195	3.53753767832718E-06	1E10	0.535918344431139	3.70564677047407E-06	1E10	7.58893141304753E-02	2.08676876363833E-06	1E10	2.47608701175307E-02	1E-30	1.74563236546609E-11	0.102332216224923	1E-30	9.10151931445384E-11	7.75745606152299E-02	6.64829771548659E-07	1.70103799205539E-11	7.72233914374143E-03	2.18830162724542E-07	2.85205767156378E-11	1.47179726371455E-02	1.52665244474792E-12	1.17809654929617E-10	26.7801100637818	1E10	1E-30	1E-10	1E10	1E-30	1E-10	1E10	1E-30	1E-10
27	4.44109158649847E-07	1E10	106382978.723404	1E-30	2.01310867516896E-10	1E10	1E-30	1E10	0.0112	3.69793795043145E-05	1E10	107.597088718947	6.06787808010281E-05	1E10	10.2754422004085	5.62761304455661E-05	1E10	1.86982309946807	7.20451881013626E-05	1E10	0.246490690078222	6.93646315443541E-05	1E10	4.64271189552959E-02	3.68E-5	1E10	0.0121	1E-30	1.41253754462275E-11	0.212758394593214	1E-30	2.75E-11	0.0999	1E-30	1.27E-10	0.042	2.84376031298141E-06	1.49517294806239E-11	3.68E-3	1.02E-6	2.6E-11	7.04999999999999E-03	4.0927672024328E-11	8.26437413164359E-12	0.776247116628692	1E10	1E-30	1E-10	1E10	1E-30	1E-10	1E10	1E-30	1E-10
28	2.77771187671447E-07	1E10	106382978.723404	1E-30	1.81071129439884E-10	1E10	1E-30	1E10	1.39836681087069E-02	8.14093590300121E-06	1E10	488.748913479412	1.13125259085367E-05	1E10	51.1782940133151	1.05208858223278E-05	1E10	6.90376190183247	1.13164505181679E-05	1E10	1.25627814604034	8.01943838150224E-06	1E10	0.304547993564424	6.8055869209198E-06	1E10	4.77348522565134E-02	4.47951410194324E-06	1E10	1.50897756120309E-02	1E-30	2.56444702297419E-11	0.141484459618606	1E-30	1.10836788040705E-10	5.60803083710354E-02	1.59230949237866E-06	1.64150073611366E-11	6.0385249323679E-03	5.15710417531967E-07	2.30045778403446E-11	1.05211353485827E-02	3.03061704381949E-12	5.9207240183716E-11	8.81312402864619	1E10	1E-30	1E-10	1E10	1E-30	1E-10	1E10	1E-30	1E-10
29	4.44109158649847E-07	1E10	106382978.723404	1E-30	2.01310867516896E-10	1E10	1E-30	1E10	0.0112	3.69793795043145E-05	1E10	107.597088718947	6.06787808010281E-05	1E10	10.2754422004085	5.62761304455661E-05	1E10	1.86982309946807	7.20451881013626E-05	1E10	0.246490690078222	6.93646315443541E-05	1E10	4.64271189552959E-02	3.68E-5	1E10	0.0121	1E-30	1.41253754462275E-11	0.212758394593214	1E-30	2.75E-11	0.0999	1E-30	1.27E-10	0.042	2.84376031298141E-06	1.49517294806239E-11	3.68E-3	1.02E-6	2.6E-11	7.04999999999999E-03	4.0927672024328E-11	8.26437413164359E-12	0.776247116628692	1E10	1E-30	1E-10	1E10	1E-30	1E-10	1E10	1E-30	1E-10
30	4.44109158649847E-07	1E10	106382978.723404	1E-30	2.01310867516896E-10	1E10	1E-30	1E10	0.0112	3.69793795043145E-05	1E10	107.597088718947	6.06787808010281E-05	1E10	10.2754422004085	5.62761304455661E-05	1E10	1.86982309946807	7.20451881013626E-05	1E10	0.246490690078222	6.93646315443541E-05	1E10	4.64271189552959E-02	3.68E-5	1E10	0.0121	1E-30	1.41253754462275E-11	0.212758394593214	1E-30	2.75E-11	0.0999	1E-30	1.27E-10	0.042	2.84376031298141E-06	1.49517294806239E-11	3.68E-3	1.02E-6	2.6E-11	7.04999999999999E-03	4.0927672024328E-11	8.26437413164359E-12	0.776247116628692	1E10	1E-30	1E-10	1E10	1E-30	1E-10	1E10	1E-30	1E-10
31	2.77771187671447E-07	1E10	106382978.723404	1E-30	1.81071129439884E-10	1E10	1E-30	1E10	1.39836681087069E-02	8.14093590300121E-06	1E10	488.748913479412	1.13125259085367E-05	1E10	51.1782940133151	1.05208858223278E-05	1E10	6.90376190183247	1.13164505181679E-05	1E10	1.25627814604034	8.01943838150224E-06	1E10	0.304547993564424	6.8055869209198E-06	1E10	4.77348522565134E-02	4.47951410194324E-06	1E10	1.50897756120309E-02	1E-30	2.56444702297419E-11	0.141484459618606	1E-30	1.10836788040705E-10	5.60803083710354E-02	1.59230949237866E-06	1.64150073611366E-11	6.0385249323679E-03	5.15710417531967E-07	2.30045778403446E-11	1.05211353485827E-02	3.03061704381949E-12	5.9207240183716E-11	8.81312402864619	1E10	1E-30	1E-10	1E10	1E-30	1E-10	1E10	1E-30	1E-10
32	2.77771187671447E-07	1E10	106382978.723404	1E-30	1.81071129439884E-10	1E10	1E-30	1E10	1.39836681087069E-02	8.14093590300121E-06	1E10	488.748913479412	1.13125259085367E-05	1E10	51.1782940133151	1.05208858223278E-05	1E10	6.90376190183247	1.13164505181679E-05	1E10	1.25627814604034	8.01943838150224E-06	1E10	0.304547993564424	6.8055869209198E-06	1E10	4.77348522565134E-02	4.47951410194324E-06	1E10	1.50897756120309E-02	1E-30	2.56444702297419E-11	0.141484459618606	1E-30	1.10836788040705E-10	5.60803083710354E-02	1.59230949237866E-06	1.64150073611366E-11	6.0385249323679E-03	5.15710417531967E-07	2.30045778403446E-11	1.05211353485827E-02	3.03061704381949E-12	5.9207240183716E-11	8.81312402864619	1E10	1E-30	1E-10	1E10	1E-30	1E-10	1E10	1E-30	1E-10
33	2.77771187671447E-07	1E10	106382978.723404	1E-30	1.81071129439884E-10	1E10	1E-30	1E10	1.39836681087069E-02	8.14093590300121E-06	1E10	488.748913479412	1.13125259085367E-05	1E10	51.1782940133151	1.05208858223278E-05	1E10	6.90376190183247	1.13164505181679E-05	1E10	1.25627814604034	8.01943838150224E-06	1E10	0.304547993564424	6.8055869209198E-06	1E10	4.77348522565134E-02	4.47951410194324E-06	1E10	1.50897756120309E-02	1E-30	2.56444702297419E-11	0.141484459618606	1E-30	1.10836788040705E-10	5.60803083710354E-02	1.59230949237866E-06	1.64150073611366E-11	6.0385249323679E-03	5.15710417531967E-07	2.30045778403446E-11	1.05211353485827E-02	3.03061704381949E-12	5.9207240183716E-11	8.81312402864619	1E10	1E-30	1E-10	1E10	1E-30	1E-10	1E10	1E-30	1E-10
34	2.77771187671447E-07	1E10	106382978.723404	1E-30	1.81071129439884E-10	1E10	1E-30	1E10	1.39836681087069E-02	8.14093590300121E-06	1E10	488.748913479412	1.13125259085367E-05	1E10	51.1782940133151	1.05208858223278E-05	1E10	6.90376190183247	1.13164505181679E-05	1E10	1.25627814604034	8.01943838150224E-06	1E10	0.304547993564424	6.8055869209198E-06	1E10	4.77348522565134E-02	4.47951410194324E-06	1E10	1.50897756120309E-02	1E-30	2.56444702297419E-11	0.141484459618606	1E-30	1.10836788040705E-10	5.60803083710354E-02	1.59230949237866E-06	1.64150073611366E-11	6.0385249323679E-03	5.15710417531967E-07	2.30045778403446E-11	1.05211353485827E-02	3.03061704381949E-12	5.9207240183716E-11	8.81312402864619	1E10	1E-30	1E-10	1E10	1E-30	1E-10	1E10	1E-30	1E-10
35	8.59423635965153E-07	1E10	5E7	1E-30	1.41148924475576E-10	1E10	1E-30	1E10	8.69308486391588E-03	5.52188312422939E-06	1E10	1266.51887580912	2.83861665879298E-05	1E10	9.7181096244642	2.82301764529634E-05	1E10	0.967936070627963	2.14913691923509E-05	1E10	0.126934793483723	1.86396336897808E-05	1E10	1.52891272773453E-02	1E-30	3.48099255620954E-11	0.161477864460067	1E-30	1.32137150935141E-10	3.53885675526665E-02	1.8459696141917E-06	4.48420793252356E-11	5.54730741774949E-03	1.70091711660787E-06	2.36470802397015E-11	6.22597431646419E-03	6.57552294890468E-12	4.17693476294343E-11	7.73061070072246	1E10	1E-30	1E-10	1E10	1E-30	1E-10	1E10	1E-30	1E-10	1E10	1E-30	1E-10	1E10	1E-30	1E-10
36	7.17975211606605E-07	1E10	5E7	1E-30	1.89491918951229E-10	1E10	1E-30	1E10	1.31812626063822E-02	1.86212960276718E-05	1E10	117.262348822481	2.77036539555864E-05	1E10	15.3414283243327	3.07198419174324E-05	1E10	3.95722425881465	2.45599049829619E-05	1E10	1.34203213206634	2.13698230401382E-05	1E10	0.398983976339971	1.29896950804711E-05	1E10	0.10718826161699	9.02730057555785E-06	1E10	2.38369925408341E-02	1E-30	2.68428472228811E-11	0.210917510217296	1E-30	2.3540116566453E-11	6.46302520953865E-02	1E-30	6.37282114085935E-11	2.15371755808508E-02	1E-30	6.60761808119094E-11	1.66109895442495E-02	1.40463771850006E-06	3.13293033907891E-11	7.55441055889339E-03	3.06523525628917E-06	5.68800899945169E-12	3.09124223352555E-03	3.17872740519467E-11	1.55732455978687E-11	1.01889702519367	1E10	1E-30	1E-10
37	5.56098645682094E-07	1E10	5E7	1E-30	1.54471002737277E-10	1E10	1E-30	1E10	1.05779380405817E-02	1.76637582028793E-05	1E10	122.796796262402	1.64933804580018E-05	1E10	17.1869537784447	1.46623072951821E-05	1E10	2.4109503435367	1.49297735105505E-05	1E10	0.302147614794932	1.1482640631285E-05	1E10	5.23504433593629E-02	1.38106366599941E-05	1E10	9.18047534654443E-03	1E-30	2.04737522044543E-11	0.23672090237667	1E-30	2.19004197062679E-11	6.72047463254706E-02	1E-30	1.20361555440112E-10	3.79508941700676E-02	4.54247433517528E-06	1.13763353299164E-11	3.84664619013822E-03	8.42439312153318E-07	3.21256577791182E-11	5.60045083834557E-03	7.38717456875134E-12	2.47224295809359E-11	4.09595598511571	1E10	1E-30	1E-10	1E10	1E-30	1E-10	1E10	1E-30	1E-10
38	6.72863011476733E-07	1E10	5E7	1E-30	1.81227505900077E-10	1E10	1E-30	1E10	9.31262159366351E-03	6.7460995513741E-05	1E10	35.7434294219426	7.54144016569578E-05	1E10	5.40213053490751	4.86881613505102E-05	1E10	1.62912405886866	3.71338724963272E-05	1E10	0.385941454003516	2.61435472685049E-05	1E10	7.29725865153703E-02	1.66443063203825E-05	1E10	1.36625243219252E-02	1E-30	9.71541533636119E-12	0.139954426115245	1E-30	3.24758209609826E-11	0.103957446619862	1E-30	1.44313390635668E-10	3.22536926300064E-02	4.59874805828583E-06	1.55089470800017E-11	3.88052432810789E-03	2.2809742055543E-06	1.65263715505881E-11	5.09570336127539E-03	2.71324520710668E-11	1.15263380967545E-11	1.73896908364825	1E10	1E-30	1E-10	1E10	1E-30	1E-10	1E10	1E-30	1E-10
39	6.72863011476733E-07	1E10	5E7	1E-30	1.81227505900077E-10	1E10	1E-30	1E10	9.31262159366351E-03	6.7460995513741E-05	1E10	35.7434294219426	7.54144016569578E-05	1E10	5.40213053490751	4.86881613505102E-05	1E10	1.62912405886866	3.71338724963272E-05	1E10	0.385941454003516	2.61435472685049E-05	1E10	7.29725865153703E-02	1.66443063203825E-05	1E10	1.36625243219252E-02	1E-30	9.71541533636119E-12	0.139954426115245	1E-30	3.24758209609826E-11	0.103957446619862	1E-30	1.44313390635668E-10	3.22536926300064E-02	4.59874805828583E-06	1.55089470800017E-11	3.88052432810789E-03	2.2809742055543E-06	1.65263715505881E-11	5.09570336127539E-03	2.71324520710668E-11	1.15263380967545E-11	1.73896908364825	1E10	1E-30	1E-10	1E10	1E-30	1E-10	1E10	1E-30	1E-10
40	8.35880119478756E-07	1E10	5E7	1E-30	1.16026439454283E-10	1E10	1E-30	1E10	0.010388096675612	2.58685865751976E-05	1E10	214.746540803439	3.91735782703151E-05	1E10	10.8581858276912	4.33059258417669E-05	1E10	0.962077171211619	3.90469733318474E-05	1E10	0.105845883708702	2.26322455604869E-05	1E10	1.84916478951307E-02	1E-30	3.29073799956751E-11	0.280703916961987	1E-30	2.43294204770305E-11	6.13709811992773E-02	1E-30	1.22236875085505E-10	3.09688084363054E-02	8.98041951735523E-07	5.27127444480244E-11	8.91358457357808E-03	2.52089274450945E-12	7.00955165304761E-11	11.665225076498	1E10	1E-30	1E-10	1E10	1E-30	1E-10	1E10	1E-30	1E-10	1E10	1E-30	1E-10	1E10	1E-30	1E-10
41	7.82311764397031E-07	1E10	5E7	1E-30	1.77549543756946E-10	1E10	1E-30	1E10	1.41561974137735E-02	4.37192823522218E-06	1E10	1714.05933822984	3.27610703612431E-05	1E10	14.5524022909542	3.37507042509282E-05	1E10	1.32862500204225	3.13998472404468E-05	1E10	0.148476825090319	2.08694891639457E-05	1E10	2.26625226212071E-02	1E-30	3.37891720697957E-11	0.140981304727257	1E-30	1.10001373599566E-10	4.23974515588521E-02	5.33427138355582E-07	8.71411883426275E-11	1.33328793521497E-02	7.85908424236711E-12	4.09209383355419E-11	2.7136387855956	1E10	1E-30	1E-10	1E10	1E-30	1E-10	1E10	1E-30	1E-10	1E10	1E-30	1E-10	1E10	1E-30	1E-10	1E10	1E-30	1E-10
42	6.606409671543E-07	1E10	5E7	1E-30	9.93384193888502E-11	1E10	1E-30	1E10	0.011150916507331	2.54952109088274E-06	1E10	2743.09133266552	1.18653702447181E-05	1E10	25.3519564450144	1.24757372877893E-05	1E10	2.42098742860651	9.90474005919978E-06	1E10	0.295231933993136	7.18502012570837E-06	1E10	3.13118361164073E-02	1E-30	3.53655259201142E-11	0.147558453823148	1E-30	1.21186548856108E-10	3.59620182473837E-02	1.95375481739142E-06	2.54326857338997E-11	5.15475622593598E-03	1.30182859416217E-06	2.16184878060282E-11	5.50894738389798E-03	1.40365652233254E-12	9.71732212126127E-11	18.4685683112096	1E10	1E-30	1E-10	1E10	1E-30	1E-10	1E10	1E-30	1E-10	1E10	1E-30	1E-10	1E10	1E-30	1E-10
43	5.56098645682094E-07	1E10	5E7	1E-30	1.54471002737277E-10	1E10	1E-30	1E10	1.05779380405817E-02	1.76637582028793E-05	1E10	122.796796262402	1.64933804580018E-05	1E10	17.1869537784447	1.46623072951821E-05	1E10	2.4109503435367	1.49297735105505E-05	1E10	0.302147614794932	1.1482640631285E-05	1E10	5.23504433593629E-02	1.38106366599941E-05	1E10	9.18047534654443E-03	1E-30	2.04737522044543E-11	0.23672090237667	1E-30	2.19004197062679E-11	6.72047463254706E-02	1E-30	1.20361555440112E-10	3.79508941700676E-02	4.54247433517528E-06	1.13763353299164E-11	3.84664619013822E-03	8.42439312153318E-07	3.21256577791182E-11	5.60045083834557E-03	7.38717456875134E-12	2.47224295809359E-11	4.09595598511571	1E10	1E-30	1E-10	1E10	1E-30	1E-10	1E10	1E-30	1E-10
44	6.72863011476733E-07	1E10	5E7	1E-30	1.81227505900077E-10	1E10	1E-30	1E10	9.31262159366351E-03	6.7460995513741E-05	1E10	35.7434294219426	7.54144016569578E-05	1E10	5.40213053490751	4.86881613505102E-05	1E10	1.62912405886866	3.71338724963272E-05	1E10	0.385941454003516	2.61435472685049E-05	1E10	7.29725865153703E-02	1.66443063203825E-05	1E10	1.36625243219252E-02	1E-30	9.71541533636119E-12	0.139954426115245	1E-30	3.24758209609826E-11	0.103957446619862	1E-30	1.44313390635668E-10	3.22536926300064E-02	4.59874805828583E-06	1.55089470800017E-11	3.88052432810789E-03	2.2809742055543E-06	1.65263715505881E-11	5.09570336127539E-03	2.71324520710668E-11	1.15263380967545E-11	1.73896908364825	1E10	1E-30	1E-10	1E10	1E-30	1E-10	1E10	1E-30	1E-10
45	1.7339021579238E-06	1E10	22727272.7272727	1E-30	1.78896783714282E-10	1E10	1E-30	1E10	6.34586454200836E-03	5.99923270611639E-05	1E10	85.7369052068733	9.14415324532643E-05	1E10	5.82268392878056	8.034390274859E-05	1E10	0.94045896438842	7.76088576946337E-05	1E10	0.14677394786731	7.79155657208395E-05	1E10	2.69251896508936E-02	4.69488429584249E-05	1E10	8.75140427768972E-03	1E-30	1.9009813663273E-11	0.211955656489092	1E-30	3.14068794278872E-11	6.04197208008965E-02	1E-30	1.38253604158526E-10	2.71129339432493E-02	6.23892506223398E-06	3.27406391220869E-11	4.6695689480333E-03	2.47394707934384E-06	3.93077215299621E-11	6.91477042323453E-03	4.51149616945011E-11	8.51532025874297E-12	0.919071641493576	1E10	1E-30	1E-10	1E10	1E-30	1E-10	1E10	1E-30	1E-10
46	1.7339021579238E-06	1E10	22727272.7272727	1E-30	1.78896783714282E-10	1E10	1E-30	1E10	6.34586454200836E-03	5.99923270611639E-05	1E10	85.7369052068733	9.14415324532643E-05	1E10	5.82268392878056	8.034390274859E-05	1E10	0.94045896438842	7.76088576946337E-05	1E10	0.14677394786731	7.79155657208395E-05	1E10	2.69251896508936E-02	4.69488429584249E-05	1E10	8.75140427768972E-03	1E-30	1.9009813663273E-11	0.211955656489092	1E-30	3.14068794278872E-11	6.04197208008965E-02	1E-30	1.38253604158526E-10	2.71129339432493E-02	6.23892506223398E-06	3.27406391220869E-11	4.6695689480333E-03	2.47394707934384E-06	3.93077215299621E-11	6.91477042323453E-03	4.51149616945011E-11	8.51532025874297E-12	0.919071641493576	1E10	1E-30	1E-10	1E10	1E-30	1E-10	1E10	1E-30	1E-10
47	1.7339021579238E-06	1E10	22727272.7272727	1E-30	1.78896783714282E-10	1E10	1E-30	1E10	6.34586454200836E-03	5.99923270611639E-05	1E10	85.7369052068733	9.14415324532643E-05	1E10	5.82268392878056	8.034390274859E-05	1E10	0.94045896438842	7.76088576946337E-05	1E10	0.14677394786731	7.79155657208395E-05	1E10	2.69251896508936E-02	4.69488429584249E-05	1E10	8.75140427768972E-03	1E-30	1.9009813663273E-11	0.211955656489092	1E-30	3.14068794278872E-11	6.04197208008965E-02	1E-30	1.38253604158526E-10	2.71129339432493E-02	6.23892506223398E-06	3.27406391220869E-11	4.6695689480333E-03	2.47394707934384E-06	3.93077215299621E-11	6.91477042323453E-03	4.51149616945011E-11	8.51532025874297E-12	0.919071641493576	1E10	1E-30	1E-10	1E10	1E-30	1E-10	1E10	1E-30	1E-10
48	1.7339021579238E-06	1E10	22727272.7272727	1E-30	1.78896783714282E-10	1E10	1E-30	1E10	6.34586454200836E-03	5.99923270611639E-05	1E10	85.7369052068733	9.14415324532643E-05	1E10	5.82268392878056	8.034390274859E-05	1E10	0.94045896438842	7.76088576946337E-05	1E10	0.14677394786731	7.79155657208395E-05	1E10	2.69251896508936E-02	4.69488429584249E-05	1E10	8.75140427768972E-03	1E-30	1.9009813663273E-11	0.211955656489092	1E-30	3.14068794278872E-11	6.04197208008965E-02	1E-30	1.38253604158526E-10	2.71129339432493E-02	6.23892506223398E-06	3.27406391220869E-11	4.6695689480333E-03	2.47394707934384E-06	3.93077215299621E-11	6.91477042323453E-03	4.51149616945011E-11	8.51532025874297E-12	0.919071641493576	1E10	1E-30	1E-10	1E10	1E-30	1E-10	1E10	1E-30	1E-10
49	1.7339021579238E-06	1E10	22727272.7272727	1E-30	1.78896783714282E-10	1E10	1E-30	1E10	6.34586454200836E-03	5.99923270611639E-05	1E10	85.7369052068733	9.14415324532643E-05	1E10	5.82268392878056	8.034390274859E-05	1E10	0.94045896438842	7.76088576946337E-05	1E10	0.14677394786731	7.79155657208395E-05	1E10	2.69251896508936E-02	4.69488429584249E-05	1E10	8.75140427768972E-03	1E-30	1.9009813663273E-11	0.211955656489092	1E-30	3.14068794278872E-11	6.04197208008965E-02	1E-30	1.38253604158526E-10	2.71129339432493E-02	6.23892506223398E-06	3.27406391220869E-11	4.6695689480333E-03	2.47394707934384E-06	3.93077215299621E-11	6.91477042323453E-03	4.51149616945011E-11	8.51532025874297E-12	0.919071641493576	1E10	1E-30	1E-10	1E10	1E-30	1E-10	1E10	1E-30	1E-10
END DSCRDATA
