BEGIN DSCRDATA
% INDEX	K01	L01	M01	K02	L02	M02	K03	L03	M03	K04	L04	M04	K05	L05	M05	K06	L06	M06	K07	L07	M07	K08	L08	M08	K09	L09	M09	K10	L10	M10	K11	L11	M11	K12	L12	M12	K13	L13	M13	K14	L14	M14	K15	L15	M15	K16	L16	M16	K17	L17	M17	K18	L18	M18
0	0	0	0	0	0	0	0	0	0	0	0	0	0	0	0	0	0	0	0	0	0	0	0	0	0	0	0	0	0	0	0	0	0	0	0	0	0	0	0	0	0	0	0	0	0	0	0	0	0	0	0	0	0	0
1	1.01139839440037E-06	1E10	5E7	1E-30	1.04824555377975E-10	1E10	1E-30	1E10	3.95140651612181E-03	2.82691674166199E-05	1E10	236.257638717773	1.58177484951682E-04	1E10	1.59934681685277	1.60030030436004E-04	1E10	0.145110788703232	1.34741192374904E-04	1E10	1.68036686722961E-02	1.32426354555977E-04	1E10	1.80421051683443E-03	1E-30	1.84772785604794E-10	3.32251203439647E-02	1E-30	1.31542568508845E-11	2.59357105655916E-02	3.3923521348945E-06	4.78423027028119E-11	1.84815538523132E-02	1.96359932363214E-06	3.66856673566889E-11	1.81899109690772E-02	1.19177128102758E-11	9.44033445952784E-11	9.28461286655494	2.35389140080011E-12	1.28772102274174E-10	18.4599596623939	1E10	1E-30	1E-10	1E10	1E-30	1E-10	1E10	1E-30	1E-10	1E10	1E-30	1E-10
2	2.12060605723972E-06	1E10	22727273	1E-30	2.16646913543586E-10	1E10	1E-30	1E10	3.84609120742213E-03	2.94023938718753E-04	1E10	7.1575669185423	4.48629498171801E-04	1E10	1.00935618905521	3.89490609701064E-04	1E10	0.288104743830394	3.89878283898774E-04	1E10	8.36956289002115E-02	2.90992232292005E-04	1E10	2.35730021535824E-02	1.66186285270417E-04	1E10	5.76966092105906E-03	1E-30	2.34817233078047E-11	6.61128194890492E-02	1E-30	1.1324802435E-10	1.29236149882895E-02	1E-30	8.1315175809227E-11	1.12979722735816E-02	1E-30	4.62603873485302E-11	6.81004759290714E-03	1.0519602297922E-05	3.71134767957537E-11	1.04553006203067E-02	1.96110606950982E-06	8.82684038205523E-11	1.11832359770665E-02	9.19888829159714E-12	7.60567878603154E-11	10.219004536254	1E10	1E-30	1E-10	1E10	1E-30	1E-10
3	1.85074137353481E-06	1E10	22727273	1E-30	1.40935936881452E-10	1E10	1E-30	1E10	4.83375018025891E-03	1.76939762805369E-05	1E10	386.254396858232	5.66607139073032E-05	1E10	8.48729725737176	4.91968127172847E-05	1E10	0.98665591232515	3.91412582836882E-05	1E10	0.122578121914921	2.91592429697937E-05	1E10	1.64416291230113E-02	1E-30	7.29793569169606E-12	4.41409953330557E-02	1E-30	2.21851163788663E-11	3.12332890158761E-02	1E-30	2.40198069755301E-10	3.07801542075842E-02	5.46105951406701E-06	4.73055599368324E-11	1.20062883994065E-02	2.77785115490666E-06	4.64819915157135E-11	1.18067112914906E-02	1.07522998008211E-11	6.86307760813421E-11	8.28416618244985	5.99040589525685E-12	4.93590046176885E-11	7.29208871329846	1E10	1E-30	1E-10	1E10	1E-30	1E-10	1E10	1E-30	1E-10
4	2.83375936874113E-06	1E10	10638297.8723404	1E-30	1.17604489683791E-10	1E10	1E-30	1E10	4.3777860550387E-03	5.4317834070402E-05	1E10	97.6689306656401	8.82097647356858E-05	1E10	4.58804940266502	8.13731558464829E-05	1E10	0.503334492691016	6.62129122162922E-05	1E10	6.09898731561818E-02	5.3064352920075E-05	1E10	7.4564272912378E-03	1E-30	3.09180039785511E-11	3.59607587296736E-02	1E-30	2.29731846121464E-10	2.27560925096177E-02	9.79802187005958E-06	4.27204055117724E-11	6.69059717065282E-03	3.73252486312664E-06	5.2693621719413E-11	8.25692755614404E-03	8.4887378284833E-12	1.11878192106544E-10	14.0432863206479	3.16671348630344E-12	1.06773167933131E-10	29.8789070144212	1E10	1E-30	1E-10	1E10	1E-30	1E-10	1E10	1E-30	1E-10	1E10	1E-30	1E-10
5	7.47632603097615E-06	1E10	5E6	1E-30	1.36927587566886E-10	1E10	1E-30	1E10	2.77883517994367E-03	3.44155829663454E-04	1E10	10.4595985677657	5.72921718910231E-04	1E10	1.16600902656133	4.16726041488952E-04	1E10	0.251402924790944	3.54838866570284E-04	1E10	3.94947433783931E-02	2.62362667809117E-04	1E10	6.48070444815832E-03	1E-30	9.19723634191623E-12	4.27495331154466E-02	1E-30	4.1274749319598E-11	2.23774659782188E-02	1E-30	2.26288320234083E-10	0.014210657087762	2.29811915045353E-05	6.45787376320102E-11	5.5038058378905E-03	9.34679756505108E-06	7.50542615205685E-11	6.54811473114014E-03	9.88399165093976E-12	7.13372299069772E-11	14.9878510869687	2.9847946046673E-12	8.17239491197592E-11	19.9342062565765	1E10	1E-30	1E-10	1E10	1E-30	1E-10	1E10	1E-30	1E-10
6	1.70206181946941E-05	1E10	2272727.27272727	1E-30	1.60118967609735E-10	1E10	1E-30	1E10	2.11079627614132E-03	6.67311678709969E-04	1E10	7.95005533244323	7.65010572702281E-04	1E10	0.774178575972406	7.02564852675535E-04	1E10	9.99484689284272E-02	6.44908017255838E-04	1E10	1.24198261841336E-02	6.1912267886041E-04	1E10	1.96857386104605E-03	1E-30	1.61503900270338E-11	5.44233395466582E-02	1E-30	3.6563279134957E-11	2.01523071511049E-02	1E-30	3.36699507653957E-10	0.013386102908596	5.82675704631975E-05	6.4082856801607E-11	3.34594591041664E-03	2.26350936830075E-05	8.31013562570099E-11	3.60655849411557E-03	4.76510898329101E-12	8.45808830670639E-11	14.7265955425725	1E10	1E-30	1E-10	1E10	1E-30	1E-10	1E10	1E-30	1E-10	1E10	1E-30	1E-10
7	1.70206181946941E-05	1E10	2272727.27272727	1E-30	1.60118967609735E-10	1E10	1E-30	1E10	2.11079627614132E-03	6.67311678709969E-04	1E10	7.95005533244323	7.65010572702281E-04	1E10	0.774178575972406	7.02564852675535E-04	1E10	9.99484689284272E-02	6.44908017255838E-04	1E10	1.24198261841336E-02	6.1912267886041E-04	1E10	1.96857386104605E-03	1E-30	1.61503900270338E-11	5.44233395466582E-02	1E-30	3.6563279134957E-11	2.01523071511049E-02	1E-30	3.36699507653957E-10	0.013386102908596	5.82675704631975E-05	6.4082856801607E-11	3.34594591041664E-03	2.26350936830075E-05	8.31013562570099E-11	3.60655849411557E-03	4.76510898329101E-12	8.45808830670639E-11	14.7265955425725	1E10	1E-30	1E-10	1E10	1E-30	1E-10	1E10	1E-30	1E-10	1E10	1E-30	1E-10
8	1.70206181946941E-05	1E10	2272727.27272727	1E-30	1.60118967609735E-10	1E10	1E-30	1E10	2.11079627614132E-03	6.67311678709969E-04	1E10	7.95005533244323	7.65010572702281E-04	1E10	0.774178575972406	7.02564852675535E-04	1E10	9.99484689284272E-02	6.44908017255838E-04	1E10	1.24198261841336E-02	6.1912267886041E-04	1E10	1.96857386104605E-03	1E-30	1.61503900270338E-11	5.44233395466582E-02	1E-30	3.6563279134957E-11	2.01523071511049E-02	1E-30	3.36699507653957E-10	0.013386102908596	5.82675704631975E-05	6.4082856801607E-11	3.34594591041664E-03	2.26350936830075E-05	8.31013562570099E-11	3.60655849411557E-03	4.76510898329101E-12	8.45808830670639E-11	14.7265955425725	1E10	1E-30	1E-10	1E10	1E-30	1E-10	1E10	1E-30	1E-10	1E10	1E-30	1E-10
END DSCRDATA
