BEGIN DSCRDATA
% INDEX	K01	L01	M01	K02	L02	M02	K03	L03	M03	K04	L04	M04	K05	L05	M05	K06	L06	M06	K07	L07	M07	K08	L08	M08	K09	L09	M09	K10	L10	M10	K11	L11	M11	K12	L12	M12	K13	L13	M13	K14	L14	M14	K15	L15	M15	K16	L16	M16	K17	L17	M17	K18	L18	M18
0	0	0	0	0	0	0	0	0	0	0	0	0	0	0	0	0	0	0	0	0	0	0	0	0	0	0	0	0	0	0	0	0	0	0	0	0	0	0	0	0	0	0	0	0	0	0	0	0	0	0	0	0	0	0
1	1.08078609413285E-10	1E10	1E10	1E-30	7.02693379005333E-13	1E10	1E-30	1E10	1.5811348683604E-03	2.76263529736321E-10	1E10	1.67391604684397E-03	1E-30	1.22719080423107E-10	0.169941942986104	1E-30	1.09399621757661E-12	8.48424882799669E-03	1E-30	3.35676530349353E-13	3.89946166933644E-03	6.29674440746746E-12	7.97836835539509E-10	166.832443183696	5.59537672551266E-12	7.83768669772324E-10	280.498032921381	2.759719264108E-10	4.64227146933454E-12	1.0282521224597	4.80503018568355E-09	1.63534171976469E-13	8.71687020184168E-02	3.89643672972378E-10	1.39829755905771E-12	0.256788627931122	1E10	1E-30	1E-10	1E10	1E-30	1E-10	1E10	1E-30	1E-10	1E10	1E-30	1E-10	1E10	1E-30	1E-10	1E10	1E-30	1E-10
2	1.08078609413285E-10	1E10	1E10	1E-30	7.02693379005333E-13	1E10	1E-30	1E10	1.5811348683604E-03	2.76263529736321E-10	1E10	1.67391604684397E-03	1E-30	1.22719080423107E-10	0.169941942986104	1E-30	1.09399621757661E-12	8.48424882799669E-03	1E-30	3.35676530349353E-13	3.89946166933644E-03	6.29674440746746E-12	7.97836835539509E-10	166.832443183696	5.59537672551266E-12	7.83768669772324E-10	280.498032921381	2.759719264108E-10	4.64227146933454E-12	1.0282521224597	4.80503018568355E-09	1.63534171976469E-13	8.71687020184168E-02	3.89643672972378E-10	1.39829755905771E-12	0.256788627931122	1E10	1E-30	1E-10	1E10	1E-30	1E-10	1E10	1E-30	1E-10	1E10	1E-30	1E-10	1E10	1E-30	1E-10	1E10	1E-30	1E-10
3	1.49999999999999E-10	1E10	1E10	1E-30	5.0038131641298E-12	1E10	1E-30	1E10	2.85242515254967E-04	1E-30	1.07378258683136E-10	0.069551234661468	8.81257729246714E-09	2.99616818169096E-11	6.43556560422052E-02	1.40931789134387E-10	6.83368005255712E-11	6.36737050280341	2.85331517141197E-12	1.58800584491485E-09	497.546965777738	4.16191098693616E-11	6.56183565447907E-11	8.08917703146174	1E10	1E-30	1E-10	1E10	1E-30	1E-10	1E10	1E-30	1E-10	1E10	1E-30	1E-10	1E10	1E-30	1E-10	1E10	1E-30	1E-10	1E10	1E-30	1E-10	1E10	1E-30	1E-10	1E10	1E-30	1E-10	1E10	1E-30	1E-10
4	1.49999999999999E-10	1E10	1E10	1E-30	5.0038131641298E-12	1E10	1E-30	1E10	2.85242515254967E-04	1E-30	1.07378258683136E-10	0.069551234661468	8.81257729246714E-09	2.99616818169096E-11	6.43556560422052E-02	1.40931789134387E-10	6.83368005255712E-11	6.36737050280341	2.85331517141197E-12	1.58800584491485E-09	497.546965777738	4.16191098693616E-11	6.56183565447907E-11	8.08917703146174	1E10	1E-30	1E-10	1E10	1E-30	1E-10	1E10	1E-30	1E-10	1E10	1E-30	1E-10	1E10	1E-30	1E-10	1E10	1E-30	1E-10	1E10	1E-30	1E-10	1E10	1E-30	1E-10	1E10	1E-30	1E-10	1E10	1E-30	1E-10
5	2.05315946175338E-10	1E10	1E10	1E-30	3.53824130866243E-11	1E10	1E-30	1E10	8.02534655452165E-04	1E-30	1.16909643593989E-11	0.138324135230778	1E-30	1.329441740616E-10	7.37557309630226E-02	9.18507221426567E-08	4.771274605588E-12	0.025333858549559	5.08290256068736E-10	4.09888437583395E-11	3.27848475539469	2.27404838941841E-08	5.44196715205255E-13	3.31192262484508E-02	1.88841741662199E-11	3.16307668466325E-10	31.0631410226824	4.75773065735299E-12	8.45589597918416E-10	217.304358219042	8.33204314598285E-12	4.69009308922942E-10	477.381734955245	1E10	1E-30	1E-10	1E10	1E-30	1E-10	1E10	1E-30	1E-10	1E10	1E-30	1E-10	1E10	1E-30	1E-10	1E10	1E-30	1E-10	1E10	1E-30	1E-10
6	2.05315946175338E-10	1E10	1E10	1E-30	3.53824130866243E-11	1E10	1E-30	1E10	8.02534655452165E-04	1E-30	1.16909643593989E-11	0.138324135230778	1E-30	1.329441740616E-10	7.37557309630226E-02	9.18507221426567E-08	4.771274605588E-12	0.025333858549559	5.08290256068736E-10	4.09888437583395E-11	3.27848475539469	2.27404838941841E-08	5.44196715205255E-13	3.31192262484508E-02	1.88841741662199E-11	3.16307668466325E-10	31.0631410226824	4.75773065735299E-12	8.45589597918416E-10	217.304358219042	8.33204314598285E-12	4.69009308922942E-10	477.381734955245	1E10	1E-30	1E-10	1E10	1E-30	1E-10	1E10	1E-30	1E-10	1E10	1E-30	1E-10	1E10	1E-30	1E-10	1E10	1E-30	1E-10	1E10	1E-30	1E-10
7	3.13574388621047E-10	1E10	1E10	1E-30	2.09826845651308E-11	1E10	1E-30	1E10	3.55394785963829E-03	1.6332775175486E-06	1E10	2.60736038313617E-02	1E-30	1.12783650888732E-10	6.81737535783378E-02	7.89961958688818E-10	5.49907593900037E-11	3.14424461107159	1.5853453286571E-10	8.17392156597057E-11	6.69422599349697	2.73129660557605E-10	2.12162340428752E-11	4.37679037140539	4.20644149784972E-12	9.18576176913426E-10	399.561315741356	1.02516302565217E-11	3.67476580703107E-10	138.881808917347	2.27961286731847E-11	1.44267086494661E-10	45.138508071307	1E10	1E-30	1E-10	1E10	1E-30	1E-10	1E10	1E-30	1E-10	1E10	1E-30	1E-10	1E10	1E-30	1E-10	1E10	1E-30	1E-10	1E10	1E-30	1E-10
8	3.13574388621047E-10	1E10	1E10	1E-30	2.09826845651308E-11	1E10	1E-30	1E10	3.55394785963829E-03	1.6332775175486E-06	1E10	2.60736038313617E-02	1E-30	1.12783650888732E-10	6.81737535783378E-02	7.89961958688818E-10	5.49907593900037E-11	3.14424461107159	1.5853453286571E-10	8.17392156597057E-11	6.69422599349697	2.73129660557605E-10	2.12162340428752E-11	4.37679037140539	4.20644149784972E-12	9.18576176913426E-10	399.561315741356	1.02516302565217E-11	3.67476580703107E-10	138.881808917347	2.27961286731847E-11	1.44267086494661E-10	45.138508071307	1E10	1E-30	1E-10	1E10	1E-30	1E-10	1E10	1E-30	1E-10	1E10	1E-30	1E-10	1E10	1E-30	1E-10	1E10	1E-30	1E-10	1E10	1E-30	1E-10
9	4.92150417583922E-10	1E10	1E10	1E-30	1.31390588419765E-09	1E10	1E-30	1E10	7.4993525702479E-03	2.14440514094E-08	1E10	436262.953811622	8.51737102226204E-09	1E10	3875.12518966886	5.55067751347964E-08	1E10	42.3248614063598	1E-30	5.03611675904275E-11	8.76613449291517E-02	1E-30	5.81617323170727E-11	1.49939814463648E-02	6.58737234828995E-06	2.51969272381686E-10	0.243312450120884	1.21538047587512E-09	6.89183878221999E-11	3.52352378970691	4.06280787330291E-10	6.35124801165455E-11	3.39644951438036	1.25314660123505E-09	9.68264289537597E-12	1.08345271230605	2.63267031568294E-10	2.67052565658553E-11	1.98585204125319	1E10	1E-30	1E-10	1E10	1E-30	1E-10	1E10	1E-30	1E-10	1E10	1E-30	1E-10	1E10	1E-30	1E-10
10	4.92150417583922E-10	1E10	1E10	1E-30	1.31390588419765E-09	1E10	1E-30	1E10	7.4993525702479E-03	2.14440514094E-08	1E10	436262.953811622	8.51737102226204E-09	1E10	3875.12518966886	5.55067751347964E-08	1E10	42.3248614063598	1E-30	5.03611675904275E-11	8.76613449291517E-02	1E-30	5.81617323170727E-11	1.49939814463648E-02	6.58737234828995E-06	2.51969272381686E-10	0.243312450120884	1.21538047587512E-09	6.89183878221999E-11	3.52352378970691	4.06280787330291E-10	6.35124801165455E-11	3.39644951438036	1.25314660123505E-09	9.68264289537597E-12	1.08345271230605	2.63267031568294E-10	2.67052565658553E-11	1.98585204125319	1E10	1E-30	1E-10	1E10	1E-30	1E-10	1E10	1E-30	1E-10	1E10	1E-30	1E-10	1E10	1E-30	1E-10
11	6.84264684573032E-10	1E10	1E10	1E-30	2.30898191161152E-12	1E10	1E-30	1E10	0.02583027425496	7.36323128672059E-09	1E10	601.440828598987	4.13695686480201E-07	1E10	17.1717520598002	1E-30	1.56138771694075E-10	5.44516209580311E-02	1E-30	1.02431331689717E-12	1.20511859249557E-03	1.80128833711764E-09	3.29214692074133E-11	1.09941191672231	2.93166727204171E-10	5.71334519001796E-11	2.7097864701136	2.54483056764894E-12	1.64026034914712E-09	366.783607608797	1E10	1E-30	1E-10	1E10	1E-30	1E-10	1E10	1E-30	1E-10	1E10	1E-30	1E-10	1E10	1E-30	1E-10	1E10	1E-30	1E-10	1E10	1E-30	1E-10	1E10	1E-30	1E-10
12	6.84264684573032E-10	1E10	1E10	1E-30	2.30898191161152E-12	1E10	1E-30	1E10	0.02583027425496	7.36323128672059E-09	1E10	601.440828598987	4.13695686480201E-07	1E10	17.1717520598002	1E-30	1.56138771694075E-10	5.44516209580311E-02	1E-30	1.02431331689717E-12	1.20511859249557E-03	1.80128833711764E-09	3.29214692074133E-11	1.09941191672231	2.93166727204171E-10	5.71334519001796E-11	2.7097864701136	2.54483056764894E-12	1.64026034914712E-09	366.783607608797	1E10	1E-30	1E-10	1E10	1E-30	1E-10	1E10	1E-30	1E-10	1E10	1E-30	1E-10	1E10	1E-30	1E-10	1E10	1E-30	1E-10	1E10	1E-30	1E-10	1E10	1E-30	1E-10
13	1E-9	1E10	1E10	1E-30	1.40557501784121E-09	1E10	1E-30	1E10	6.74117793458798E-03	4.80420068216258E-08	1E10	22.1126202916338	1.97148437884289E-07	1E10	12.0233843128731	5.12707976004209E-07	1E10	11.2302829474765	9.90279385051745E-05	1E10	9.97093282918351E-03	1E-30	2.06864835311407E-10	6.21777962849348E-02	3.04703240515031E-05	5.03688155742125E-11	0.218146906080452	2.70528117238035E-09	4.7037997802197E-11	1.110581925167	6.5204540453534E-10	5.71565285280073E-11	1.85598738380009	4.931215702973E-09	3.34199501385684E-12	0.267490062964427	7.84727487172556E-10	1.19606509424335E-11	0.6290569381912	8.40179993011693E-12	1.55353629737625E-10	5.78869691230937	1E10	1E-30	1E-10	1E10	1E-30	1E-10	1E10	1E-30	1E-10	1E10	1E-30	1E-10
14	1E-9	1E10	1E10	1E-30	1.40557501784121E-09	1E10	1E-30	1E10	6.74117793458798E-03	4.80420068216258E-08	1E10	22.1126202916338	1.97148437884289E-07	1E10	12.0233843128731	5.12707976004209E-07	1E10	11.2302829474765	9.90279385051745E-05	1E10	9.97093282918351E-03	1E-30	2.06864835311407E-10	6.21777962849348E-02	3.04703240515031E-05	5.03688155742125E-11	0.218146906080452	2.70528117238035E-09	4.7037997802197E-11	1.110581925167	6.5204540453534E-10	5.71565285280073E-11	1.85598738380009	4.931215702973E-09	3.34199501385684E-12	0.267490062964427	7.84727487172556E-10	1.19606509424335E-11	0.6290569381912	8.40179993011693E-12	1.55353629737625E-10	5.78869691230937	1E10	1E-30	1E-10	1E10	1E-30	1E-10	1E10	1E-30	1E-10	1E10	1E-30	1E-10
15	1.6152553434817E-09	1E10	1E10	1E-30	1.04795423427552E-11	1E10	1E-30	1E10	4.70243716744253E-03	2.27035422591524E-08	1E10	220.4328612819	2.6183180329266E-06	1E10	6.59860627343545E-03	1E-30	5.75506605731929E-11	0.03674545508885	1E-30	3.46463488629739E-10	2.80129439512012E-02	3.38773913775879E-09	7.55246254814734E-11	1.50004068283451	1.35594948923151E-09	6.10296965448237E-11	1.82097516096717	2.96616964185295E-09	1.27532470519664E-11	0.349991456699432	8.36361799394541E-10	2.43384673566571E-11	0.754606794588965	3.16109462875725E-10	2.6800732465115E-11	0.790707181048512	2.65674098320804E-12	1.22308539172862E-09	600.800029804548	1E10	1E-30	1E-10	1E10	1E-30	1E-10	1E10	1E-30	1E-10	1E10	1E-30	1E-10	1E10	1E-30	1E-10
16	1.6152553434817E-09	1E10	1E10	1E-30	1.04795423427552E-11	1E10	1E-30	1E10	4.70243716744253E-03	2.27035422591524E-08	1E10	220.4328612819	2.6183180329266E-06	1E10	6.59860627343545E-03	1E-30	5.75506605731929E-11	0.03674545508885	1E-30	3.46463488629739E-10	2.80129439512012E-02	3.38773913775879E-09	7.55246254814734E-11	1.50004068283451	1.35594948923151E-09	6.10296965448237E-11	1.82097516096717	2.96616964185295E-09	1.27532470519664E-11	0.349991456699432	8.36361799394541E-10	2.43384673566571E-11	0.754606794588965	3.16109462875725E-10	2.6800732465115E-11	0.790707181048512	2.65674098320804E-12	1.22308539172862E-09	600.800029804548	1E10	1E-30	1E-10	1E10	1E-30	1E-10	1E10	1E-30	1E-10	1E10	1E-30	1E-10	1E10	1E-30	1E-10
17	1.51832802117288E-09	1E10	1E10	1E-30	1.39867549902656E-12	1E10	1E-30	1E10	0.175786782767425	1.82055482081835E-07	1E10	9440.23692796705	2.0811273085836E-07	1E10	1419.16014483324	2.48389400406526E-07	1E10	256.340091376581	2.21621055924302E-07	1E10	74.865666314617	1.79404601438736E-07	1E10	17.6059602613039	1.19169555013915E-07	1E10	4.35219853470319	5.99484334885386E-08	1E10	1.06526701297086	2.21221340950054E-08	1E10	0.216149465588817	5.78198683691557E-09	4.00342861042384E-11	0.389947199996992	2.00869983026514E-10	4.00920152885765E-11	3.06639940475357	2.65300171491005E-12	1.26878977191684E-09	148.123610696587	1E10	1E-30	1E-10	1E10	1E-30	1E-10	1E10	1E-30	1E-10	1E10	1E-30	1E-10
18	2.43322659015093E-09	1E10	1E10	1E-30	2.71770023679025E-11	1E10	1E-30	1E10	8.84327481340835E-03	1.91122942659901E-08	1E10	687.509145511432	2.09243139700762E-05	1E10	2.24244480046181E-02	1.10707272082423E-04	1E10	8.15654491920092E-04	1E-30	1.23532996320096E-10	0.099850679834887	1E-30	2.06085790264219E-10	1.68923855596722E-02	7.76764748335991E-09	4.88422069102197E-11	0.945374054562877	1.72262018155113E-09	6.76413929111057E-11	1.41082846721509	3.57725324996897E-09	1.43493227311951E-11	0.303796158032306	1.14152167784087E-09	2.59278146265865E-11	0.738477166104	2.69184253187363E-12	1.48285182800481E-09	399.505559115607	1E10	1E-30	1E-10	1E10	1E-30	1E-10	1E10	1E-30	1E-10	1E10	1E-30	1E-10	1E10	1E-30	1E-10
19	2.43322659015093E-09	1E10	1E10	1E-30	2.71770023679025E-11	1E10	1E-30	1E10	8.84327481340835E-03	1.91122942659901E-08	1E10	687.509145511432	2.09243139700762E-05	1E10	2.24244480046181E-02	1.10707272082423E-04	1E10	8.15654491920092E-04	1E-30	1.23532996320096E-10	0.099850679834887	1E-30	2.06085790264219E-10	1.68923855596722E-02	7.76764748335991E-09	4.88422069102197E-11	0.945374054562877	1.72262018155113E-09	6.76413929111057E-11	1.41082846721509	3.57725324996897E-09	1.43493227311951E-11	0.303796158032306	1.14152167784087E-09	2.59278146265865E-11	0.738477166104	2.69184253187363E-12	1.48285182800481E-09	399.505559115607	1E10	1E-30	1E-10	1E10	1E-30	1E-10	1E10	1E-30	1E-10	1E10	1E-30	1E-10	1E10	1E-30	1E-10
20	2.25951993846468E-09	1E10	1E10	1E-30	1.23729300286923E-22	1E10	1E-30	1E10	0.147043926690975	2.46340983190795E-07	1E10	6128.73268932065	2.83437557674048E-07	1E10	746.388772379967	3.29700487811567E-07	1E10	120.494815363366	2.78956117438934E-07	1E10	28.8961101410214	1.91587073682878E-07	1E10	5.91188980550741	9.8799063568076E-08	1E10	1.21293131947681	4.68677154094793E-08	1E10	0.188131701939851	9.64670766848216E-09	2.45214404558826E-11	0.255910374525424	1.40870827753419E-09	3.8032167363443E-11	0.450559405479181	2.49020424326052E-12	1.45273174079102E-09	168.021165622629	1E10	1E-30	1E-10	1E10	1E-30	1E-10	1E10	1E-30	1E-10	1E10	1E-30	1E-10	1E10	1E-30	1E-10
21	3.36842383963137E-09	1E10	1E10	1E-30	8.50170965697382E-12	1E10	1E-30	1E10	8.42508533996648E-03	1.62354248356486E-07	1E10	20.3195940506746	1E-30	9.23408081282825E-11	0.051346174761027	1E-30	2.97720796153902E-10	1.39702053631318E-02	7.33797384398406E-09	1.05300376550739E-10	1.20495744048166	3.25519167775708E-09	8.35531747918898E-11	1.31838521227981	6.92764769658673E-09	1.76803914022649E-11	0.271522483483639	2.46329495387694E-09	2.9115690423446E-11	0.549196002798286	4.70753157671984E-09	9.82457373258471E-12	0.153273911238601	1.69785104900253E-09	1.7937744952024E-11	0.450575284555198	2.54934489809661E-12	1.29908873334014E-09	697.906411975914	1E10	1E-30	1E-10	1E10	1E-30	1E-10	1E10	1E-30	1E-10	1E10	1E-30	1E-10	1E10	1E-30	1E-10
22	3.36842383963137E-09	1E10	1E10	1E-30	8.50170965697382E-12	1E10	1E-30	1E10	8.42508533996648E-03	1.62354248356486E-07	1E10	20.3195940506746	1E-30	9.23408081282825E-11	0.051346174761027	1E-30	2.97720796153902E-10	1.39702053631318E-02	7.33797384398406E-09	1.05300376550739E-10	1.20495744048166	3.25519167775708E-09	8.35531747918898E-11	1.31838521227981	6.92764769658673E-09	1.76803914022649E-11	0.271522483483639	2.46329495387694E-09	2.9115690423446E-11	0.549196002798286	4.70753157671984E-09	9.82457373258471E-12	0.153273911238601	1.69785104900253E-09	1.7937744952024E-11	0.450575284555198	2.54934489809661E-12	1.29908873334014E-09	697.906411975914	1E10	1E-30	1E-10	1E10	1E-30	1E-10	1E10	1E-30	1E-10	1E10	1E-30	1E-10	1E10	1E-30	1E-10
23	3.33885347723771E-09	1E10	1E10	1E-30	8.55902352594229E-24	1E10	1E-30	1E10	0.124971086085612	4.37814993554937E-07	1E10	3574.85279062864	4.7815810219875E-07	1E10	468.111702975177	5.45627336314752E-07	1E10	75.5671098129364	4.80900963257271E-07	1E10	18.1982725829761	3.39030939393862E-07	1E10	4.00132380372977	1.9266377896085E-07	1E10	0.886364122667439	1.02743517856344E-07	1E10	0.164088516725189	9.86213453361442E-09	7.05203488440211E-11	0.431794139032419	1.97458128231582E-09	5.49136517227079E-11	0.421057844530419	1.54066628003562E-09	1.99828841754017E-11	0.240072618630903	2.29306148550243E-12	1.57137118678277E-09	336.178192049437	1E10	1E-30	1E-10	1E10	1E-30	1E-10	1E10	1E-30	1E-10	1E10	1E-30	1E-10
24	4.66908430233884E-09	1E10	1E10	1E-30	1.74036868938944E-12	1E10	1E-30	1E10	1.23069340524727E-02	1.89242778555693E-07	1E10	29.6191088137015	5.91200274989281E-05	1E10	7.76049754592037E-03	1E-30	1.23589624405851E-10	2.0581792478389	1E-30	2.27373738159889E-10	2.48323088665314E-02	8.52115900843363E-09	1.58132742999274E-10	1.31668659838184	4.28840837429082E-09	1.16159082993977E-10	1.23371132017607	1.22912810218354E-08	1.84266649421256E-11	0.363169203225302	4.86106801989344E-09	2.87105264713941E-11	0.586978656438417	1.36275469890609E-08	6.24534427150051E-12	0.126127228392501	1.40666827406069E-08	4.45660635421516E-12	0.184262110492386	5.39560876015821E-10	5.70142590474873E-11	0.287854201083929	2.77324498988775E-12	1.19830787300868E-09	850.002228971563	1E10	1E-30	1E-10	1E10	1E-30	1E-10	1E10	1E-30	1E-10
25	4.66908430233884E-09	1E10	1E10	1E-30	1.74036868938944E-12	1E10	1E-30	1E10	1.23069340524727E-02	1.89242778555693E-07	1E10	29.6191088137015	5.91200274989281E-05	1E10	7.76049754592037E-03	1E-30	1.23589624405851E-10	2.0581792478389	1E-30	2.27373738159889E-10	2.48323088665314E-02	8.52115900843363E-09	1.58132742999274E-10	1.31668659838184	4.28840837429082E-09	1.16159082993977E-10	1.23371132017607	1.22912810218354E-08	1.84266649421256E-11	0.363169203225302	4.86106801989344E-09	2.87105264713941E-11	0.586978656438417	1.36275469890609E-08	6.24534427150051E-12	0.126127228392501	1.40666827406069E-08	4.45660635421516E-12	0.184262110492386	5.39560876015821E-10	5.70142590474873E-11	0.287854201083929	2.77324498988775E-12	1.19830787300868E-09	850.002228971563	1E10	1E-30	1E-10	1E10	1E-30	1E-10	1E10	1E-30	1E-10
26	4.7148228674475E-09	1E10	1E10	1E-30	3.14481317354447E-23	1E10	1E-30	1E10	0.104763690393251	5.54972466538488E-07	1E10	3156.72255891023	6.27213929124967E-07	1E10	401.046275445451	7.27719838589894E-07	1E10	61.987862733593	6.39608299738978E-07	1E10	15.9923691793251	4.57673485057867E-07	1E10	3.61205979213273	2.76740947410836E-07	1E10	0.784077518623643	1.54039797617497E-07	1E10	0.14969033974829	1.15316234854944E-08	6.73183577079261E-11	0.363472493310457	4.63814747800037E-09	5.30748219919934E-11	0.387797059104295	7.79986085185791E-10	7.93739467207487E-11	0.283180200669202	2.77179247138884E-12	1.31023109365685E-09	466.665462030313	1.33936328763034E-11	2.20222186167211E-10	11.7332719849889	1E10	1E-30	1E-10	1E10	1E-30	1E-10	1E10	1E-30	1E-10
27	6.75762162436829E-09	1E10	1E10	1E-30	1.7658967238059E-11	1E10	1E-30	1E10	6.9885893169029E-03	5.07299570308751E-07	1E10	9.64063111678655	1E-30	1.25356110341416E-10	1.96472651058172	1E-30	1.48782830807943E-10	3.99288717638368E-02	1E-30	8.39372761034215E-10	1.37447591601304E-02	1.38526969929086E-08	2.17356553212272E-10	2.32444162587593	7.20103607133103E-09	1.18619727245389E-10	1.1416877674416	1.82940805866964E-08	2.80910769654793E-11	0.45824508186812	8.57814250336577E-09	3.18482956661759E-11	0.581374696751794	1.27750270399544E-08	1.68352928424145E-11	0.297563901826902	5.4567087829709E-09	2.16108336984831E-11	0.352131492354671	5.44093131147537E-09	1.23757555995885E-11	0.23857011588128	1.58957822058227E-08	2.84473030389762E-12	0.147234494998512	9.36949945579039E-10	2.43512636546103E-11	0.20176070054126	2.57271391952119E-12	1.20113416203198E-09	803.723730872311	1E10	1E-30	1E-10
28	6.8E-9	1E10	1E10	1E-30	1.300437920336E-16	1E10	1E-30	1E10	8.95252548030214E-03	7.78073229822132E-06	1E10	352.519256391193	6.85514991846211E-05	1E10	4.02177847980739	7.57788480215468E-05	1E10	0.732761204175157	5.77878230995852E-05	1E10	8.92441386534056E-02	5.11980846731368E-05	1E10	1.14257388538657E-02	1E-30	1.31203594907927E-10	0.768743626748222	1E-30	1.72881150219181E-10	7.00970866621807E-02	1E-30	4.79791800233529E-10	8.48898133654323E-03	2.86393154135864E-08	9.68360072341801E-11	122.88293258182	2.59496392234528E-12	1.18579068973753E-09	1030.85577542366	1E10	1E-30	1E-10	1E10	1E-30	1E-10	1E10	1E-30	1E-10	1E10	1E-30	1E-10	1E10	1E-30	1E-10
29	6.83141585376431E-09	1E10	1E10	1E-30	1.16586831361079E-21	1E10	1E-30	1E10	9.15126053181961E-02	4.73749257472724E-07	1E10	14472.0040941404	9.67919534705299E-07	1E10	589.904461189764	1.04140350849346E-06	1E10	111.811363723268	9.67727775895787E-07	1E10	28.2896096335953	7.85917452055936E-07	1E10	6.22624945359134	4.79707611457848E-07	1E10	1.29075995722083	2.42471888497447E-07	1E10	0.224848255430712	1.17100463413473E-08	1.91588506904835E-10	0.753142099417594	6.70157012966093E-09	1.12770443064583E-10	0.404866203717625	1.029027612024E-09	7.69491806509401E-11	0.334825522333757	3.91518349359568E-12	9.00735958094786E-10	546.991110101875	5.96204394346992E-12	5.49917688362654E-10	57.7604554854612	1E10	1E-30	1E-10	1E10	1E-30	1E-10	1E10	1E-30	1E-10
30	9.42401466808019E-09	1E10	1E10	1E-30	1.12701430654055E-11	1E10	1E-30	1E10	1.9259465856499E-03	7.54930945022363E-07	1E10	7.8948976912711	1.4656458682171E-05	1E10	5.23746268688952E-03	1E-30	1.36413617170667E-10	0.926707676709009	1E-30	1.78855986356351E-10	2.37764175013745E-02	1E-30	1.22925771348866E-09	1.60902974905482E-02	1.48177980122131E-08	3.42907537588753E-10	2.43266273147252	1.29095145709123E-08	1.18750507211956E-10	0.977394106692728	1.85888509448599E-08	5.08631507819423E-11	0.604576326380681	1.09361262122325E-08	4.58301559908434E-11	0.638798118569071	2.03478670042231E-08	1.88771721890743E-11	0.34065916884778	7.63893449927982E-09	2.96608016671243E-11	0.354590598661945	7.67266993265378E-09	1.71770571436781E-11	0.33952873083783	1.34082698891663E-08	6.41360593569213E-12	0.168346299697347	5.92410887622561E-09	9.77795577738196E-12	0.161116880447087	2.57492652357848E-12	1.21972947875602E-09	761.453626620255
31	9.42401466808019E-09	1E10	1E10	1E-30	1.12701430654055E-11	1E10	1E-30	1E10	1.9259465856499E-03	7.54930945022363E-07	1E10	7.8948976912711	1.4656458682171E-05	1E10	5.23746268688952E-03	1E-30	1.36413617170667E-10	0.926707676709009	1E-30	1.78855986356351E-10	2.37764175013745E-02	1E-30	1.22925771348866E-09	1.60902974905482E-02	1.48177980122131E-08	3.42907537588753E-10	2.43266273147252	1.29095145709123E-08	1.18750507211956E-10	0.977394106692728	1.85888509448599E-08	5.08631507819423E-11	0.604576326380681	1.09361262122325E-08	4.58301559908434E-11	0.638798118569071	2.03478670042231E-08	1.88771721890743E-11	0.34065916884778	7.63893449927982E-09	2.96608016671243E-11	0.354590598661945	7.67266993265378E-09	1.71770571436781E-11	0.33952873083783	1.34082698891663E-08	6.41360593569213E-12	0.168346299697347	5.92410887622561E-09	9.77795577738196E-12	0.161116880447087	2.57492652357848E-12	1.21972947875602E-09	761.453626620255
32	9.56588690193744E-09	1E10	1E10	1E-30	7.23745608361682E-19	1E10	1E-30	1E10	7.91727946660706E-02	1.12723528459746E-06	1E10	1737.50033615066	1.35448419452623E-06	1E10	216.227534383499	1.6845104694758E-06	1E10	35.8342404896661	1.41720296119922E-06	1E10	11.4202057951158	1.08632672802014E-06	1E10	2.74862884242953	7.59850531464155E-07	1E10	0.636454595375462	4.56357937628726E-07	1E10	0.153712617034713	2.2129394682841E-08	1.54805705335011E-10	0.513650714462739	7.42605313127264E-09	1.02771452776537E-10	0.314672587917011	1.03983716318773E-08	2.24766454550723E-11	0.155983018679558	7.74870880825207E-10	9.20682825881181E-11	0.257042464604281	2.53426320844997E-12	1.42514998572101E-09	302.945105491224	1E10	1E-30	1E-10	1E10	1E-30	1E-10	1E10	1E-30	1E-10
END DSCRDATA
