BEGIN DSCRDATA
% INDEX	K01	L01	M01	K02	L02	M02	K03	L03	M03	K04	L04	M04	K05	L05	M05	K06	L06	M06	K07	L07	M07	K08	L08	M08	K09	L09	M09	K10	L10	M10	K11	L11	M11	K12	L12	M12	K13	L13	M13	K14	L14	M14	K15	L15	M15	K16	L16	M16	K17	L17	M17	K18	L18	M18
0	0	0	0	0	0	0	0	0	0	0	0	0	0	0	0	0	0	0	0	0	0	0	0	0	0	0	0	0	0	0	0	0	0	0	0	0	0	0	0	0	0	0	0	0	0	0	0	0	0	0	0	0	0	0
1	8.33653384286584E-09	1E10	1E11	1E-30	1.2070918084445E-11	1E10	1E-30	1E10	9.12390325797454E-03	6.44878490165571E-05	1E10	24.4865257611943	6.40070372582974E-05	1E10	11.7507891594416	2.05025477310328E-04	1E10	1.50975768095701	9.81298034180068E-05	1E10	0.535065393985753	1.31439563639822E-04	1E10	3.41989692605173E-02	1.16452735293833E-04	1E10	1.72068237654353E-02	1E-30	1.6247147908289E-10	3.37763469792733E-02	1E-30	1.45116246822373E-10	6.69779352746582E-03	1.9905368652718E-08	8.18271606848932E-11	0.770871768641194	7.88440045331227E-09	6.84958227612049E-11	0.899161553918031	1.05704240539552E-08	1.38410052114001E-11	0.201371221607328	2.26776492594318E-10	1.01205080089848E-10	0.326679768421081	2.35749161434799E-12	1.16930717472022E-09	764.15939111816	1E10	1E-30	1E-10	1E10	1E-30	1E-10
2	1.01074467191394E-08	1E10	1E10	1E-30	1.80557681224212E-11	1E10	1E-30	1E10	7.20656766619915E-03	2.58163749888033E-05	1E10	265.571800716203	7.64871413303081E-05	1E10	8.35809267340518	2.73083204385282E-04	1E10	1.57391748052612	1.18096606672962E-04	1E10	0.504003859290872	1.766053260436E-04	1E10	3.58169303998628E-02	1.45326447757858E-04	1E10	1.30523829175182E-02	1E-30	1.36262468986573E-10	8.35935111294602E-03	2.37613605475031E-08	9.68298707121154E-11	0.951432317257814	1.14156820041782E-08	7.02208373266328E-11	0.874301269131541	1.75892065259549E-08	1.23831954207922E-11	0.238138734215984	1.46478207011983E-11	1.80744798415263E-10	0.303972529144975	2.45037183045687E-12	1.05125612144002E-09	1076.01728999395	1E10	1E-30	1E-10	1E10	1E-30	1E-10	1E10	1E-30	1E-10
3	2.60268317558985E-08	1E10	1E10	1E-30	2.04639435754439E-10	1E10	1E-30	1E10	7.84906146555478E-03	1.36491822423734E-04	1E10	7.95310807725396	2.68445702403958E-03	1E10	0.705435951924601	2.4650461113824E-04	1E10	0.472951474229426	2.56151987314372E-04	1E10	0.413334693342004	2.59487496016152E-04	1E10	3.55000366199797E-02	1.08458500671286E-04	1E10	9.08010581368795E-03	1E-30	2.61853290465482E-10	1.70002185684477E-02	8.70010325219621E-08	3.33743429024357E-11	0.238332450045756	2.0304988327081E-08	5.02489426472496E-11	0.322532980605438	1.19794845346628E-10	1.3711083581464E-10	0.243709542758086	2.6195364650397E-12	1.05926065273611E-09	501.269977387698	1E10	1E-30	1E-10	1E10	1E-30	1E-10	1E10	1E-30	1E-10	1E10	1E-30	1E-10
4	1.44077619281016E-08	1E10	1E10	1E-30	1.26222454446446E-23	1E10	1E-30	1E10	2.81648124261173E-03	1.70588162497195E-04	1E10	31.0120956112074	2.31550444758964E-04	1E10	5.95271091011719	1.97957374812499E-04	1E10	1.045337829262	1.74054515844075E-04	1E10	0.139876695026935	1.21689880279308E-04	1E10	2.60087585744324E-02	9.21398321232178E-05	1E10	4.45715550216399E-03	1E-30	2.97927959723943E-10	1.40157672301644E-02	1E-30	3.15690065274894E-11	4.4321747602069E-03	1.43245847218286E-09	2.85360839720921E-09	6.13861115386398E-03	6.11125215328782E-08	4.72725989131592E-11	0.3194895604108	1.6728896140747E-08	6.08088834847022E-11	0.421207442666532	2.66917229929139E-10	1.41085182905737E-10	0.204159535667221	2.31009342391706E-12	1.42698565263731E-09	1633.91853077784	1E10	1E-30	1E-10	1E10	1E-30	1E-10
5	1.71328422757266E-08	1E10	1E10	1E-30	3.92011129544201E-10	1E10	1E-30	1E10	7.37797231845226E-03	2.02862847403103E-04	1E10	15.1878544121977	1.45219895007052E-04	1E10	0.981090107016585	3.0023184055167E-04	1E10	4.89798467091881E-02	1.60354749495632E-04	1E10	8.67918963192664E-03	1E-30	9.7988414824939E-11	0.295617560234749	1E-30	1.67889724442198E-10	1.43247351260406E-02	1E-30	3.3112689547133E-11	2.82163033166182E-03	7.04795779944009E-08	5.6335385993998E-11	0.356902827050469	1.96037237826875E-08	7.39333017499949E-11	0.40858954996147	9.10977383199351E-09	4.48304801655325E-11	0.112750193666467	3.10248050640888E-11	9.44481366675274E-11	6.95382275261964	3.45134175772791E-12	7.94582579023269E-10	2074.36641330614	1E10	1E-30	1E-10	1E10	1E-30	1E-10	1E10	1E-30	1E-10
6	1.76033769342653E-08	1E10	1E10	1E-30	8.33526715899093E-24	1E10	1E-30	1E10	7.32515749315846E-03	5.06806966391797E-05	1E10	290.171055573855	2.36081815988709E-04	1E10	5.22640749217124	2.32245532500443E-04	1E10	0.961875251820068	3.31142764821771E-04	1E10	7.47470843500004E-02	1.65849975069316E-04	1E10	1.38540524575998E-02	1E-30	1.69481745614235E-10	1.70167027456955E-02	1E-30	1.16515014807532E-10	2.89073061544194E-03	5.91874374178689E-08	6.5697170258862E-11	0.357326753277451	1.84881705342316E-08	7.62135928188377E-11	0.428186867145967	2.29975665288124E-08	1.831081486211E-11	0.08578955922956	3.55034194354447E-10	1.18378170313116E-10	0.23246743364675	2.33384822249926E-12	1.3814964203112E-09	1748.65265412909	1E10	1E-30	1E-10	1E10	1E-30	1E-10	1E10	1E-30	1E-10
7	1.98596887746975E-08	1E10	1E10	1E-30	8.63682898032087E-24	1E10	1E-30	1E10	6.93219733830248E-03	2.35679490534419E-04	1E10	22.7388954177061	1.98804296995033E-04	1E10	0.744680422019869	3.6170345727529E-04	1E10	4.60839885224668E-02	2.00955995015991E-04	1E10	6.41913619036124E-03	1E-30	4.44982314041465E-10	34.6451583880354	1E-30	1.51018698183932E-10	9.48185963432996E-03	1E-30	6.20027569416584E-11	3.87006366176959E-03	9.79035030676422E-08	5.59164756076419E-11	0.348787859566629	3.14443660105297E-08	6.46131767177732E-11	0.382136510760069	1.84149445122206E-09	1.4722418068723E-10	0.151538891395052	2.56829708396257E-12	1.18528163557706E-09	1187.1485042239	1E10	1E-30	1E-10	1E10	1E-30	1E-10	1E10	1E-30	1E-10	1E10	1E-30	1E-10
8	2.03444976409858E-08	1E10	1E10	1E-30	2.64745982738274E-23	1E10	1E-30	1E10	3.35102355062083E-03	1.0181167660636E-04	1E10	91.1379123422074	1.06310306181211E-04	1E10	20.0669989189533	1.9366041666022E-04	1E10	0.864552588345863	2.13554807820477E-04	1E10	5.78678317190098E-02	1.33272563585466E-04	1E10	7.36902157524667E-03	1E-30	1.69975882054348E-10	4.01229664156281E-03	1E-30	1.17017819475062E-09	3.1473568542683E-03	1.79354745397968E-07	2.99461359644453E-11	0.312827198554195	4.75013397175386E-08	4.14148099801116E-11	0.396713805415228	3.5021019864124E-08	1.47938032716006E-11	7.41645741331845E-02	5.64787601636334E-11	3.36414613643306E-10	0.131256937767799	2.34221963877422E-12	1.53538668257081E-09	1455.96059683003	1E10	1E-30	1E-10	1E10	1E-30	1E-10	1E10	1E-30	1E-10
9	2.5665459293037E-08	1E10	1E10	1E-30	1.70059416468797E-13	1E10	1E-30	1E10	5.80637758802234E-03	4.42668118473446E-04	1E10	11.6063254371856	2.45335804316212E-04	1E10	0.632440849803096	3.77739330922767E-04	1E10	4.81991052089355E-02	2.36990847053626E-04	1E10	5.44137403117201E-03	1E-30	8.13707528274399E-10	107.786117016849	1E-30	1.48237976772044E-10	8.74927928697729E-03	1E-30	5.36237652390734E-11	3.01266821030455E-03	1.18451048182221E-07	6.44399831483543E-11	0.474298627905986	3.93188248986106E-08	7.55043665503192E-11	0.384222014371374	2.89649169936158E-08	3.06042619385483E-11	8.91877838313939E-02	2.05466709451139E-11	1.70730896114145E-10	0.169537396580346	5.53425927064201E-12	4.9718615950829E-10	426.567619612148	1E10	1E-30	1E-10	1E10	1E-30	1E-10	1E10	1E-30	1E-10
10	2.66149851885762E-08	1E10	1E10	1E-30	1.61420873532725E-17	1E10	1E-30	1E10	5.43986074839298E-03	3.51603896690611E-06	1E10	85390.7933877961	1.946983934531E-04	1E10	6.31852454571885	2.81993429631889E-04	1E10	0.4776153967606	5.44608253039797E-04	1E10	3.25670809130941E-02	3.20919051446749E-04	1E10	5.54499053928707E-03	1E-30	1.28841680226126E-10	0.322756116855024	1E-30	1.74193068929083E-10	0.010652357430254	1E-30	3.14613681330836E-10	3.04180660881752E-03	8.14756506317386E-08	9.32791489476025E-11	0.591707820193358	4.4700062477519E-08	6.66618953705084E-11	0.420909396020414	1.28877528450532E-08	6.10772596414295E-11	0.169441124680825	2.36093564297447E-12	1.3430603393081E-09	1649.1682595056	1E10	1E-30	1E-10	1E10	1E-30	1E-10	1E10	1E-30	1E-10
11	3.32407846279998E-08	1E10	3030303030	1E-30	2.56559598357838E-13	1E10	1E-30	1E10	3.84033844974193E-03	1.49464828018944E-04	1E10	81.0340195791663	4.73757493809799E-04	1E10	2.59670104245219	6.60453997991243E-04	1E10	0.306373288793964	8.31631356953439E-04	1E10	0.143472331745405	4.11036155985324E-04	1E10	3.53184503082537E-02	1.67677078591889E-04	1E10	5.05520132005302E-03	4.65043597892409E-08	4.64291499580827E-11	0.346218436161976	4.61769520028577E-10	2.5574536381514E-10	0.153510103067517	2.49737560250911E-12	1.20482053597288E-09	1069.97194681017	1E10	1E-30	1E-10	1E10	1E-30	1E-10	1E10	1E-30	1E-10	1E10	1E-30	1E-10	1E10	1E-30	1E-10	1E10	1E-30	1E-10
12	3.59999999999999E-08	1E10	1E10	1E-30	6.019584E-22	1E10	1E-30	1E10	3.9308402670766E-03	1.13755292132518E-06	1E10	526614.870104941	2.10590943300023E-04	1E10	9.25845148092315	6.77728649762867E-04	1E10	0.417561175145269	6.08669780509581E-04	1E10	0.187304280711254	7.0827122510652E-04	1E10	1.71601077318557E-02	3.2990608334362E-04	1E10	4.24399247506974E-03	1E-30	7.00030984959696E-11	1.95611962077952E-03	9.96700297098805E-08	1.56960676202537E-10	0.650734713759631	7.69355990989736E-08	5.44610150148154E-11	0.304199646361316	6.34158797918222E-08	2.14037924880234E-11	0.173564376282667	2.96374114605432E-11	2.92681320724906E-10	0.179372403650383	2.41822437423874E-12	1.24168737937323E-09	1662.70705708189	1E10	1E-30	1E-10	1E10	1E-30	1E-10	1E10	1E-30	1E-10
13	3.81748139201866E-08	1E10	2564102564	1E-30	1.95574860859895E-22	1E10	1E-30	1E10	3.57685141166942E-03	3.33017124242848E-04	1E10	3.69412408098369	4.46509042197606E-04	1E10	0.36461983984619	4.98057791780207E-04	1E10	3.61632476950965E-02	1.89873252413207E-04	1E10	7.0191967942255E-03	1E-30	4.15148149572297E-11	4.65562552387609E-04	1E-30	2.97271521112056E-11	3.34212999804749E-04	1.07444369979784E-07	8.03138433582554E-11	0.394482640273085	4.66440298432817E-08	6.50138629798478E-11	0.370890846892769	4.2876319944919E-10	2.23978724402697E-10	0.169219109712682	2.54411106407526E-12	1.15862231976262E-09	1348.59430360266	1E10	1E-30	1E-10	1E10	1E-30	1E-10	1E10	1E-30	1E-10	1E10	1E-30	1E-10	1E10	1E-30	1E-10
14	4.27160168227769E-08	1E10	1E10	1E-30	4.49648096548172E-10	1E10	1E-30	1E10	4.09380725450595E-03	3.52448268190658E-04	1E10	9.38173302169341	7.40383819011002E-04	1E10	0.470564173388168	8.58157310247028E-04	1E10	0.205925150763266	5.4937604090001E-04	1E10	4.57947388883038E-02	3.8021376510144E-04	1E10	4.62457367489753E-03	1E-30	1.26151731493035E-10	8.75131407523581E-02	1E-30	2.525094770815E-10	5.80606223854847E-02	1E-30	7.56526432473443E-11	1.50383269075659E-03	8.38548405533791E-08	8.54397587466089E-11	3.38989034774322E-02	8.35203305322012E-08	2.2991123853448E-11	0.185611934893311	1.6549181434496E-07	3.41775919243732E-12	4.78256495249802E-02	3.27356160649395E-12	8.44826529254515E-10	1351.2568264907	3.3020272535282E-11	8.06972844761174E-11	3.3458856656799	1E10	1E-30	1E-10	1E10	1E-30	1E-10
15	4.50522817852997E-08	1E10	1E10	1E-30	1.65178561693497E-10	1E10	1E-30	1E10	3.72458793018864E-03	2.43651931603405E-04	1E10	11.8047473725112	4.72665495558588E-04	1E10	0.482365505866935	6.33192801830853E-04	1E10	0.035907281718186	3.99883473028043E-04	1E10	4.83375425168521E-03	1E-30	6.33176486596879E-11	0.140511665014705	1E-30	9.02414399020785E-11	2.48976533862454E-02	1E-30	3.47969577619588E-10	4.38594372753143E-03	8.13265055357964E-08	2.67656817118666E-10	0.602036635113361	3.01647963076845E-08	2.12127394038238E-10	7.87858445504323E-02	5.61864494647084E-08	3.3761546935511E-11	0.203400228958897	3.01370432859417E-12	1.1577270242155E-09	741.568920070065	1E10	1E-30	1E-10	1E10	1E-30	1E-10	1E10	1E-30	1E-10	1E10	1E-30	1E-10
16	4.7E-8	1E10	2127659574	1E-30	8.75397888907224E-18	1E10	1E-30	1E10	3.28422807715198E-03	3.81082731438731E-04	1E10	4.08983603973603	4.98013687150057E-04	1E10	0.358407169049604	5.9166119960062E-04	1E10	3.71784035322542E-02	2.83125669081655E-04	1E10	5.81014440719256E-03	1.27686890239115E-07	9.19100309656114E-11	0.451235224737824	5.94397945909547E-08	7.13444280172596E-11	0.409868435651465	7.43459705990923E-08	1.56841765993294E-11	8.24948419282118E-02	4.72816255216662E-11	2.51630268292706E-10	0.149826174697408	2.59490152347161E-12	1.11501923511975E-09	1927.97659253923	1E10	1E-30	1E-10	1E10	1E-30	1E-10	1E10	1E-30	1E-10	1E10	1E-30	1E-10	1E10	1E-30	1E-10	1E10	1E-30	1E-10
17	5.35187205716095E-08	1E10	1E10	1E-30	1.44750469507258E-17	1E10	1E-30	1E10	3.81970541384103E-03	1.25320616159582E-03	1E10	1.40965466003895	6.00030163750153E-03	1E10	0.825231992884155	5.65316264194014E-04	1E10	0.343044072856209	5.7162312530071E-04	1E10	7.14667275750361E-02	4.38552607303566E-04	1E10	4.89830559113474E-03	1E-30	4.58619405619881E-10	23.4266710495488	1E-30	4.64243438180976E-10	0.140123751557959	1E-30	3.39393049374058E-10	0.104524311619178	9.45818740206477E-11	3.97048739842211E-11	12.5850256129433	3.77156869655316E-12	7.80304493034084E-10	11963.3994849182	2.86761242407899E-12	1.07850567278899E-09	704.792766804969	1E10	1E-30	1E-10	1E10	1E-30	1E-10	1E10	1E-30	1E-10	1E10	1E-30	1E-10
18	5.49637419834988E-08	1E10	9259259259.259	1E-30	1.56462906160331E-16	1E10	1E-30	1E10	3.19763562507218E-03	4.07539861341726E-04	1E10	5.79492482421551	6.39207481316321E-04	1E10	0.344558031326783	8.16342251651877E-04	1E10	3.27812176221446E-02	6.08198342196172E-04	1E10	3.29778229472868E-03	1E-30	7.91642228914818E-11	1.17463086515448E-03	1.15717656679867E-07	2.41805156810713E-10	0.770156719796554	9.57175142914863E-08	8.59962459241598E-11	0.261168655798854	7.81477277719647E-08	3.67227166669454E-11	0.165106237264648	2.83227331823547E-10	3.11473376794251E-10	0.232756824569992	2.74280037325163E-12	1.14311600223588E-09	1211.87125925319	1E10	1E-30	1E-10	1E10	1E-30	1E-10	1E10	1E-30	1E-10	1E10	1E-30	1E-10	1E10	1E-30	1E-10
19	4.66103409020765E-06	1E10	21276595.7	1E-30	2.29118149295051E-10	1E10	1E-30	1E10	6.81310943965578E-03	7.0813605524237E-04	1E10	0.603204448969172	5.85817466274964E-04	1E10	9.46922735064007E-02	5.81350266733874E-04	1E10	0.01073036461245	1E-30	7.10223510558199E-11	8.52304806183326E-02	1E-30	3.34809673129499E-10	3.56973553189899E-02	1E-30	5.20165171044674E-10	5.1558847189544E-03	9.42056881380533E-06	9.13255523953993E-11	7.26747911185857E-03	2.7702569473585E-06	1.00824027539911E-10	1.00435224844493E-02	3.52399087189601E-12	9.80229740084391E-10	442.62998649798	1E10	1E-30	1E-10	1E10	1E-30	1E-10	1E10	1E-30	1E-10	1E10	1E-30	1E-10	1E10	1E-30	1E-10	1E10	1E-30	1E-10
20	4.80330478472352E-06	1E10	21276595.7	1E-30	1.43371565113573E-11	1E10	1E-30	1E10	6.31475295398125E-03	6.69027715783052E-04	1E10	0.612441309573031	6.18908649298271E-04	1E10	9.94360580148371E-02	6.30431594624205E-04	1E10	0.01052076427449	1E-30	5.82818544686186E-11	8.64777576023472E-02	1E-30	3.31450356463928E-10	3.58548223142926E-02	1E-30	5.98096611756608E-10	6.11195519060041E-03	8.51296807735464E-06	1.03802100345135E-10	8.75108021043161E-03	3.03916072243135E-06	8.65813529831037E-11	8.93085305132958E-03	3.1364558462908E-12	1.22727605513016E-09	611.058785302842	1E10	1E-30	1E-10	1E10	1E-30	1E-10	1E10	1E-30	1E-10	1E10	1E-30	1E-10	1E10	1E-30	1E-10	1E10	1E-30	1E-10
21	4.59378283551285E-06	1E10	21276595.7	1E-30	4.85908443532769E-11	1E10	1E-30	1E10	7.61986831668025E-03	4.86438083204815E-04	1E10	2.30968989828953	5.53870888423403E-04	1E10	0.19223566933772	4.76437154647306E-04	1E10	1.96422242374045E-02	1E-30	7.56898362645991E-11	9.64252743772108E-02	1E-30	3.05223066188862E-10	2.72697450921415E-02	1E-30	4.93658260901127E-10	7.4138312267988E-03	1.00736695759473E-05	8.01491717404724E-11	7.85643626723457E-03	5.17666792233853E-06	5.60371321850453E-11	7.05815707985578E-03	2.9927509089521E-12	1.28038165116575E-09	706.515837832842	1E10	1E-30	1E-10	1E10	1E-30	1E-10	1E10	1E-30	1E-10	1E10	1E-30	1E-10	1E10	1E-30	1E-10	1E10	1E-30	1E-10
22	6.30125472539415E-06	1E10	14705882.4	1E-30	6.02702806943419E-12	1E10	1E-30	1E10	5.1056931307344E-03	1.29197277737798E-03	1E10	0.55650626531124	7.7672272740218E-04	1E10	0.12680033464161	8.03610458204929E-04	1E10	1.19985586825266E-02	1E-30	7.06679855933537E-11	6.79287161987477E-02	1E-30	5.6924356657583E-12	4.29113482780927E-02	1E-30	4.26983447080956E-10	3.23461590045846E-02	1E-30	6.28390170113337E-10	3.34796199964887E-03	1.24551898711889E-05	1.28671678546443E-10	8.3201676437077E-03	4.03557654928773E-06	1.34114970803843E-10	0.010377673850198	2.83756120847843E-12	1.28124310895825E-09	296.860933936919	1E10	1E-30	1E-10	1E10	1E-30	1E-10	1E10	1E-30	1E-10	1E10	1E-30	1E-10	1E10	1E-30	1E-10
23	9.83381157674644E-06	1E10	1E7	1E-30	2.25315950333816E-10	1E10	1E-30	1E10	5.39345200949993E-03	1.13438740792859E-03	1E10	1.03250383982819	1.19612558894136E-03	1E10	0.107392445491371	1.08793800360658E-03	1E10	1.13873444011865E-02	1E-30	5.9934592351347E-12	0.437245333373896	1E-30	8.02192219408171E-11	6.97511316026639E-02	1E-30	4.02586700232923E-10	2.75017047570087E-02	1E-30	9.47127042435573E-10	4.80748620363796E-03	2.51670903407429E-05	8.27610946922377E-11	5.58241699594865E-03	4.53788351357435E-06	1.47025794225636E-10	9.57858965886154E-03	3.44033425977405E-12	1.06429865289246E-09	618.603408440592	1E10	1E-30	1E-10	1E10	1E-30	1E-10	1E10	1E-30	1E-10	1E10	1E-30	1E-10	1E10	1E-30	1E-10
24	9.78911088199295E-06	1E10	1E7	1E-30	3.47975896527045E-11	1E10	1E-30	1E10	5.41086099339805E-03	1.12024731070323E-03	1E10	1.02173709832849	1.28179143734063E-03	1E10	8.96403445767159E-02	1.12277171625281E-03	1E10	1.25509816298884E-02	1E-30	1.02545827769702E-11	8.74728268456741E-02	1E-30	8.40263185989352E-11	7.18015341292045E-02	1E-30	5.566505085462E-10	2.62606134445087E-02	1E-30	4.53867042074897E-10	3.18343359319492E-03	2.02563770565814E-05	1.34883146353302E-10	8.32865535769196E-03	7.88622266060562E-06	1.24357178754402E-10	9.47492914576E-3	2.91704846663723E-12	1.18077996102054E-09	879.886403941627	1E10	1E-30	1E-10	1E10	1E-30	1E-10	1E10	1E-30	1E-10	1E10	1E-30	1E-10	1E10	1E-30	1E-10
25	9.78911088199295E-06	1E10	1E7	1E-30	3.47975896527045E-11	1E10	1E-30	1E10	5.41086099339805E-03	1.12024731070323E-03	1E10	1.02173709832849	1.28179143734063E-03	1E10	8.96403445767159E-02	1.12277171625281E-03	1E10	1.25509816298884E-02	1E-30	1.02545827769702E-11	8.74728268456741E-02	1E-30	8.40263185989352E-11	7.18015341292045E-02	1E-30	5.566505085462E-10	2.62606134445087E-02	1E-30	4.53867042074897E-10	3.18343359319492E-03	2.02563770565814E-05	1.34883146353302E-10	8.32865535769196E-03	7.88622266060562E-06	1.24357178754402E-10	9.47492914576E-3	2.91704846663723E-12	1.18077996102054E-09	879.886403941627	1E10	1E-30	1E-10	1E10	1E-30	1E-10	1E10	1E-30	1E-10	1E10	1E-30	1E-10	1E10	1E-30	1E-10
26	9.78911088199295E-06	1E10	1E7	1E-30	3.47975896527045E-11	1E10	1E-30	1E10	5.41086099339805E-03	1.12024731070323E-03	1E10	1.02173709832849	1.28179143734063E-03	1E10	8.96403445767159E-02	1.12277171625281E-03	1E10	1.25509816298884E-02	1E-30	1.02545827769702E-11	8.74728268456741E-02	1E-30	8.40263185989352E-11	7.18015341292045E-02	1E-30	5.566505085462E-10	2.62606134445087E-02	1E-30	4.53867042074897E-10	3.18343359319492E-03	2.02563770565814E-05	1.34883146353302E-10	8.32865535769196E-03	7.88622266060562E-06	1.24357178754402E-10	9.47492914576E-3	2.91704846663723E-12	1.18077996102054E-09	879.886403941627	1E10	1E-30	1E-10	1E10	1E-30	1E-10	1E10	1E-30	1E-10	1E10	1E-30	1E-10	1E10	1E-30	1E-10
27	9.12010839355909E-06	1E10	1E7	1E-30	7.0255885394468E-11	1E10	1E-30	1E10	3.82911037905465E-03	8.90375924109476E-04	1E10	1.23730864457637	9.55750495799782E-04	1E10	0.102261986096688	9.0041458868328E-04	1E10	1.00059045118675E-02	1E-30	8.52480809558394E-11	8.18568559126792E-02	1E-30	6.50627566376099E-10	2.94408169787304E-02	1E-30	1.42337430549694E-09	2.97380043441934E-03	2.01187902886155E-05	1.96009252139836E-10	1.25832040624263E-02	1.30963356449611E-05	8.14521133326857E-11	7.06436538746865E-03	2.62973275320363E-12	1.1352917945537E-09	462.117127625816	1E10	1E-30	1E-10	1E10	1E-30	1E-10	1E10	1E-30	1E-10	1E10	1E-30	1E-10	1E10	1E-30	1E-10	1E10	1E-30	1E-10
28	9.83381157674644E-06	1E10	1E7	1E-30	2.25315950333816E-10	1E10	1E-30	1E10	5.39345200949993E-03	1.13438740792859E-03	1E10	1.03250383982819	1.19612558894136E-03	1E10	0.107392445491371	1.08793800360658E-03	1E10	1.13873444011865E-02	1E-30	5.9934592351347E-12	0.437245333373896	1E-30	8.02192219408171E-11	6.97511316026639E-02	1E-30	4.02586700232923E-10	2.75017047570087E-02	1E-30	9.47127042435573E-10	4.80748620363796E-03	2.51670903407429E-05	8.27610946922377E-11	5.58241699594865E-03	4.53788351357435E-06	1.47025794225636E-10	9.57858965886154E-03	3.44033425977405E-12	1.06429865289246E-09	618.603408440592	1E10	1E-30	1E-10	1E10	1E-30	1E-10	1E10	1E-30	1E-10	1E10	1E-30	1E-10	1E10	1E-30	1E-10
29	1.64778E-5	1E10	6666666.7	1E-30	7.01067E-10	1E10	1E-30	1E10	4.854134E-3	6.83671E-4	1E10	18.05468171	1.025647E-3	1E10	1.966521077	1.365718E-3	1E10	0.448703917	2.035086E-3	1E10	0.118086934	1.868377E-3	1E10	0.024876802	1.419615E-3	1E10	4.694369E-3	1E-30	1.0889E-10	0.025155615	1E-30	4.65443E-10	0.010498162	1E-30	3.97936E-10	7.380131E-3	1.08101E-4	3.42222E-11	3.363223E-3	4.88223E-5	2.6556E-11	3.119567E-3	1.06512E-10	3.56787E-11	594.196076	6.70642E-12	4.99331E-10	93.07048046	1E10	1E-30	1E-10	1E10	1E-30	1E-10
30	1.3909469709903E-05	1E10	6666666.7	1E-30	1.76940542100933E-11	1E10	1E-30	1E10	3.63253357067348E-03	2.04388214018331E-03	1E10	0.435979754049561	1.48889346373805E-03	1E10	5.99535349820415E-02	2.04929743854949E-03	1E10	4.07455573559625E-03	1E-30	1.48084657394327E-11	0.100599332864589	1E-30	9.92230635604147E-11	0.073657684338775	1E-30	6.3310143940702E-10	2.35839293429452E-02	1E-30	7.01122595817129E-10	3.9402791198949E-03	2.46728911664873E-05	2.92701575483803E-10	1.37250552198012E-02	1.12509273505001E-05	1.49937643147407E-10	6.74182172562178E-03	3.19438905294123E-12	1.14028967071531E-09	518.858207124166	1E10	1E-30	1E-10	1E10	1E-30	1E-10	1E10	1E-30	1E-10	1E10	1E-30	1E-10	1E10	1E-30	1E-10
31	1.47193508549677E-05	1E10	6666666.7	1E-30	8.9796671831411E-12	1E10	1E-30	1E10	4.86991124716604E-03	1.85318134506949E-03	1E10	0.412913795408323	1.42427757153832E-03	1E10	4.92276259605113E-02	2.11493699712206E-03	1E10	2.80301550885572E-03	1E-30	7.77753319293919E-11	5.88027831630428E-02	1E-30	5.60955494573923E-12	0.044952512399964	1E-30	5.10550785765211E-10	0.02604595147845	1E-30	8.37742960297786E-10	4.09628056433505E-03	4.89626278498569E-05	6.75738757756268E-11	3.03166463503366E-03	7.54187069509314E-06	1.56606869675718E-10	6.19018253257933E-03	2.90979115913529E-12	1.21569444848168E-09	438.990601222148	2.75565952846639E-11	7.71639351819447E-11	4.74900311231129	1E10	1E-30	1E-10	1E10	1E-30	1E-10	1E10	1E-30	1E-10	1E10	1E-30	1E-10
32	1.71004916479512E-05	1E10	5882352.9	1E-30	3.24535610926524E-11	1E10	1E-30	1E10	3.71579706437908E-03	2.16696980191111E-03	1E10	0.411839866266668	1.87921538428405E-03	1E10	5.93288532609308E-02	2.29481802653159E-03	1E10	5.92074094948396E-03	1E-30	7.21986758214342E-11	6.50504722439025E-02	1E-30	5.32471075714911E-10	2.61429517198131E-02	1E-30	7.95091692534538E-10	3.84132423053511E-03	3.36671158887674E-05	1.5909147213951E-10	6.07435679760519E-03	8.72255021646018E-06	2.16653365270529E-10	9.13793193813896E-03	2.89750457728661E-12	1.08393747194028E-09	1149.1697081315	1E10	1E-30	1E-10	1E10	1E-30	1E-10	1E10	1E-30	1E-10	1E10	1E-30	1E-10	1E10	1E-30	1E-10	1E10	1E-30	1E-10
33	1.68068273310005E-05	1E10	5882352.9	1E-30	1.29664200320165E-11	1E10	1E-30	1E10	4.73973394906213E-03	1.89328839503075E-03	1E10	0.680307717835687	1.79861276620096E-03	1E10	6.03082705247107E-02	1.81610083518998E-03	1E10	4.08149044343138E-03	1E-30	1.82433053080711E-11	0.169753214092433	1E-30	9.11674954032988E-11	5.87791437749399E-02	1E-30	6.08047588233683E-10	2.37138079155737E-02	1E-30	7.85221268677256E-10	4.01206408274119E-03	3.52129036514705E-05	1.51206939760647E-10	6.21658133676791E-03	1.22864218302569E-05	1.5881473700837E-10	9.02985624437482E-03	2.8041182260749E-12	1.12438100647598E-09	888.220355804646	1E10	1E-30	1E-10	1E10	1E-30	1E-10	1E10	1E-30	1E-10	1E10	1E-30	1E-10	1E10	1E-30	1E-10
34	2.29556E-5	1E10	4545454.5	1E-30	8.70552E-18	1E10	1E-30	1E10	4.992904E-3	9.47734E-4	1E10	10.90459291	1.182354E-3	1E10	1.188505184	2.868871E-3	1E10	0.157485632	2.187422E-3	1E10	0.037848243	1.544525E-3	1E10	5.393945E-3	1E-30	1.53316E-10	0.024505787	1E-30	5.62146E-10	0.010041829	1E-30	4.95809E-10	6.875077E-3	1.19961E-4	5.48872E-11	3.861513E-3	5.85415E-5	4.10864E-11	3.609582E-3	2.96634E-12	1.30151E-9	359.2375341	1E10	1E-30	1E-10	1E10	1E-30	1E-10	1E10	1E-30	1E-10	1E10	1E-30	1E-10
35	2.09315285369405E-05	1E10	4545454.54545454	1E-30	4.01811791119152E-11	1E10	1E-30	1E10	2.88182226882465E-03	3.19270075308362E-03	1E10	2.76066194624093E-03	1E-30	8.80737894089359E-11	2.75422870333813E-02	1E-30	7.5017880744838E-10	1.99526231496885E-02	1E-30	1.36078323444862E-09	3.01995172040196E-03	5.67278729386321E-05	1.19274165711575E-10	5.07818300393719E-03	2.71099439631013E-05	8.98749866830701E-11	5.71189758112627E-03	2.99053755075708E-12	1.24582554056701E-09	276.173928809065	1E10	1E-30	1E-10	1E10	1E-30	1E-10	1E10	1E-30	1E-10	1E10	1E-30	1E-10	1E10	1E-30	1E-10	1E10	1E-30	1E-10	1E10	1E-30	1E-10	1E10	1E-30	1E-10
36	1.93138788690701E-05	1E10	4545454.5	1E-30	1.08834550739809E-11	1E10	1E-30	1E10	2.82012274342216E-03	2.66286046228751E-03	1E10	0.318307861142023	1.80797002878136E-03	1E10	4.00894169274493E-02	2.84763580343234E-03	1E10	2.0676370105592E-03	1E-30	9.05498847852299E-11	4.48436079902275E-02	1E-30	6.59944683211076E-10	2.15352774715827E-02	1E-30	1.28947148959512E-09	3.53928994680304E-03	4.02546057257707E-05	2.2388597420711E-10	8.49109867436817E-03	2.00160437806266E-05	1.127818946824E-10	4.91290694076427E-03	2.59365546335686E-12	1.2475866839935E-09	577.545232420554	1E10	1E-30	1E-10	1E10	1E-30	1E-10	1E10	1E-30	1E-10	1E10	1E-30	1E-10	1E10	1E-30	1E-10	1E10	1E-30	1E-10
37	1.97229760706092E-05	1E10	4545454.5	1E-30	1.07914785566032E-11	1E10	1E-30	1E10	3.04736660775013E-03	3.03752057734642E-03	1E10	0.42468020145236	1.95737613243863E-03	1E10	5.93800087866885E-02	2.21102443876415E-03	1E10	4.23255630401089E-03	1E-30	1.53900404720126E-11	0.116014905654713	1E-30	1.05967875026545E-10	5.90711569879543E-02	1E-30	7.34498221781091E-10	0.021115182824111	1E-30	1.29593708387792E-09	3.50840163866809E-03	4.03527119065779E-05	2.6791076194167E-10	1.36375679638998E-02	1.63971588176556E-05	1.60907776618262E-10	6.27587282650613E-03	2.79992392055587E-12	1.25022572983737E-09	443.937734352653	1E10	1E-30	1E-10	1E10	1E-30	1E-10	1E10	1E-30	1E-10	1E10	1E-30	1E-10	1E10	1E-30	1E-10
38	1.97229760706092E-05	1E10	4545454.5	1E-30	1.07914785566032E-11	1E10	1E-30	1E10	3.04736660775013E-03	3.03752057734642E-03	1E10	0.42468020145236	1.95737613243863E-03	1E10	5.93800087866885E-02	2.21102443876415E-03	1E10	4.23255630401089E-03	1E-30	1.53900404720126E-11	0.116014905654713	1E-30	1.05967875026545E-10	5.90711569879543E-02	1E-30	7.34498221781091E-10	0.021115182824111	1E-30	1.29593708387792E-09	3.50840163866809E-03	4.03527119065779E-05	2.6791076194167E-10	1.36375679638998E-02	1.63971588176556E-05	1.60907776618262E-10	6.27587282650613E-03	2.79992392055587E-12	1.25022572983737E-09	443.937734352653	1E10	1E-30	1E-10	1E10	1E-30	1E-10	1E10	1E-30	1E-10	1E10	1E-30	1E-10	1E10	1E-30	1E-10
39	1.97229760706092E-05	1E10	4545454.5	1E-30	1.07914785566032E-11	1E10	1E-30	1E10	3.04736660775013E-03	3.03752057734642E-03	1E10	0.42468020145236	1.95737613243863E-03	1E10	5.93800087866885E-02	2.21102443876415E-03	1E10	4.23255630401089E-03	1E-30	1.53900404720126E-11	0.116014905654713	1E-30	1.05967875026545E-10	5.90711569879543E-02	1E-30	7.34498221781091E-10	0.021115182824111	1E-30	1.29593708387792E-09	3.50840163866809E-03	4.03527119065779E-05	2.6791076194167E-10	1.36375679638998E-02	1.63971588176556E-05	1.60907776618262E-10	6.27587282650613E-03	2.79992392055587E-12	1.25022572983737E-09	443.937734352653	1E10	1E-30	1E-10	1E10	1E-30	1E-10	1E10	1E-30	1E-10	1E10	1E-30	1E-10	1E10	1E-30	1E-10
40	2.12583570042664E-05	1E10	4545454.5	1E-30	1.82521910103718E-11	1E10	1E-30	1E10	5.0310495302034E-03	2.35822356684826E-03	1E10	0.513692846708416	2.11960646081202E-03	1E10	4.96240488682921E-02	2.60484148379187E-03	1E10	4.26895316623024E-03	1E-30	1.69429391190423E-11	0.170928433897301	1E-30	8.74404219592751E-11	5.20515259768425E-02	1E-30	6.39706292292522E-10	2.38370344484348E-02	1E-30	6.43099920116048E-10	3.68612385302533E-03	4.33900099264032E-05	1.51950139767603E-10	5.36104181046165E-03	1.60966179763453E-05	1.49618312589714E-10	6.99027187020079E-03	3.1311203222334E-12	1.12976078666905E-09	468.400430102381	1E10	1E-30	1E-10	1E10	1E-30	1E-10	1E10	1E-30	1E-10	1E10	1E-30	1E-10	1E10	1E-30	1E-10
41	1.93138788690701E-05	1E10	4545454.5	1E-30	1.08834550739809E-11	1E10	1E-30	1E10	2.82012274342216E-03	2.66286046228751E-03	1E10	0.318307861142023	1.80797002878136E-03	1E10	4.00894169274493E-02	2.84763580343234E-03	1E10	2.0676370105592E-03	1E-30	9.05498847852299E-11	4.48436079902275E-02	1E-30	6.59944683211076E-10	2.15352774715827E-02	1E-30	1.28947148959512E-09	3.53928994680304E-03	4.02546057257707E-05	2.2388597420711E-10	8.49109867436817E-03	2.00160437806266E-05	1.127818946824E-10	4.91290694076427E-03	2.59365546335686E-12	1.2475866839935E-09	577.545232420554	1E10	1E-30	1E-10	1E10	1E-30	1E-10	1E10	1E-30	1E-10	1E10	1E-30	1E-10	1E10	1E-30	1E-10	1E10	1E-30	1E-10
42	3.45856E-5	1E10	3030303	1E-30	6.59272E-10	1E10	1E-30	1E10	3.307116E-3	1.241586E-3	1E10	9.295867387	1.752626E-3	1E10	0.965812099	4.390128E-3	1E10	0.165492696	3.270357E-3	1E10	0.041260434	4.615929E-3	1E10	4.004651E-3	1E-30	1.52113E-10	0.025097864	1E-30	1.0396E-9	0.015991855	1E-30	1.05878E-9	1.773522E-3	1.73323E-4	6.12821E-11	3.041327E-3	8.25309E-5	4.84982E-11	3.173871E-3	1.14523E-10	3.67212E-11	479.4131331	6.05548E-12	5.75418E-10	77.93949374	1E10	1E-30	1E-10	1E10	1E-30	1E-10	1E10	1E-30	1E-10
43	3.184E-5	1E10	3030303	1E-30	6.48047E-10	1E10	1E-30	1E10	3.267359E-3	1.306974E-3	1E10	8.795036585	1.796778E-3	1E10	0.922870575	4.537173E-3	1E10	0.145632021	3.166721E-3	1E10	0.03841141	4.698852E-3	1E10	3.783802E-3	1E-30	1.2447E-10	0.028891575	1E-30	8.98267E-10	0.016846986	1E-30	1.03996E-9	2.445232E-3	8.52241E-5	1.75095E-10	6.268644E-3	7.12709E-5	5.6875E-11	3.553313E-3	1.18027E-10	3.22001E-11	582.8245553	6.59752E-12	5.1525E-10	101.7160922	1E10	1E-30	1E-10	1E10	1E-30	1E-10	1E10	1E-30	1E-10
44	3.34454200602429E-05	1E10	3030303	1E-30	1.34734346739081E-11	1E10	1E-30	1E10	5.06626441031956E-03	4.18913752859286E-03	1E10	0.24422918059414	3.60640546001011E-03	1E10	3.42667470398421E-02	4.22271873340693E-03	1E10	3.39600336696346E-03	1E-30	3.24331963578931E-11	0.179845498817314	1E-30	1.33161716978322E-10	3.92430377325965E-02	1E-30	9.19422079136703E-10	1.84035627079802E-02	1E-30	9.50415904818558E-10	3.81168538927251E-03	5.94482073620179E-05	3.39324471537962E-10	7.94901660734099E-03	7.0813653990488E-05	9.08930794723963E-11	6.09888954331356E-03	2.88534325054785E-12	1.17187682580334E-09	879.570806420314	1E10	1E-30	1E-10	1E10	1E-30	1E-10	1E10	1E-30	1E-10	1E10	1E-30	1E-10	1E10	1E-30	1E-10
45	2.95137009568391E-05	1E10	3030303	1E-30	1.66951523812476E-11	1E10	1E-30	1E10	4.81577927116901E-03	4.18464998575266E-03	1E10	0.233841778267397	2.90209643884094E-03	1E10	3.79520806451259E-02	3.7823219236186E-03	1E10	2.13930265141571E-03	1E-30	1.28182161266903E-11	9.42404806731783E-02	1E-30	1.01683902133959E-10	5.08910379518669E-02	1E-30	7.79375660164063E-10	2.20193978303553E-02	1E-30	7.50773977954131E-10	2.75413617124366E-03	6.52722936212452E-05	2.20399284982358E-10	6.33539347799279E-03	2.50573854899485E-05	1.49331381754353E-10	4.69286833117388E-03	2.87424975378327E-12	1.12987954643152E-09	511.784977704034	1E10	1E-30	1E-10	1E10	1E-30	1E-10	1E10	1E-30	1E-10	1E10	1E-30	1E-10	1E10	1E-30	1E-10
46	3.34454200602429E-05	1E10	3030303	1E-30	1.34734346739081E-11	1E10	1E-30	1E10	5.06626441031956E-03	4.18913752859286E-03	1E10	0.24422918059414	3.60640546001011E-03	1E10	3.42667470398421E-02	4.22271873340693E-03	1E10	3.39600336696346E-03	1E-30	3.24331963578931E-11	0.179845498817314	1E-30	1.33161716978322E-10	3.92430377325965E-02	1E-30	9.19422079136703E-10	1.84035627079802E-02	1E-30	9.50415904818558E-10	3.81168538927251E-03	5.94482073620179E-05	3.39324471537962E-10	7.94901660734099E-03	7.0813653990488E-05	9.08930794723963E-11	6.09888954331356E-03	2.88534325054785E-12	1.17187682580334E-09	879.570806420314	1E10	1E-30	1E-10	1E10	1E-30	1E-10	1E10	1E-30	1E-10	1E10	1E-30	1E-10	1E10	1E-30	1E-10
47	4.77758E-5	1E10	2127659.57	1E-30	1.37242E-20	1E10	1E-30	1E10	2.978827E-3	1.773095E-3	1E10	7.329019094	2.827149E-3	1E10	0.81335819	6.352453E-3	1E10	0.19721503	4.176297E-3	1E10	0.052636191	5.087164E-3	1E10	5.408208E-3	1E-30	1.34218E-10	0.026110738	1E-30	3.9484E-10	9.555029E-3	1E-30	1.04328E-9	8.189749E-3	1E-30	1.33031E-9	9.59901E-4	2.50212E-4	6.70444E-11	2.899381E-3	1.06591E-4	6.16958E-11	3.384172E-3	2.12417E-11	2.04548E-10	40.45090065	3.14158E-12	1.03893E-9	450.1773971	1E10	1E-30	1E-10	1E10	1E-30	1E-10
48	4.50376E-5	1E10	2127659.6	1E-30	8.43433E-10	1E10	1E-30	1E10	3.529515E-3	1.920039E-3	1E10	5.265737676	2.939423E-3	1E10	0.572046087	6.830823E-3	1E10	0.086845879	4.866805E-3	1E10	0.021602228	8.087574E-3	1E10	1.836941E-3	1E-30	1.32014E-10	0.023161646	1E-30	4.02464E-10	0.010517411	1E-30	1.73307E-9	9.130832E-3	1.71165E-4	1.60977E-10	5.888216E-3	2.1671E-4	3.35487E-11	2.637618E-3	1.09484E-10	3.84235E-11	406.832574	5.89893E-12	5.89278E-10	83.73065643	1E10	1E-30	1E-10	1E10	1E-30	1E-10	1E10	1E-30	1E-10
49	4.25327545219845E-05	1E10	2127659.57446808	1E-30	2.83673726469746E-11	1E10	1E-30	1E10	2.65607682833368E-03	1E-30	3.10571540886775E-12	9.77237220955801E-02	1E-30	6.78198074515894E-11	2.81838293126441E-02	1E-30	2.86800777775005E-10	1.34896288259163E-02	1E-30	6.09952551059457E-10	9.54992586021425E-03	1E-30	1.34391080488219E-09	3.16227766016833E-03	9.84653020042047E-05	2.890471246788E-10	7.23471800299326E-03	6.99286760243146E-05	1.10334962546191E-10	4.02372348577694E-03	3.76732610039605E-05	7.15005977681314E-11	1.92075349806907E-03	3.1968837849051E-12	1.16541241766425E-09	274.085717472889	1E10	1E-30	1E-10	1E10	1E-30	1E-10	1E10	1E-30	1E-10	1E10	1E-30	1E-10	1E10	1E-30	1E-10	1E10	1E-30	1E-10
50	4.3291089399618E-05	1E10	2127659.6	1E-30	7.95311286009421E-12	1E10	1E-30	1E10	3.10518387889676E-03	7.71882381589426E-03	1E10	0.156941343153174	5.74939313724949E-03	1E10	3.96982064392484E-02	4.37295608180071E-03	1E10	9.9743446807382E-03	1E-30	1.94500467160075E-11	0.263636589324383	1E-30	1.16456295463128E-10	4.08210519532669E-02	1E-30	7.94188291628879E-10	1.41294362848557E-02	1E-30	1.33280424585489E-09	3.93902589586985E-03	1.15625505252232E-04	2.36657444188593E-10	7.64699409789079E-03	8.82754255315146E-05	8.19966411555146E-11	3.49310514673984E-03	2.89469189153637E-12	1.13044417657371E-09	600.652705871422	1E10	1E-30	1E-10	1E10	1E-30	1E-10	1E10	1E-30	1E-10	1E10	1E-30	1E-10	1E10	1E-30	1E-10
51	6.99186E-5	1E10	1470588.2	1E-30	3.40104E-18	1E10	1E-30	1E10	2.816116E-3	2.627046E-3	1E10	4.932534483	4.811647E-3	1E10	0.526637222	0.012499298	1E10	0.139203245	6.129284E-3	1E10	0.040167678	8.122813E-3	1E10	5.403841E-3	1E-30	1.41039E-10	0.024173501	1E-30	3.64426E-10	9.521002E-3	1E-30	1.57865E-9	8.912323E-3	1E-30	1.15716E-9	5.60253E-4	2.17424E-4	2.07839E-10	4.585932E-3	4.03413E-4	2.918E-11	1.922742E-3	3.11673E-12	1.28047E-9	387.123784	1E10	1E-30	1E-10	1E10	1E-30	1E-10	1E10	1E-30	1E-10
52	9.70757E-5	1E10	1E6	1E-30	4.11759E-22	1E10	1E-30	1E10	3.109089E-3	3.305476E-3	1E10	3.220325188	7.939914E-3	1E10	0.30222621	0.012991039	1E10	0.043076569	9.040515E-3	1E10	0.015203017	0.011494121	1E10	1.678239E-3	1E-30	1.50794E-10	0.025674881	1E-30	5.37091E-10	0.011289672	1E-30	2.31674E-9	7.781372E-3	4.80138E-4	1.37837E-10	3.126257E-3	3.45316E-12	1.04854E-9	355.1973884	2.09573E-11	1.44256E-10	81.93372271	1E10	1E-30	1E-10	1E10	1E-30	1E-10	1E10	1E-30	1E-10	1E10	1E-30	1E-10
END DSCRDATA
