BEGIN DSCRDATA
% INDEX	K01	L01	M01	K02	L02	M02	K03	L03	M03	K04	L04	M04	K05	L05	M05	K06	L06	M06	K07	L07	M07	K08	L08	M08	K09	L09	M09	K10	L10	M10	K11	L11	M11	K12	L12	M12	K13	L13	M13	K14	L14	M14	K15	L15	M15	K16	L16	M16	K17	L17	M17	K18	L18	M18
0	0	0	0	0	0	0	0	0	0	0	0	0	0	0	0	0	0	0	0	0	0	0	0	0	0	0	0	0	0	0	0	0	0	0	0	0	0	0	0	0	0	0	0	0	0	0	0	0	0	0	0	0	0	0
1	8.33653384286584E-09	1E10	1E11	1E-30	1.2070918084445E-11	1E10	1E-30	1E10	9.12390325797454E-03	6.44878490165571E-05	1E10	24.4865257611943	6.40070372582974E-05	1E10	11.7507891594416	2.05025477310328E-04	1E10	1.50975768095701	9.81298034180068E-05	1E10	0.535065393985753	1.31439563639822E-04	1E10	3.41989692605173E-02	1.16452735293833E-04	1E10	1.72068237654353E-02	1E-30	1.6247147908289E-10	3.37763469792733E-02	1E-30	1.45116246822373E-10	6.69779352746582E-03	1.9905368652718E-08	8.18271606848932E-11	0.770871768641194	7.88440045331227E-09	6.84958227612049E-11	0.899161553918031	1.05704240539552E-08	1.38410052114001E-11	0.201371221607328	2.26776492594318E-10	1.01205080089848E-10	0.326679768421081	2.35749161434799E-12	1.16930717472022E-09	764.15939111816	1E10	1E-30	1E-10	1E10	1E-30	1E-10
2	8.2E-9	1E10	1E11	1E-30	1.72380802766849E-11	1E10	1E-30	1E10	9.27433155282306E-03	2.17153145466824E-05	1E10	1828.73167601046	1.0415043142402E-04	1E10	9.48475841321438	1.55211527203597E-04	1E10	0.957865094660646	8.89723180492695E-05	1E10	0.336947721938069	6.83036318717956E-05	1E10	2.36279883880296E-02	1.89954866556133E-04	1E10	2.23446864210473E-02	1E-30	1.92543226721322E-10	1.71734629331715E-02	2.01427723870532E-08	8.02796212178887E-11	0.792218533641691	8.7038004533735E-09	6.19711997002036E-11	0.916070187131916	2.49567352233919E-10	1.30461959931584E-10	0.332971431397243	4.80979682368531E-12	5.75402124747417E-10	241.980368895426	4.43623956482362E-12	6.0136194696609E-10	732.023514409676	1E10	1E-30	1E-10	1E10	1E-30	1E-10	1E10	1E-30	1E-10
3	1.01074467191394E-08	1E10	1E10	1E-30	1.80557681224212E-11	1E10	1E-30	1E10	7.20656766619915E-03	2.58163749888033E-05	1E10	265.571800716203	7.64871413303081E-05	1E10	8.35809267340518	2.73083204385282E-04	1E10	1.57391748052612	1.18096606672962E-04	1E10	0.504003859290872	1.766053260436E-04	1E10	3.58169303998628E-02	1.45326447757858E-04	1E10	1.30523829175182E-02	1E-30	1.36262468986573E-10	8.35935111294602E-03	2.37613605475031E-08	9.68298707121154E-11	0.951432317257814	1.14156820041782E-08	7.02208373266328E-11	0.874301269131541	1.75892065259549E-08	1.23831954207922E-11	0.238138734215984	1.46478207011983E-11	1.80744798415263E-10	0.303972529144975	2.45037183045687E-12	1.05125612144002E-09	1076.01728999395	1E10	1E-30	1E-10	1E10	1E-30	1E-10	1E10	1E-30	1E-10
4	1.0012934287874E-08	1E10	1E10	1E-30	7.93788600577395E-17	1E10	1E-30	1E10	8.71590085789584E-03	2.57691141220111E-05	1E10	161.907887708981	7.03580326762449E-05	1E10	12.3201920988505	1.81336740717759E-04	1E10	1.49419219132471	1.1861159814686E-04	1E10	0.478016705450454	1.62230431580487E-04	1E10	3.57111755516464E-02	1.08027061205774E-04	1E10	1.72194929769997E-02	1E-30	2.70934678954599E-11	1.51934236407554E-02	1E-30	1.75829782135297E-10	1.33503349597779E-02	2.14633252442465E-08	1.09685011077163E-10	0.828717259464877	1.04686906388601E-08	8.00491067786446E-11	0.82382243040308	5.61579121353314E-08	6.81318320313933E-12	0.203558824492518	2.41011478746026E-08	9.48224259264054E-12	0.232911540782289	2.49650109989315E-10	1.43443670261263E-10	0.296425171590776	2.46049890972313E-12	1.07904278544491E-09	1579.11559564431	1E10	1E-30	1E-10
5	2.60268317558985E-08	1E10	1E10	1E-30	2.04639435754439E-10	1E10	1E-30	1E10	7.84906146555478E-03	1.36491822423734E-04	1E10	7.95310807725396	2.68445702403958E-03	1E10	0.705435951924601	2.4650461113824E-04	1E10	0.472951474229426	2.56151987314372E-04	1E10	0.413334693342004	2.59487496016152E-04	1E10	3.55000366199797E-02	1.08458500671286E-04	1E10	9.08010581368795E-03	1E-30	2.61853290465482E-10	1.70002185684477E-02	8.70010325219621E-08	3.33743429024357E-11	0.238332450045756	2.0304988327081E-08	5.02489426472496E-11	0.322532980605438	1.19794845346628E-10	1.3711083581464E-10	0.243709542758086	2.6195364650397E-12	1.05926065273611E-09	501.269977387698	1E10	1E-30	1E-10	1E10	1E-30	1E-10	1E10	1E-30	1E-10	1E10	1E-30	1E-10
6	1.44077619281016E-08	1E10	1E10	1E-30	1.26222454446446E-23	1E10	1E-30	1E10	2.81648124261173E-03	1.70588162497195E-04	1E10	31.0120956112074	2.31550444758964E-04	1E10	5.95271091011719	1.97957374812499E-04	1E10	1.045337829262	1.74054515844075E-04	1E10	0.139876695026935	1.21689880279308E-04	1E10	2.60087585744324E-02	9.21398321232178E-05	1E10	4.45715550216399E-03	1E-30	2.97927959723943E-10	1.40157672301644E-02	1E-30	3.15690065274894E-11	4.4321747602069E-03	1.43245847218286E-09	2.85360839720921E-09	6.13861115386398E-03	6.11125215328782E-08	4.72725989131592E-11	0.3194895604108	1.6728896140747E-08	6.08088834847022E-11	0.421207442666532	2.66917229929139E-10	1.41085182905737E-10	0.204159535667221	2.31009342391706E-12	1.42698565263731E-09	1633.91853077784	1E10	1E-30	1E-10	1E10	1E-30	1E-10
7	1.71328422757266E-08	1E10	1E10	1E-30	3.92011129544201E-10	1E10	1E-30	1E10	7.37797231845226E-03	2.02862847403103E-04	1E10	15.1878544121977	1.45219895007052E-04	1E10	0.981090107016585	3.0023184055167E-04	1E10	4.89798467091881E-02	1.60354749495632E-04	1E10	8.67918963192664E-03	1E-30	9.7988414824939E-11	0.295617560234749	1E-30	1.67889724442198E-10	1.43247351260406E-02	1E-30	3.3112689547133E-11	2.82163033166182E-03	7.04795779944009E-08	5.6335385993998E-11	0.356902827050469	1.96037237826875E-08	7.39333017499949E-11	0.40858954996147	9.10977383199351E-09	4.48304801655325E-11	0.112750193666467	3.10248050640888E-11	9.44481366675274E-11	6.95382275261964	3.45134175772791E-12	7.94582579023269E-10	2074.36641330614	1E10	1E-30	1E-10	1E10	1E-30	1E-10	1E10	1E-30	1E-10
8	1.76033769342653E-08	1E10	1E10	1E-30	8.33526715899093E-24	1E10	1E-30	1E10	7.32515749315846E-03	5.06806966391797E-05	1E10	290.171055573855	2.36081815988709E-04	1E10	5.22640749217124	2.32245532500443E-04	1E10	0.961875251820068	3.31142764821771E-04	1E10	7.47470843500004E-02	1.65849975069316E-04	1E10	1.38540524575998E-02	1E-30	1.69481745614235E-10	1.70167027456955E-02	1E-30	1.16515014807532E-10	2.89073061544194E-03	5.91874374178689E-08	6.5697170258862E-11	0.357326753277451	1.84881705342316E-08	7.62135928188377E-11	0.428186867145967	2.29975665288124E-08	1.831081486211E-11	0.08578955922956	3.55034194354447E-10	1.18378170313116E-10	0.23246743364675	2.33384822249926E-12	1.3814964203112E-09	1748.65265412909	1E10	1E-30	1E-10	1E10	1E-30	1E-10	1E10	1E-30	1E-10
9	1.98596887746975E-08	1E10	1E10	1E-30	8.63682898032087E-24	1E10	1E-30	1E10	6.93219733830248E-03	2.35679490534419E-04	1E10	22.7388954177061	1.98804296995033E-04	1E10	0.744680422019869	3.6170345727529E-04	1E10	4.60839885224668E-02	2.00955995015991E-04	1E10	6.41913619036124E-03	1E-30	4.44982314041465E-10	34.6451583880354	1E-30	1.51018698183932E-10	9.48185963432996E-03	1E-30	6.20027569416584E-11	3.87006366176959E-03	9.79035030676422E-08	5.59164756076419E-11	0.348787859566629	3.14443660105297E-08	6.46131767177732E-11	0.382136510760069	1.84149445122206E-09	1.4722418068723E-10	0.151538891395052	2.56829708396257E-12	1.18528163557706E-09	1187.1485042239	1E10	1E-30	1E-10	1E10	1E-30	1E-10	1E10	1E-30	1E-10	1E10	1E-30	1E-10
10	2.03444976409858E-08	1E10	1E10	1E-30	2.64745982738274E-23	1E10	1E-30	1E10	3.35102355062083E-03	1.0181167660636E-04	1E10	91.1379123422074	1.06310306181211E-04	1E10	20.0669989189533	1.9366041666022E-04	1E10	0.864552588345863	2.13554807820477E-04	1E10	5.78678317190098E-02	1.33272563585466E-04	1E10	7.36902157524667E-03	1E-30	1.69975882054348E-10	4.01229664156281E-03	1E-30	1.17017819475062E-09	3.1473568542683E-03	1.79354745397968E-07	2.99461359644453E-11	0.312827198554195	4.75013397175386E-08	4.14148099801116E-11	0.396713805415228	3.5021019864124E-08	1.47938032716006E-11	7.41645741331845E-02	5.64787601636334E-11	3.36414613643306E-10	0.131256937767799	2.34221963877422E-12	1.53538668257081E-09	1455.96059683003	1E10	1E-30	1E-10	1E10	1E-30	1E-10	1E10	1E-30	1E-10
11	2.5665459293037E-08	1E10	1E10	1E-30	1.70059416468797E-13	1E10	1E-30	1E10	5.80637758802234E-03	4.42668118473446E-04	1E10	11.6063254371856	2.45335804316212E-04	1E10	0.632440849803096	3.77739330922767E-04	1E10	4.81991052089355E-02	2.36990847053626E-04	1E10	5.44137403117201E-03	1E-30	8.13707528274399E-10	107.786117016849	1E-30	1.48237976772044E-10	8.74927928697729E-03	1E-30	5.36237652390734E-11	3.01266821030455E-03	1.18451048182221E-07	6.44399831483543E-11	0.474298627905986	3.93188248986106E-08	7.55043665503192E-11	0.384222014371374	2.89649169936158E-08	3.06042619385483E-11	8.91877838313939E-02	2.05466709451139E-11	1.70730896114145E-10	0.169537396580346	5.53425927064201E-12	4.9718615950829E-10	426.567619612148	1E10	1E-30	1E-10	1E10	1E-30	1E-10	1E10	1E-30	1E-10
12	2.66149851885762E-08	1E10	1E10	1E-30	1.61420873532725E-17	1E10	1E-30	1E10	5.43986074839298E-03	3.51603896690611E-06	1E10	85390.7933877961	1.946983934531E-04	1E10	6.31852454571885	2.81993429631889E-04	1E10	0.4776153967606	5.44608253039797E-04	1E10	3.25670809130941E-02	3.20919051446749E-04	1E10	5.54499053928707E-03	1E-30	1.28841680226126E-10	0.322756116855024	1E-30	1.74193068929083E-10	0.010652357430254	1E-30	3.14613681330836E-10	3.04180660881752E-03	8.14756506317386E-08	9.32791489476025E-11	0.591707820193358	4.4700062477519E-08	6.66618953705084E-11	0.420909396020414	1.28877528450532E-08	6.10772596414295E-11	0.169441124680825	2.36093564297447E-12	1.3430603393081E-09	1649.1682595056	1E10	1E-30	1E-10	1E10	1E-30	1E-10	1E10	1E-30	1E-10
13	3.32407846279998E-08	1E10	3030303030	1E-30	2.56559598357838E-13	1E10	1E-30	1E10	3.84033844974193E-03	1.49464828018944E-04	1E10	81.0340195791663	4.73757493809799E-04	1E10	2.59670104245219	6.60453997991243E-04	1E10	0.306373288793964	8.31631356953439E-04	1E10	0.143472331745405	4.11036155985324E-04	1E10	3.53184503082537E-02	1.67677078591889E-04	1E10	5.05520132005302E-03	4.65043597892409E-08	4.64291499580827E-11	0.346218436161976	4.61769520028577E-10	2.5574536381514E-10	0.153510103067517	2.49737560250911E-12	1.20482053597288E-09	1069.97194681017	1E10	1E-30	1E-10	1E10	1E-30	1E-10	1E10	1E-30	1E-10	1E10	1E-30	1E-10	1E10	1E-30	1E-10	1E10	1E-30	1E-10
14	3.81748139201866E-08	1E10	2564102564	1E-30	1.95574860859895E-22	1E10	1E-30	1E10	3.57685141166942E-03	3.33017124242848E-04	1E10	3.69412408098369	4.46509042197606E-04	1E10	0.36461983984619	4.98057791780207E-04	1E10	3.61632476950965E-02	1.89873252413207E-04	1E10	7.0191967942255E-03	1E-30	4.15148149572297E-11	4.65562552387609E-04	1E-30	2.97271521112056E-11	3.34212999804749E-04	1.07444369979784E-07	8.03138433582554E-11	0.394482640273085	4.66440298432817E-08	6.50138629798478E-11	0.370890846892769	4.2876319944919E-10	2.23978724402697E-10	0.169219109712682	2.54411106407526E-12	1.15862231976262E-09	1348.59430360266	1E10	1E-30	1E-10	1E10	1E-30	1E-10	1E10	1E-30	1E-10	1E10	1E-30	1E-10	1E10	1E-30	1E-10
15	4.27160168227769E-08	1E10	1E10	1E-30	4.49648096548172E-10	1E10	1E-30	1E10	4.09380725450595E-03	3.52448268190658E-04	1E10	9.38173302169341	7.40383819011002E-04	1E10	0.470564173388168	8.58157310247028E-04	1E10	0.205925150763266	5.4937604090001E-04	1E10	4.57947388883038E-02	3.8021376510144E-04	1E10	4.62457367489753E-03	1E-30	1.26151731493035E-10	8.75131407523581E-02	1E-30	2.525094770815E-10	5.80606223854847E-02	1E-30	7.56526432473443E-11	1.50383269075659E-03	8.38548405533791E-08	8.54397587466089E-11	3.38989034774322E-02	8.35203305322012E-08	2.2991123853448E-11	0.185611934893311	1.6549181434496E-07	3.41775919243732E-12	4.78256495249802E-02	3.27356160649395E-12	8.44826529254515E-10	1351.2568264907	3.3020272535282E-11	8.06972844761174E-11	3.3458856656799	1E10	1E-30	1E-10	1E10	1E-30	1E-10
16	4.50522817852997E-08	1E10	1E10	1E-30	1.65178561693497E-10	1E10	1E-30	1E10	3.72458793018864E-03	2.43651931603405E-04	1E10	11.8047473725112	4.72665495558588E-04	1E10	0.482365505866935	6.33192801830853E-04	1E10	0.035907281718186	3.99883473028043E-04	1E10	4.83375425168521E-03	1E-30	6.33176486596879E-11	0.140511665014705	1E-30	9.02414399020785E-11	2.48976533862454E-02	1E-30	3.47969577619588E-10	4.38594372753143E-03	8.13265055357964E-08	2.67656817118666E-10	0.602036635113361	3.01647963076845E-08	2.12127394038238E-10	7.87858445504323E-02	5.61864494647084E-08	3.3761546935511E-11	0.203400228958897	3.01370432859417E-12	1.1577270242155E-09	741.568920070065	1E10	1E-30	1E-10	1E10	1E-30	1E-10	1E10	1E-30	1E-10	1E10	1E-30	1E-10
17	4.7E-8	1E10	2127659574	1E-30	8.75397888907224E-18	1E10	1E-30	1E10	3.28422807715198E-03	3.81082731438731E-04	1E10	4.08983603973603	4.98013687150057E-04	1E10	0.358407169049604	5.9166119960062E-04	1E10	3.71784035322542E-02	2.83125669081655E-04	1E10	5.81014440719256E-03	1.27686890239115E-07	9.19100309656114E-11	0.451235224737824	5.94397945909547E-08	7.13444280172596E-11	0.409868435651465	7.43459705990923E-08	1.56841765993294E-11	8.24948419282118E-02	4.72816255216662E-11	2.51630268292706E-10	0.149826174697408	2.59490152347161E-12	1.11501923511975E-09	1927.97659253923	1E10	1E-30	1E-10	1E10	1E-30	1E-10	1E10	1E-30	1E-10	1E10	1E-30	1E-10	1E10	1E-30	1E-10	1E10	1E-30	1E-10
18	5.35187205716095E-08	1E10	1E10	1E-30	1.44750469507258E-17	1E10	1E-30	1E10	3.81970541384103E-03	1.25320616159582E-03	1E10	1.40965466003895	6.00030163750153E-03	1E10	0.825231992884155	5.65316264194014E-04	1E10	0.343044072856209	5.7162312530071E-04	1E10	7.14667275750361E-02	4.38552607303566E-04	1E10	4.89830559113474E-03	1E-30	4.58619405619881E-10	23.4266710495488	1E-30	4.64243438180976E-10	0.140123751557959	1E-30	3.39393049374058E-10	0.104524311619178	9.45818740206477E-11	3.97048739842211E-11	12.5850256129433	3.77156869655316E-12	7.80304493034084E-10	11963.3994849182	2.86761242407899E-12	1.07850567278899E-09	704.792766804969	1E10	1E-30	1E-10	1E10	1E-30	1E-10	1E10	1E-30	1E-10	1E10	1E-30	1E-10
19	5.49637419834988E-08	1E10	9259259259.259	1E-30	1.56462906160331E-16	1E10	1E-30	1E10	3.19763562507218E-03	4.07539861341726E-04	1E10	5.79492482421551	6.39207481316321E-04	1E10	0.344558031326783	8.16342251651877E-04	1E10	3.27812176221446E-02	6.08198342196172E-04	1E10	3.29778229472868E-03	1E-30	7.91642228914818E-11	1.17463086515448E-03	1.15717656679867E-07	2.41805156810713E-10	0.770156719796554	9.57175142914863E-08	8.59962459241598E-11	0.261168655798854	7.81477277719647E-08	3.67227166669454E-11	0.165106237264648	2.83227331823547E-10	3.11473376794251E-10	0.232756824569992	2.74280037325163E-12	1.14311600223588E-09	1211.87125925319	1E10	1E-30	1E-10	1E10	1E-30	1E-10	1E10	1E-30	1E-10	1E10	1E-30	1E-10	1E10	1E-30	1E-10
20	6.98246E-8	1E10	1470588235	1E-30	3.92864E-16	1E10	1E-30	1E10	0.036405743	6.49058E-6	1E10	1500.923979	1.01085E-5	1E10	154.3258431	8.1591E-6	1E10	34.79387806	1.19529E-5	1E10	7.97817804	9.55934E-6	1E10	1.589831201	8.98993E-6	1E10	0.291824233	4.8529E-6	1E10	0.075672325	1E-30	3.53486E-11	0.019328609	1E-30	3.09516E-11	0.01736359	2.79315E-7	2.72644E-11	0.036889159	4.62555E-9	1.31901E-10	0.08997027	2.52105E-12	1.40467E-9	185.9559813	1E10	1E-30	1E-10	1E10	1E-30	1E-10	1E10	1E-30	1E-10
21	6.90133E-8	1E10	1470588235	1E-30	1.56223E-16	1E10	1E-30	1E10	0.034591577	6.322E-6	1E10	1518.706623	9.22352E-6	1E10	152.6190919	1.03575E-5	1E10	28.33936307	8.23445E-6	1E10	8.390014072	7.30938E-6	1E10	1.716926811	5.92462E-6	1E10	0.36964412	4.47359E-6	1E10	0.050811709	4.13698E-7	1.88085E-11	0.038156452	2.53938E-9	2.28465E-10	0.131188099	2.51506E-12	1.40929E-9	176.3311645	1E10	1E-30	1E-10	1E10	1E-30	1E-10	1E10	1E-30	1E-10	1E10	1E-30	1E-10	1E10	1E-30	1E-10
22	1.02103E-7	1E10	1E9	1E-30	1.3173E-17	1E10	1E-30	1E10	0.027934149	9.53112E-6	1E10	1022.174325	1.53908E-5	1E10	99.39858316	1.59613E-5	1E10	23.27749087	1.29002E-5	1E10	6.893154079	1.10578E-5	1E10	1.601992124	9.43974E-6	1E10	0.336500752	8.07176E-6	1E10	0.054122131	1E-30	2.12392E-10	0.127755682	3.10575E-7	5.08162E-11	0.058727601	9.87136E-8	4.89096E-11	0.057081235	2.65839E-12	1.28646E-9	390.9449995	1E10	1E-30	1E-10	1E10	1E-30	1E-10	1E10	1E-30	1E-10	1E10	1E-30	1E-10
23	1.01008E-7	1E10	1E9	1E-30	3.25129E-17	1E10	1E-30	1E10	0.029924182	9.96592E-6	1E10	979.5720259	1.50786E-5	1E10	100.1830242	1.67692E-5	1E10	22.01873918	1.31047E-5	1E10	6.805643664	1.13559E-5	1E10	1.555275492	9.7179E-6	1E10	0.327808349	8.10941E-6	1E10	0.05487173	1E-30	2.21443E-10	0.124424863	3.57054E-7	4.24675E-11	0.050066742	1.06712E-7	4.29266E-11	0.046244153	2.59896E-12	1.28075E-9	318.5074709	1E10	1E-30	1E-10	1E10	1E-30	1E-10	1E10	1E-30	1E-10	1E10	1E-30	1E-10
24	1.52852956164463E-07	1E10	666666666.666666	1E-30	1.44382793903E-17	1E10	1E-30	1E10	0.024366996092542	1.38059553451288E-05	1E10	727.117040379966	2.15483699454274E-05	1E10	77.3429972242875	2.31470400512901E-05	1E10	18.3769217214989	1.8059385004412E-05	1E10	5.92527753452598	1.57125362554313E-05	1E10	1.40389735100886	1.38485205632653E-05	1E10	0.305534959241426	1.29428892042625E-05	1E10	4.43932603481994E-02	5.29250324318215E-07	4.07418197860127E-11	3.50225167178712E-02	3.110873256367E-07	2.21735831447302E-11	2.88531531082812E-02	9.29954987595989E-09	1.91766445639386E-10	7.09103050194054E-02	2.81047106187792E-12	1.39875919685753E-09	181.125738261523	1E10	1E-30	1E-10	1E10	1E-30	1E-10	1E10	1E-30	1E-10	1E10	1E-30	1E-10
25	1.3957E-7	1E10	666666666.7	1E-30	2.51167E-21	1E10	1E-30	1E10	0.024660854	1.33641E-5	1E10	750.6481666	2.0433E-5	1E10	80.62605303	2.24116E-5	1E10	18.64632606	1.74038E-5	1E10	6.038268946	1.53009E-5	1E10	1.434392063	1.33041E-5	1E10	0.315596271	1.18432E-5	1E10	0.049736797	1E-30	1.75795E-10	0.078650837	1E-30	1.14376E-10	0.053324825	3.35908E-7	1.59719E-10	0.119897902	2.17442E-7	3.58237E-11	0.056723929	3.68544E-12	1.0852E-9	284.0932925	1.09342E-11	2.46214E-10	23.12951517	1E10	1E-30	1E-10	1E10	1E-30	1E-10
26	1.37658E-7	1E10	666666666.7	1E-30	1.33252E-11	1E10	1E-30	1E10	0.024115982	1.4006E-5	1E10	702.4370782	2.17734E-5	1E10	72.83667201	2.37013E-5	1E10	16.86287245	1.86269E-5	1E10	5.266931004	1.58591E-5	1E10	1.247280659	1.43772E-5	1E10	0.264718272	1.24306E-5	1E10	0.045262838	1E-30	2.32479E-10	0.093079882	3.90107E-7	1.3429E-10	0.108924405	1.76132E-7	4.12519E-11	0.048986687	2.73348E-12	1.32822E-9	184.8902169	1E10	1E-30	1E-10	1E10	1E-30	1E-10	1E10	1E-30	1E-10	1E10	1E-30	1E-10
27	2.26406511150733E-07	1E10	454545454.545454	1E-30	2.2363780821E-18	1E10	1E-30	1E10	1.88584353940766E-02	2.03259968381214E-05	1E10	497.447535548534	3.305204665281E-05	1E10	53.2985510246955	3.49571029849387E-05	1E10	13.3720939944695	2.75698118235526E-05	1E10	4.3281220108115	2.28616100592506E-05	1E10	1.09084432506233	2.1983373097925E-05	1E10	0.236477412698365	1.96576148482793E-05	1E10	3.86932119891454E-02	1E-30	2.01396034336272E-10	5.33233980226676E-02	1E-30	6.57405667234179E-11	1.70256901181937E-02	1E-30	3.22425369987066E-11	8.40894051796624E-03	7.10439406567176E-07	6.34833855296895E-11	0.062470068692285	2.5779043555758E-07	5.80080445622582E-11	5.32876598582668E-02	2.88600203667403E-12	1.2303869856322E-09	514.515440139557	1E10	1E-30	1E-10	1E10	1E-30	1E-10
28	2.09554E-7	1E10	454545454.5	1E-30	6.19654E-19	1E10	1E-30	1E10	0.01984564	1.8874E-5	1E10	545.3395571	3.28734E-5	1E10	55.88539657	3.32754E-5	1E10	14.57862124	2.70897E-5	1E10	4.604170528	2.2602E-5	1E10	1.180513385	2.02877E-5	1E10	0.265913475	1.80203E-5	1E10	0.04208341	1E-30	1.99314E-10	0.071216596	1E-30	1.29519E-10	0.042154922	4.84022E-7	1.59324E-10	0.113252406	2.58178E-7	6.29137E-11	0.05702182	2.73482E-12	1.24823E-9	324.0286435	1E10	1E-30	1E-10	1E10	1E-30	1E-10	1E10	1E-30	1E-10
29	2.09405E-7	1E10	454545454.5	1E-30	1.93306E-16	1E10	1E-30	1E10	0.020311741	1.92272E-5	1E10	521.7736943	3.1475E-5	1E10	54.55587796	3.27389E-5	1E10	13.72305625	2.63255E-5	1E10	4.300542495	2.20891E-5	1E10	1.071998692	2.1235E-5	1E10	0.225845175	1.88131E-5	1E10	0.039028348	1E-30	3.26469E-10	0.10809711	4.97357E-7	1.5623E-10	0.107287068	2.76908E-7	5.74457E-11	0.052394766	2.60943E-12	1.22449E-9	277.7944905	1E10	1E-30	1E-10	1E10	1E-30	1E-10	1E10	1E-30	1E-10	1E10	1E-30	1E-10
30	3.04912479792167E-07	1E10	303030303	1E-30	4.47174928915E-17	1E10	1E-30	1E10	1.72343808679924E-02	2.65850795000528E-05	1E10	282.953368905207	4.48854907313587E-05	1E10	26.3399358163472	3.89111394077513E-05	1E10	7.41937772938529	3.14963866458128E-05	1E10	1.75379702382047	2.75761683873665E-05	1E10	0.362602752753864	2.69534434732234E-05	1E10	4.46201692845809E-02	1E-30	1.36927815161369E-10	1.92175357061413E-03	6.31815657794172E-07	1.84520681051964E-10	8.04102309825359E-02	1.86350429753534E-07	1.13698572298917E-10	5.34088672056775E-02	1.21170106213002E-07	5.16669287152996E-11	3.38702024692932E-02	1.0959266023215E-08	1.08938137903468E-10	6.85639675413571E-02	2.96025604947302E-12	1.34431988884182E-09	182.632658420353	1E10	1E-30	1E-10	1E10	1E-30	1E-10	1E10	1E-30	1E-10
31	3.44221796057497E-07	1E10	303030303	1E-30	2.61111595E-20	1E10	1E-30	1E10	2.31823352134094E-02	2.84795634170681E-05	1E10	73.1141900034315	4.20064843427481E-05	1E10	9.09464623679958	4.35932637649718E-05	1E10	2.39744355821553	3.35224761870177E-05	1E10	0.753802372882045	3.86215962965002E-05	1E10	0.166627193217636	3.19188541497746E-05	1E10	3.32884352928477E-02	1E-30	1.86979682222551E-10	1.91730283748726E-02	9.31845572083365E-08	1.03247707273113E-10	2.39235400694945E-02	1.14840731042119E-08	6.96316960839268E-11	0.052825539801335	8.23980011027037E-12	6.00799480574507E-10	106.16694034117	3.84237552399958E-12	8.46480018797073E-10	89.8591278124907	1E10	1E-30	1E-10	1E10	1E-30	1E-10	1E10	1E-30	1E-10	1E10	1E-30	1E-10
32	3.34395008387764E-07	1E10	303030303	1E-30	4.8109E-23	1E10	1E-30	1E10	1.97025616946222E-02	2.78507966034092E-05	1E10	263.088756265353	4.63007265320079E-05	1E10	26.7009729466244	3.82565532029964E-05	1E10	7.74288980054349	3.22631048386878E-05	1E10	1.741919338032	2.78914358644446E-05	1E10	0.380635455035242	2.95058143119031E-05	1E10	0.044364584210703	1E-30	1.70430414401327E-10	2.61647405692026E-02	1E-30	8.99292827285465E-11	1.84975474182795E-03	1.48901907616666E-06	2.6042025374024E-11	1.33866413812668E-02	1.54740466694625E-08	1.38197297923819E-10	4.27258461632036E-02	4.95911876716816E-12	1.00835577366243E-09	199.666598428417	7.07207214505144E-12	4.59118586426021E-10	41.4721344493283	1E10	1E-30	1E-10	1E10	1E-30	1E-10	1E10	1E-30	1E-10
33	4.54307660372745E-07	1E10	212765957.4	1E-30	3.02156E-23	1E10	1E-30	1E10	1.38169477922463E-02	4.24832538458853E-05	1E10	229.647903534198	5.77898277279963E-05	1E10	25.372860703957	6.40068118504861E-05	1E10	4.7114539244449	5.02398309916946E-05	1E10	1.36658367700239	4.35813649402987E-05	1E10	0.306999019699965	4.00058946540785E-05	1E10	4.32551168509988E-02	1E-30	2.59688105107105E-10	4.22521301578932E-02	1E-30	1.429813157658E-10	2.07064276149882E-02	9.23957574264042E-07	1.90159285493913E-10	0.102989490434313	7.9050195334838E-07	6.29857173846695E-11	5.22037779493329E-02	3.49339985368712E-08	1.09210809812705E-10	2.11166555878033E-02	2.87168524372395E-12	1.17956206085657E-09	432.46354458487	1E10	1E-30	1E-10	1E10	1E-30	1E-10	1E10	1E-30	1E-10
34	4.73447696566543E-07	1E10	212765957.446	1E-30	5.36231573190755E-10	1E10	1E-30	1E10	0.015849672918939	4.25652433609555E-05	1E10	53.2691431391041	6.44200690370382E-05	1E10	6.76544731523463	6.59083097738253E-05	1E10	1.86186816692016	5.19754639471159E-05	1E10	0.612544515775681	5.75627456598784E-05	1E10	0.150725550988711	4.73293652230328E-05	1E10	3.19534434607632E-02	1E-30	1.32122556564654E-10	3.98832842165683E-02	1E-30	1.81276490059854E-10	3.56523753323279E-02	1E-30	1.62391027775571E-10	2.7188850170639E-03	1.83776724336788E-06	4.3629078788472E-11	2.23539530993839E-02	6.75096298111363E-07	3.95548782505706E-11	2.07655104156545E-02	3.52983299172392E-11	1.08005893765436E-10	215.467425601957	5.12346640255843E-12	6.41515793530329E-10	81.0171399961194	1E10	1E-30	1E-10	1E10	1E-30	1E-10
35	5.06485092290048E-07	1E10	212765957.446	1E-30	6.13940263E-20	1E10	1E-30	1E10	1.57415921923918E-02	4.21465895863733E-05	1E10	261.576002159028	7.20879065341994E-05	1E10	29.1640626457047	7.51821704254779E-05	1E10	7.7989559649562	6.18559337032592E-05	1E10	2.62108898600519	4.79918735563174E-05	1E10	0.758058838823492	5.69878169616217E-05	1E10	0.155488564390041	4.69955821335663E-05	1E10	3.15303067992034E-02	1E-30	2.70417978851478E-10	4.82193803012161E-02	1E-30	1.07005526247803E-10	2.40319806351539E-02	1E-30	1.43993834374693E-10	2.65540926330628E-03	1.90979495652366E-06	4.40799693113424E-11	2.16599111469228E-02	9.29595482477753E-07	3.05107160607566E-11	1.80459957861181E-02	1.61067237258229E-11	2.59419127842761E-10	201.847545360182	3.87231723872588E-12	9.93810975129286E-10	232.647541487881	1E10	1E-30	1E-10
36	7.10223566585291E-07	1E10	147058823.5	1E-30	4.2234254E-21	1E10	1E-30	1E10	1.36036045561199E-02	4.8636151564488E-05	1E10	39.6414067570975	6.23914112246797E-05	1E10	4.71088761342214	6.50153369399956E-05	1E10	0.933431947403565	6.04863136259891E-05	1E10	0.255177839212755	5.66971883044544E-05	1E10	3.56026402516676E-02	1E-30	3.51286769575932E-10	6.11907096677517E-02	1E-30	2.14941380572833E-10	3.52923564583393E-03	2.9523720458737E-06	3.78226718584887E-11	1.54236714964503E-02	1.27209861356345E-06	2.87690519443213E-11	1.42374354192577E-02	5.1375610229446E-12	8.17639896378064E-10	279.237643564024	6.03959500700642E-12	5.35005003058956E-10	71.2393380222601	1E10	1E-30	1E-10	1E10	1E-30	1E-10	1E10	1E-30	1E-10	1E10	1E-30	1E-10
37	6.90274338665041E-07	1E10	147058823.529	1E-30	2.974404514045E-16	1E10	1E-30	1E10	1.49702571991763E-02	5.32415187530973E-05	1E10	27.5305388337064	8.30025527088189E-05	1E10	3.35682744430112	6.32016803898064E-05	1E10	0.984534753153001	7.38938482899006E-05	1E10	0.20431505520487	6.02225712818444E-05	1E10	3.84880228807227E-02	1E-30	1.63543822080737E-10	3.18988744496916E-02	1E-30	3.06905087371613E-10	2.77206705052811E-02	2.07131016751047E-06	1.32555862603877E-10	0.032156535938961	3.17614163643193E-06	1.28639093375108E-11	9.87444016205413E-03	9.45796999327093E-12	4.87326111049603E-10	95.9954649970508	3.7936664936255E-12	8.28313722298058E-10	102.477580622809	1E10	1E-30	1E-10	1E10	1E-30	1E-10	1E10	1E-30	1E-10	1E10	1E-30	1E-10
38	6.70750786014553E-07	1E10	147058823.529	1E-30	5.3283E-24	1E10	1E-30	1E10	1.31157380558856E-02	5.56019850777283E-05	1E10	171.643547748013	8.67189330982209E-05	1E10	17.8405911215617	8.78633977215082E-05	1E10	4.13519879816947	7.06109618090373E-05	1E10	1.14384081168709	6.45198698895275E-05	1E10	0.276074162964204	6.03317042570329E-05	1E10	3.68420234847069E-02	1E-30	2.61161552016865E-10	4.76007032327763E-03	1.53715128656919E-06	1.72790889329529E-10	4.66771624778182E-02	1.64884289281577E-07	1.80413918928361E-10	3.24419123793717E-02	1.10544947890222E-08	1.53004466629368E-10	6.37517698866432E-02	3.07836807775442E-12	1.40088248557344E-09	169.942977523201	1E10	1E-30	1E-10	1E10	1E-30	1E-10	1E10	1E-30	1E-10	1E10	1E-30	1E-10
39	9.79355359863951E-07	1E10	1E8	1E-30	3.8691256937E-18	1E10	1E-30	1E10	1.23367349112776E-02	1.19018798266251E-04	1E10	17.1657224727	1.63237239376578E-04	1E10	2.23142547199114	1.69390069465284E-04	1E10	0.471388101716794	1.39582261210399E-04	1E10	0.137982279402496	1.01527757945063E-04	1E10	2.74338895815656E-02	1E-30	3.88490285588065E-10	4.96139638153421E-02	1E-30	4.88510631465397E-11	4.19861428486973E-02	1E-30	2.68285792462726E-10	2.9215531926022E-03	3.33803549569159E-06	5.97640007218491E-11	1.74292588819643E-02	1.38803361695508E-06	4.91801162200956E-11	1.52461396256619E-02	2.84512135044079E-12	1.1964824114402E-09	501.823068933024	1E10	1E-30	1E-10	1E10	1E-30	1E-10	1E10	1E-30	1E-10	1E10	1E-30	1E-10
40	9.5884844938546E-07	1E10	1E8	1E-30	5.06275947487048E-10	1E10	1E-30	1E10	1.13290137584165E-02	1.32964073093086E-04	1E10	14.6490237753074	1.6357186840583E-04	1E10	2.10824590942117	1.70927062256494E-04	1E10	0.43333775327699	1.43248794494449E-04	1E10	0.121599377817798	1.08505999783931E-04	1E10	2.44071390434171E-02	1E-30	8.33401822007422E-11	3.74813660267447E-02	1E-30	2.12810325828427E-10	2.31722155730561E-02	1E-30	3.39396188898297E-10	2.11529492236768E-02	2.95463675064853E-06	1.27327568294022E-10	3.59364752165094E-02	2.29074859748809E-06	3.54980687323362E-11	1.45965016856477E-02	9.63582148014764E-11	4.1301145309434E-11	202.102101770996	4.90968313583994E-12	7.05344831602191E-10	117.636862929715	1E10	1E-30	1E-10	1E10	1E-30	1E-10	1E10	1E-30	1E-10
41	9.74246200521324E-07	1E10	1E8	1E-30	2.2597280149E-18	1E10	1E-30	1E10	1.12084909023758E-02	7.78418837120897E-05	1E10	127.170372783541	1.22049313137261E-04	1E10	13.1840949701792	1.26351069466826E-04	1E10	3.147420031824	9.5391387780459E-05	1E10	0.919987095548753	1.00504774921767E-04	1E10	0.206762176311987	8.26265598597623E-05	1E10	3.38607782659667E-02	1E-30	1.64330607391587E-10	3.02177242449426E-02	1E-30	1.14332539132294E-10	2.14562833400236E-02	1E-30	3.18255172464599E-10	1.39797774256071E-02	2.55028409835139E-06	1.45201593147225E-10	4.75396742151057E-02	1.29117809969492E-06	6.28995837054217E-11	2.22206756846839E-02	2.85749759347718E-12	1.20250491796508E-09	277.630697259777	1E10	1E-30	1E-10	1E10	1E-30	1E-10	1E10	1E-30	1E-10
42	1.37774328537305E-06	1E10	66666666.7	1E-30	1.39924091381645E-19	1E10	1E-30	1E10	9.80169175242242E-03	1.22745212669558E-04	1E10	16.4199948230506	2.78801134402408E-04	1E10	1.37940527357656	1.97673278214509E-04	1E10	0.427987427321565	2.16096761753273E-04	1E10	9.05024446528962E-02	1.52119349258299E-04	1E10	2.16684494377588E-02	1E-30	1.49428554467289E-10	3.66366700631016E-02	1E-30	2.16414558874639E-10	2.42735680557804E-02	1E-30	3.61374598246067E-10	8.07173149764986E-03	3.59182436698211E-06	1.62224755443709E-10	3.33330037111561E-02	1.53777831173103E-06	7.02693938084592E-11	0.018530314466963	3.78126283258612E-12	1.01489115839683E-09	294.918278047373	1.18774440174178E-11	2.24475920297893E-10	36.3347524440396	1E10	1E-30	1E-10	1E10	1E-30	1E-10	1E10	1E-30	1E-10
43	1.97464879805934E-06	1E10	45454545.5	1E-30	4.3616E-24	1E10	1E-30	1E10	8.01737183725333E-03	2.14992738176153E-04	1E10	11.1449754219785	3.86139988718254E-04	1E10	1.11242029688303	3.30698593079332E-04	1E10	0.308135453493861	3.12193958964081E-04	1E10	8.45467049306133E-02	2.19562265225458E-04	1E10	1.98477774619453E-02	1E-30	5.95873132628366E-11	5.30507154522247E-02	1E-30	6.67792197067806E-10	4.76974870206069E-02	1E-30	3.27003409945205E-10	2.89691580250482E-03	4.49541338575372E-06	1.86337964394698E-10	0.037418067354555	3.73825432935392E-06	6.39977670761394E-11	1.86197209411943E-02	2.85474435824039E-12	1.14385116449621E-09	585.235827664323	1.92404419983511E-09	6.69443684766148E-13	0.200741429562186	1E10	1E-30	1E-10	1E10	1E-30	1E-10	1E10	1E-30	1E-10
44	4.66103409020765E-06	1E10	21276595.7	1E-30	2.29118149295051E-10	1E10	1E-30	1E10	6.81310943965578E-03	7.0813605524237E-04	1E10	0.603204448969172	5.85817466274964E-04	1E10	9.46922735064007E-02	5.81350266733874E-04	1E10	0.01073036461245	1E-30	7.10223510558199E-11	8.52304806183326E-02	1E-30	3.34809673129499E-10	3.56973553189899E-02	1E-30	5.20165171044674E-10	5.1558847189544E-03	9.42056881380533E-06	9.13255523953993E-11	7.26747911185857E-03	2.7702569473585E-06	1.00824027539911E-10	1.00435224844493E-02	3.52399087189601E-12	9.80229740084391E-10	442.62998649798	1E10	1E-30	1E-10	1E10	1E-30	1E-10	1E10	1E-30	1E-10	1E10	1E-30	1E-10	1E10	1E-30	1E-10	1E10	1E-30	1E-10
45	4.80330478472352E-06	1E10	21276595.7	1E-30	1.43371565113573E-11	1E10	1E-30	1E10	6.31475295398125E-03	6.69027715783052E-04	1E10	0.612441309573031	6.18908649298271E-04	1E10	9.94360580148371E-02	6.30431594624205E-04	1E10	0.01052076427449	1E-30	5.82818544686186E-11	8.64777576023472E-02	1E-30	3.31450356463928E-10	3.58548223142926E-02	1E-30	5.98096611756608E-10	6.11195519060041E-03	8.51296807735464E-06	1.03802100345135E-10	8.75108021043161E-03	3.03916072243135E-06	8.65813529831037E-11	8.93085305132958E-03	3.1364558462908E-12	1.22727605513016E-09	611.058785302842	1E10	1E-30	1E-10	1E10	1E-30	1E-10	1E10	1E-30	1E-10	1E10	1E-30	1E-10	1E10	1E-30	1E-10	1E10	1E-30	1E-10
46	4.59378283551285E-06	1E10	21276595.7	1E-30	4.85908443532769E-11	1E10	1E-30	1E10	7.61986831668025E-03	4.86438083204815E-04	1E10	2.30968989828953	5.53870888423403E-04	1E10	0.19223566933772	4.76437154647306E-04	1E10	1.96422242374045E-02	1E-30	7.56898362645991E-11	9.64252743772108E-02	1E-30	3.05223066188862E-10	2.72697450921415E-02	1E-30	4.93658260901127E-10	7.4138312267988E-03	1.00736695759473E-05	8.01491717404724E-11	7.85643626723457E-03	5.17666792233853E-06	5.60371321850453E-11	7.05815707985578E-03	2.9927509089521E-12	1.28038165116575E-09	706.515837832842	1E10	1E-30	1E-10	1E10	1E-30	1E-10	1E10	1E-30	1E-10	1E10	1E-30	1E-10	1E10	1E-30	1E-10	1E10	1E-30	1E-10
47	6.30125472539415E-06	1E10	14705882.4	1E-30	6.02702806943419E-12	1E10	1E-30	1E10	5.1056931307344E-03	1.29197277737798E-03	1E10	0.55650626531124	7.7672272740218E-04	1E10	0.12680033464161	8.03610458204929E-04	1E10	1.19985586825266E-02	1E-30	7.06679855933537E-11	6.79287161987477E-02	1E-30	5.6924356657583E-12	4.29113482780927E-02	1E-30	4.26983447080956E-10	3.23461590045846E-02	1E-30	6.28390170113337E-10	3.34796199964887E-03	1.24551898711889E-05	1.28671678546443E-10	8.3201676437077E-03	4.03557654928773E-06	1.34114970803843E-10	0.010377673850198	2.83756120847843E-12	1.28124310895825E-09	296.860933936919	1E10	1E-30	1E-10	1E10	1E-30	1E-10	1E10	1E-30	1E-10	1E10	1E-30	1E-10	1E10	1E-30	1E-10
48	9.83381157674644E-06	1E10	1E7	1E-30	2.25315950333816E-10	1E10	1E-30	1E10	5.39345200949993E-03	1.13438740792859E-03	1E10	1.03250383982819	1.19612558894136E-03	1E10	0.107392445491371	1.08793800360658E-03	1E10	1.13873444011865E-02	1E-30	5.9934592351347E-12	0.437245333373896	1E-30	8.02192219408171E-11	6.97511316026639E-02	1E-30	4.02586700232923E-10	2.75017047570087E-02	1E-30	9.47127042435573E-10	4.80748620363796E-03	2.51670903407429E-05	8.27610946922377E-11	5.58241699594865E-03	4.53788351357435E-06	1.47025794225636E-10	9.57858965886154E-03	3.44033425977405E-12	1.06429865289246E-09	618.603408440592	1E10	1E-30	1E-10	1E10	1E-30	1E-10	1E10	1E-30	1E-10	1E10	1E-30	1E-10	1E10	1E-30	1E-10
49	9.78911088199295E-06	1E10	1E7	1E-30	3.47975896527045E-11	1E10	1E-30	1E10	5.41086099339805E-03	1.12024731070323E-03	1E10	1.02173709832849	1.28179143734063E-03	1E10	8.96403445767159E-02	1.12277171625281E-03	1E10	1.25509816298884E-02	1E-30	1.02545827769702E-11	8.74728268456741E-02	1E-30	8.40263185989352E-11	7.18015341292045E-02	1E-30	5.566505085462E-10	2.62606134445087E-02	1E-30	4.53867042074897E-10	3.18343359319492E-03	2.02563770565814E-05	1.34883146353302E-10	8.32865535769196E-03	7.88622266060562E-06	1.24357178754402E-10	9.47492914576E-3	2.91704846663723E-12	1.18077996102054E-09	879.886403941627	1E10	1E-30	1E-10	1E10	1E-30	1E-10	1E10	1E-30	1E-10	1E10	1E-30	1E-10	1E10	1E-30	1E-10
50	9.78911088199295E-06	1E10	1E7	1E-30	3.47975896527045E-11	1E10	1E-30	1E10	5.41086099339805E-03	1.12024731070323E-03	1E10	1.02173709832849	1.28179143734063E-03	1E10	8.96403445767159E-02	1.12277171625281E-03	1E10	1.25509816298884E-02	1E-30	1.02545827769702E-11	8.74728268456741E-02	1E-30	8.40263185989352E-11	7.18015341292045E-02	1E-30	5.566505085462E-10	2.62606134445087E-02	1E-30	4.53867042074897E-10	3.18343359319492E-03	2.02563770565814E-05	1.34883146353302E-10	8.32865535769196E-03	7.88622266060562E-06	1.24357178754402E-10	9.47492914576E-3	2.91704846663723E-12	1.18077996102054E-09	879.886403941627	1E10	1E-30	1E-10	1E10	1E-30	1E-10	1E10	1E-30	1E-10	1E10	1E-30	1E-10	1E10	1E-30	1E-10
51	9.78911088199295E-06	1E10	1E7	1E-30	3.47975896527045E-11	1E10	1E-30	1E10	5.41086099339805E-03	1.12024731070323E-03	1E10	1.02173709832849	1.28179143734063E-03	1E10	8.96403445767159E-02	1.12277171625281E-03	1E10	1.25509816298884E-02	1E-30	1.02545827769702E-11	8.74728268456741E-02	1E-30	8.40263185989352E-11	7.18015341292045E-02	1E-30	5.566505085462E-10	2.62606134445087E-02	1E-30	4.53867042074897E-10	3.18343359319492E-03	2.02563770565814E-05	1.34883146353302E-10	8.32865535769196E-03	7.88622266060562E-06	1.24357178754402E-10	9.47492914576E-3	2.91704846663723E-12	1.18077996102054E-09	879.886403941627	1E10	1E-30	1E-10	1E10	1E-30	1E-10	1E10	1E-30	1E-10	1E10	1E-30	1E-10	1E10	1E-30	1E-10
52	9.12010839355909E-06	1E10	1E7	1E-30	7.0255885394468E-11	1E10	1E-30	1E10	3.82911037905465E-03	8.90375924109476E-04	1E10	1.23730864457637	9.55750495799782E-04	1E10	0.102261986096688	9.0041458868328E-04	1E10	1.00059045118675E-02	1E-30	8.52480809558394E-11	8.18568559126792E-02	1E-30	6.50627566376099E-10	2.94408169787304E-02	1E-30	1.42337430549694E-09	2.97380043441934E-03	2.01187902886155E-05	1.96009252139836E-10	1.25832040624263E-02	1.30963356449611E-05	8.14521133326857E-11	7.06436538746865E-03	2.62973275320363E-12	1.1352917945537E-09	462.117127625816	1E10	1E-30	1E-10	1E10	1E-30	1E-10	1E10	1E-30	1E-10	1E10	1E-30	1E-10	1E10	1E-30	1E-10	1E10	1E-30	1E-10
53	9.83381157674644E-06	1E10	1E7	1E-30	2.25315950333816E-10	1E10	1E-30	1E10	5.39345200949993E-03	1.13438740792859E-03	1E10	1.03250383982819	1.19612558894136E-03	1E10	0.107392445491371	1.08793800360658E-03	1E10	1.13873444011865E-02	1E-30	5.9934592351347E-12	0.437245333373896	1E-30	8.02192219408171E-11	6.97511316026639E-02	1E-30	4.02586700232923E-10	2.75017047570087E-02	1E-30	9.47127042435573E-10	4.80748620363796E-03	2.51670903407429E-05	8.27610946922377E-11	5.58241699594865E-03	4.53788351357435E-06	1.47025794225636E-10	9.57858965886154E-03	3.44033425977405E-12	1.06429865289246E-09	618.603408440592	1E10	1E-30	1E-10	1E10	1E-30	1E-10	1E10	1E-30	1E-10	1E10	1E-30	1E-10	1E10	1E-30	1E-10
54	1.6156E-5	1E10	6666666.7	1E-30	2.3854E-19	1E10	1E-30	1E10	3.504644E-3	6.56432E-4	1E10	18.25413011	9.40602E-4	1E10	1.831793546	1.3617E-3	1E10	0.373634989	1.706563E-3	1E10	0.082606907	1.849125E-3	1E10	9.943089E-3	1E-30	1.02763E-10	0.023041386	1E-30	6.79447E-10	0.017742594	1E-30	8.51967E-10	2.366532E-3	7.51017E-5	4.90021E-11	3.800306E-3	3.04883E-5	4.22878E-11	3.659349E-3	2.80549E-12	1.28262E-9	542.4717598	1E10	1E-30	1E-10	1E10	1E-30	1E-10	1E10	1E-30	1E-10	1E10	1E-30	1E-10
55	1.3909469709903E-05	1E10	6666666.7	1E-30	1.76940542100933E-11	1E10	1E-30	1E10	3.63253357067348E-03	2.04388214018331E-03	1E10	0.435979754049561	1.48889346373805E-03	1E10	5.99535349820415E-02	2.04929743854949E-03	1E10	4.07455573559625E-03	1E-30	1.48084657394327E-11	0.100599332864589	1E-30	9.92230635604147E-11	0.073657684338775	1E-30	6.3310143940702E-10	2.35839293429452E-02	1E-30	7.01122595817129E-10	3.9402791198949E-03	2.46728911664873E-05	2.92701575483803E-10	1.37250552198012E-02	1.12509273505001E-05	1.49937643147407E-10	6.74182172562178E-03	3.19438905294123E-12	1.14028967071531E-09	518.858207124166	1E10	1E-30	1E-10	1E10	1E-30	1E-10	1E10	1E-30	1E-10	1E10	1E-30	1E-10	1E10	1E-30	1E-10
56	1.47193508549677E-05	1E10	6666666.7	1E-30	8.9796671831411E-12	1E10	1E-30	1E10	4.86991124716604E-03	1.85318134506949E-03	1E10	0.412913795408323	1.42427757153832E-03	1E10	4.92276259605113E-02	2.11493699712206E-03	1E10	2.80301550885572E-03	1E-30	7.77753319293919E-11	5.88027831630428E-02	1E-30	5.60955494573923E-12	0.044952512399964	1E-30	5.10550785765211E-10	0.02604595147845	1E-30	8.37742960297786E-10	4.09628056433505E-03	4.89626278498569E-05	6.75738757756268E-11	3.03166463503366E-03	7.54187069509314E-06	1.56606869675718E-10	6.19018253257933E-03	2.90979115913529E-12	1.21569444848168E-09	438.990601222148	2.75565952846639E-11	7.71639351819447E-11	4.74900311231129	1E10	1E-30	1E-10	1E10	1E-30	1E-10	1E10	1E-30	1E-10	1E10	1E-30	1E-10
57	1.71004916479512E-05	1E10	5882352.9	1E-30	3.24535610926524E-11	1E10	1E-30	1E10	3.71579706437908E-03	2.16696980191111E-03	1E10	0.411839866266668	1.87921538428405E-03	1E10	5.93288532609308E-02	2.29481802653159E-03	1E10	5.92074094948396E-03	1E-30	7.21986758214342E-11	6.50504722439025E-02	1E-30	5.32471075714911E-10	2.61429517198131E-02	1E-30	7.95091692534538E-10	3.84132423053511E-03	3.36671158887674E-05	1.5909147213951E-10	6.07435679760519E-03	8.72255021646018E-06	2.16653365270529E-10	9.13793193813896E-03	2.89750457728661E-12	1.08393747194028E-09	1149.1697081315	1E10	1E-30	1E-10	1E10	1E-30	1E-10	1E10	1E-30	1E-10	1E10	1E-30	1E-10	1E10	1E-30	1E-10	1E10	1E-30	1E-10
58	1.68068273310005E-05	1E10	5882352.9	1E-30	1.29664200320165E-11	1E10	1E-30	1E10	4.73973394906213E-03	1.89328839503075E-03	1E10	0.680307717835687	1.79861276620096E-03	1E10	6.03082705247107E-02	1.81610083518998E-03	1E10	4.08149044343138E-03	1E-30	1.82433053080711E-11	0.169753214092433	1E-30	9.11674954032988E-11	5.87791437749399E-02	1E-30	6.08047588233683E-10	2.37138079155737E-02	1E-30	7.85221268677256E-10	4.01206408274119E-03	3.52129036514705E-05	1.51206939760647E-10	6.21658133676791E-03	1.22864218302569E-05	1.5881473700837E-10	9.02985624437482E-03	2.8041182260749E-12	1.12438100647598E-09	888.220355804646	1E10	1E-30	1E-10	1E10	1E-30	1E-10	1E10	1E-30	1E-10	1E10	1E-30	1E-10	1E10	1E-30	1E-10
59	2.312E-5	1E10	4545454.5	1E-30	1.31948E-17	1E10	1E-30	1E10	3.646343E-3	9.97754E-4	1E10	11.95856192	1.470119E-3	1E10	1.304227267	2.272116E-3	1E10	0.285454637	2.464369E-3	1E10	0.065217876	2.517466E-3	1E10	9.40726E-3	1E-30	1.37952E-10	0.022998739	1E-30	9.1597E-10	0.017111026	1E-30	1.06468E-9	2.0607E-3	9.67531E-5	7.12327E-11	4.456041E-3	5.27347E-5	4.77746E-11	4.099674E-3	2.80565E-12	1.32975E-9	371.8429515	1E10	1E-30	1E-10	1E10	1E-30	1E-10	1E10	1E-30	1E-10	1E10	1E-30	1E-10
60	2.09315285369405E-05	1E10	4545454.54545454	1E-30	4.01811791119152E-11	1E10	1E-30	1E10	2.88182226882465E-03	3.19270075308362E-03	1E10	2.76066194624093E-03	1E-30	8.80737894089359E-11	2.75422870333813E-02	1E-30	7.5017880744838E-10	1.99526231496885E-02	1E-30	1.36078323444862E-09	3.01995172040196E-03	5.67278729386321E-05	1.19274165711575E-10	5.07818300393719E-03	2.71099439631013E-05	8.98749866830701E-11	5.71189758112627E-03	2.99053755075708E-12	1.24582554056701E-09	276.173928809065	1E10	1E-30	1E-10	1E10	1E-30	1E-10	1E10	1E-30	1E-10	1E10	1E-30	1E-10	1E10	1E-30	1E-10	1E10	1E-30	1E-10	1E10	1E-30	1E-10	1E10	1E-30	1E-10
61	1.93138788690701E-05	1E10	4545454.5	1E-30	1.08834550739809E-11	1E10	1E-30	1E10	2.82012274342216E-03	2.66286046228751E-03	1E10	0.318307861142023	1.80797002878136E-03	1E10	4.00894169274493E-02	2.84763580343234E-03	1E10	2.0676370105592E-03	1E-30	9.05498847852299E-11	4.48436079902275E-02	1E-30	6.59944683211076E-10	2.15352774715827E-02	1E-30	1.28947148959512E-09	3.53928994680304E-03	4.02546057257707E-05	2.2388597420711E-10	8.49109867436817E-03	2.00160437806266E-05	1.127818946824E-10	4.91290694076427E-03	2.59365546335686E-12	1.2475866839935E-09	577.545232420554	1E10	1E-30	1E-10	1E10	1E-30	1E-10	1E10	1E-30	1E-10	1E10	1E-30	1E-10	1E10	1E-30	1E-10	1E10	1E-30	1E-10
62	1.97229760706092E-05	1E10	4545454.5	1E-30	1.07914785566032E-11	1E10	1E-30	1E10	3.04736660775013E-03	3.03752057734642E-03	1E10	0.42468020145236	1.95737613243863E-03	1E10	5.93800087866885E-02	2.21102443876415E-03	1E10	4.23255630401089E-03	1E-30	1.53900404720126E-11	0.116014905654713	1E-30	1.05967875026545E-10	5.90711569879543E-02	1E-30	7.34498221781091E-10	0.021115182824111	1E-30	1.29593708387792E-09	3.50840163866809E-03	4.03527119065779E-05	2.6791076194167E-10	1.36375679638998E-02	1.63971588176556E-05	1.60907776618262E-10	6.27587282650613E-03	2.79992392055587E-12	1.25022572983737E-09	443.937734352653	1E10	1E-30	1E-10	1E10	1E-30	1E-10	1E10	1E-30	1E-10	1E10	1E-30	1E-10	1E10	1E-30	1E-10
63	1.97229760706092E-05	1E10	4545454.5	1E-30	1.07914785566032E-11	1E10	1E-30	1E10	3.04736660775013E-03	3.03752057734642E-03	1E10	0.42468020145236	1.95737613243863E-03	1E10	5.93800087866885E-02	2.21102443876415E-03	1E10	4.23255630401089E-03	1E-30	1.53900404720126E-11	0.116014905654713	1E-30	1.05967875026545E-10	5.90711569879543E-02	1E-30	7.34498221781091E-10	0.021115182824111	1E-30	1.29593708387792E-09	3.50840163866809E-03	4.03527119065779E-05	2.6791076194167E-10	1.36375679638998E-02	1.63971588176556E-05	1.60907776618262E-10	6.27587282650613E-03	2.79992392055587E-12	1.25022572983737E-09	443.937734352653	1E10	1E-30	1E-10	1E10	1E-30	1E-10	1E10	1E-30	1E-10	1E10	1E-30	1E-10	1E10	1E-30	1E-10
64	1.97229760706092E-05	1E10	4545454.5	1E-30	1.07914785566032E-11	1E10	1E-30	1E10	3.04736660775013E-03	3.03752057734642E-03	1E10	0.42468020145236	1.95737613243863E-03	1E10	5.93800087866885E-02	2.21102443876415E-03	1E10	4.23255630401089E-03	1E-30	1.53900404720126E-11	0.116014905654713	1E-30	1.05967875026545E-10	5.90711569879543E-02	1E-30	7.34498221781091E-10	0.021115182824111	1E-30	1.29593708387792E-09	3.50840163866809E-03	4.03527119065779E-05	2.6791076194167E-10	1.36375679638998E-02	1.63971588176556E-05	1.60907776618262E-10	6.27587282650613E-03	2.79992392055587E-12	1.25022572983737E-09	443.937734352653	1E10	1E-30	1E-10	1E10	1E-30	1E-10	1E10	1E-30	1E-10	1E10	1E-30	1E-10	1E10	1E-30	1E-10
65	2.12583570042664E-05	1E10	4545454.5	1E-30	1.82521910103718E-11	1E10	1E-30	1E10	5.0310495302034E-03	2.35822356684826E-03	1E10	0.513692846708416	2.11960646081202E-03	1E10	4.96240488682921E-02	2.60484148379187E-03	1E10	4.26895316623024E-03	1E-30	1.69429391190423E-11	0.170928433897301	1E-30	8.74404219592751E-11	5.20515259768425E-02	1E-30	6.39706292292522E-10	2.38370344484348E-02	1E-30	6.43099920116048E-10	3.68612385302533E-03	4.33900099264032E-05	1.51950139767603E-10	5.36104181046165E-03	1.60966179763453E-05	1.49618312589714E-10	6.99027187020079E-03	3.1311203222334E-12	1.12976078666905E-09	468.400430102381	1E10	1E-30	1E-10	1E10	1E-30	1E-10	1E10	1E-30	1E-10	1E10	1E-30	1E-10	1E10	1E-30	1E-10
66	1.93138788690701E-05	1E10	4545454.5	1E-30	1.08834550739809E-11	1E10	1E-30	1E10	2.82012274342216E-03	2.66286046228751E-03	1E10	0.318307861142023	1.80797002878136E-03	1E10	4.00894169274493E-02	2.84763580343234E-03	1E10	2.0676370105592E-03	1E-30	9.05498847852299E-11	4.48436079902275E-02	1E-30	6.59944683211076E-10	2.15352774715827E-02	1E-30	1.28947148959512E-09	3.53928994680304E-03	4.02546057257707E-05	2.2388597420711E-10	8.49109867436817E-03	2.00160437806266E-05	1.127818946824E-10	4.91290694076427E-03	2.59365546335686E-12	1.2475866839935E-09	577.545232420554	1E10	1E-30	1E-10	1E10	1E-30	1E-10	1E10	1E-30	1E-10	1E10	1E-30	1E-10	1E10	1E-30	1E-10	1E10	1E-30	1E-10
67	3.38014E-5	1E10	3030303	1E-30	7.96221E-17	1E10	1E-30	1E10	3.708513E-3	1.24652E-3	1E10	9.374229016	1.80889E-3	1E10	0.99275476	4.154151E-3	1E10	0.185445217	3.110058E-3	1E10	0.04809289	4.256248E-3	1E10	5.062805E-3	1E-30	1.54596E-10	0.022312392	1E-30	1.05042E-9	0.015618126	1E-30	1.08923E-9	1.992216E-3	1.73573E-4	5.90835E-11	2.898256E-3	9.15723E-5	4.18204E-11	2.776625E-3	2.65323E-12	1.32954E-9	333.709627	1E10	1E-30	1E-10	1E10	1E-30	1E-10	1E10	1E-30	1E-10	1E10	1E-30	1E-10
68	3.18644E-5	1E10	3030303	1E-30	6.82842E-10	1E10	1E-30	1E10	2.874391E-3	1.337278E-3	1E10	9.312616526	1.97383E-3	1E10	0.980631242	4.106627E-3	1E10	0.196660534	3.123373E-3	1E10	0.050954573	3.662094E-3	1E10	5.402649E-3	1E-30	1.13178E-10	0.015665871	1E-30	1.13645E-9	0.01538769	1E-30	4.51012E-11	0.013943184	1E-30	1.22375E-9	1.717959E-3	9.78838E-5	1.54357E-10	6.142842E-3	1.55758E-4	2.63329E-11	2.78831E-3	1.56361E-10	2.43431E-11	793.3866555	5.6573E-12	5.93784E-10	121.1640606	1E10	1E-30	1E-10	1E10	1E-30	1E-10
69	3.34454200602429E-05	1E10	3030303	1E-30	1.34734346739081E-11	1E10	1E-30	1E10	5.06626441031956E-03	4.18913752859286E-03	1E10	0.24422918059414	3.60640546001011E-03	1E10	3.42667470398421E-02	4.22271873340693E-03	1E10	3.39600336696346E-03	1E-30	3.24331963578931E-11	0.179845498817314	1E-30	1.33161716978322E-10	3.92430377325965E-02	1E-30	9.19422079136703E-10	1.84035627079802E-02	1E-30	9.50415904818558E-10	3.81168538927251E-03	5.94482073620179E-05	3.39324471537962E-10	7.94901660734099E-03	7.0813653990488E-05	9.08930794723963E-11	6.09888954331356E-03	2.88534325054785E-12	1.17187682580334E-09	879.570806420314	1E10	1E-30	1E-10	1E10	1E-30	1E-10	1E10	1E-30	1E-10	1E10	1E-30	1E-10	1E10	1E-30	1E-10
70	2.95137009568391E-05	1E10	3030303	1E-30	1.66951523812476E-11	1E10	1E-30	1E10	4.81577927116901E-03	4.18464998575266E-03	1E10	0.233841778267397	2.90209643884094E-03	1E10	3.79520806451259E-02	3.7823219236186E-03	1E10	2.13930265141571E-03	1E-30	1.28182161266903E-11	9.42404806731783E-02	1E-30	1.01683902133959E-10	5.08910379518669E-02	1E-30	7.79375660164063E-10	2.20193978303553E-02	1E-30	7.50773977954131E-10	2.75413617124366E-03	6.52722936212452E-05	2.20399284982358E-10	6.33539347799279E-03	2.50573854899485E-05	1.49331381754353E-10	4.69286833117388E-03	2.87424975378327E-12	1.12987954643152E-09	511.784977704034	1E10	1E-30	1E-10	1E10	1E-30	1E-10	1E10	1E-30	1E-10	1E10	1E-30	1E-10	1E10	1E-30	1E-10
71	3.34454200602429E-05	1E10	3030303	1E-30	1.34734346739081E-11	1E10	1E-30	1E10	5.06626441031956E-03	4.18913752859286E-03	1E10	0.24422918059414	3.60640546001011E-03	1E10	3.42667470398421E-02	4.22271873340693E-03	1E10	3.39600336696346E-03	1E-30	3.24331963578931E-11	0.179845498817314	1E-30	1.33161716978322E-10	3.92430377325965E-02	1E-30	9.19422079136703E-10	1.84035627079802E-02	1E-30	9.50415904818558E-10	3.81168538927251E-03	5.94482073620179E-05	3.39324471537962E-10	7.94901660734099E-03	7.0813653990488E-05	9.08930794723963E-11	6.09888954331356E-03	2.88534325054785E-12	1.17187682580334E-09	879.570806420314	1E10	1E-30	1E-10	1E10	1E-30	1E-10	1E10	1E-30	1E-10	1E10	1E-30	1E-10	1E10	1E-30	1E-10
72	4.78023E-5	1E10	2127659.57	1E-30	1.00948E-22	1E10	1E-30	1E10	3.925924E-3	1.709053E-3	1E10	6.353240243	2.669756E-3	1E10	0.699186605	7.658887E-3	1E10	0.128011268	3.628187E-3	1E10	0.037674546	5.949401E-3	1E10	3.150331E-3	1E-30	1.6846E-10	0.026152023	1E-30	1.13236E-9	0.015687519	1E-30	9.81679E-10	1.54515E-3	1.73521E-4	9.64858E-11	3.287784E-3	9.71956E-5	6.76874E-11	3.405642E-3	9.60711E-12	4.18846E-10	83.3554472	3.68395E-12	8.72385E-10	389.7472743	1E10	1E-30	1E-10	1E10	1E-30	1E-10	1E10	1E-30	1E-10
73	4.56083E-5	1E10	2127659.6	1E-30	4.61119E-17	1E10	1E-30	1E10	3.275832E-3	2.00644E-3	1E10	5.388151368	3.125303E-3	1E10	0.594523941	8.36742E-3	1E10	0.114962347	4.018787E-3	1E10	0.0349102	5.815766E-3	1E10	3.374365E-3	1E-30	1.68437E-10	0.025786922	1E-30	1.10947E-9	0.015776325	1E-30	1.47724E-9	2.656338E-3	9.95805E-5	2.80308E-10	7.237278E-3	1.15232E-4	6.4547E-11	3.37235E-3	2.69649E-12	1.29492E-9	380.027203	1E10	1E-30	1E-10	1E10	1E-30	1E-10	1E10	1E-30	1E-10	1E10	1E-30	1E-10
74	4.25327545219845E-05	1E10	2127659.57446808	1E-30	2.83673726469746E-11	1E10	1E-30	1E10	2.65607682833368E-03	1E-30	3.10571540886775E-12	9.77237220955801E-02	1E-30	6.78198074515894E-11	2.81838293126441E-02	1E-30	2.86800777775005E-10	1.34896288259163E-02	1E-30	6.09952551059457E-10	9.54992586021425E-03	1E-30	1.34391080488219E-09	3.16227766016833E-03	9.84653020042047E-05	2.890471246788E-10	7.23471800299326E-03	6.99286760243146E-05	1.10334962546191E-10	4.02372348577694E-03	3.76732610039605E-05	7.15005977681314E-11	1.92075349806907E-03	3.1968837849051E-12	1.16541241766425E-09	274.085717472889	1E10	1E-30	1E-10	1E10	1E-30	1E-10	1E10	1E-30	1E-10	1E10	1E-30	1E-10	1E10	1E-30	1E-10	1E10	1E-30	1E-10
75	4.3291089399618E-05	1E10	2127659.6	1E-30	7.95311286009421E-12	1E10	1E-30	1E10	3.10518387889676E-03	7.71882381589426E-03	1E10	0.156941343153174	5.74939313724949E-03	1E10	3.96982064392484E-02	4.37295608180071E-03	1E10	9.9743446807382E-03	1E-30	1.94500467160075E-11	0.263636589324383	1E-30	1.16456295463128E-10	4.08210519532669E-02	1E-30	7.94188291628879E-10	1.41294362848557E-02	1E-30	1.33280424585489E-09	3.93902589586985E-03	1.15625505252232E-04	2.36657444188593E-10	7.64699409789079E-03	8.82754255315146E-05	8.19966411555146E-11	3.49310514673984E-03	2.89469189153637E-12	1.13044417657371E-09	600.652705871422	1E10	1E-30	1E-10	1E10	1E-30	1E-10	1E10	1E-30	1E-10	1E10	1E-30	1E-10	1E10	1E-30	1E-10
76	6.7409E-5	1E10	1470588.2	1E-30	2.90931E-23	1E10	1E-30	1E10	3.211781E-3	2.489041E-3	1E10	4.368514846	4.651635E-3	1E10	0.459236894	0.012358652	1E10	0.084661605	5.46264E-3	1E10	0.027451794	8.855596E-3	1E10	2.803813E-3	1E-30	9.10251E-11	0.020520149	1E-30	2.3349E-10	0.011052431	1E-30	7.78785E-10	8.452015E-3	1E-30	1.56964E-9	4.430882E-3	2.11725E-4	2.03969E-10	5.057007E-3	2.26378E-4	4.87381E-11	2.236705E-3	3.47313E-12	1.13838E-9	541.4833555	1.73215E-11	1.50988E-10	18.53684171	1E10	1E-30	1E-10	1E10	1E-30	1E-10
77	9.26707E-5	1E10	1E6	1E-30	9.43609E-23	1E10	1E-30	1E10	3.707715E-3	3.362357E-3	1E10	3.459049388	7.981937E-3	1E10	0.374789793	0.011858188	1E10	0.04931561	8.570448E-3	1E10	0.023279806	7.67566E-3	1E10	4.942702E-3	1E-30	9.83572E-11	0.019435546	1E-30	2.6001E-10	0.010770912	1E-30	1.42527E-9	0.010135663	1E-30	1.20117E-9	1.380027E-3	2.27667E-4	2.82082E-10	4.502109E-3	4.00965E-4	4.61429E-11	2.113208E-3	2.26352E-11	2.12699E-10	38.5752295	3.29679E-12	1.06354E-9	397.18953	1E10	1E-30	1E-10	1E10	1E-30	1E-10
END DSCRDATA
