BEGIN DSCRDATA
% INDEX	K01	L01	M01	K02	L02	M02	K03	L03	M03	K04	L04	M04	K05	L05	M05	K06	L06	M06	K07	L07	M07	K08	L08	M08	K09	L09	M09	K10	L10	M10	K11	L11	M11	K12	L12	M12	K13	L13	M13	K14	L14	M14	K15	L15	M15	K16	L16	M16	K17	L17	M17	K18	L18	M18
0	0	0	0	0	0	0	0	0	0	0	0	0	0	0	0	0	0	0	0	0	0	0	0	0	0	0	0	0	0	0	0	0	0	0	0	0	0	0	0	0	0	0	0	0	0	0	0	0	0	0	0	0	0	0
1	4.60272613479296E-07	1E10	106382979	1E-30	2.89310212414153E-11	1E10	1E-30	1E10	4.23584090672914E-03	1.44216511747228E-05	1E10	275.895840850126	2.58167660336423E-05	1E10	22.4256558725736	2.35168115031048E-05	1E10	4.47450660510068	2.89109194117142E-05	1E10	0.550501147422549	3.44667180343312E-05	1E10	5.02063013527229E-02	2.79019108548193E-05	1E10	1.15911411243998E-02	1E-30	1.80305551697424E-11	4.49380966647173	1E-30	5.28420503799651E-12	3.87352460306747E-02	1E-30	4.34363100276391E-11	3.11906725672867E-02	1.02094087950425E-06	1.17430600394696E-11	8.85741248626345E-03	3.57397550605912E-07	1.25998729140779E-11	1.31945560610107E-02	2.69999999999999E-11	9.99999999999999E-12	7	1E10	1E-30	1E-10	1E10	1E-30	1E-10	1E10	1E-30	1E-10
2	4.60272613479296E-07	1E10	106382978.723404	1E-30	2.89310212414153E-11	1E10	1E-30	1E10	4.23584090672914E-03	1.44216511747228E-05	1E10	275.895840850126	2.58167660336423E-05	1E10	22.4256558725736	2.35168115031048E-05	1E10	4.47450660510068	2.89109194117142E-05	1E10	0.550501147422549	3.44667180343312E-05	1E10	5.02063013527229E-02	2.79019108548193E-05	1E10	1.15911411243998E-02	1E-30	1.80305551697424E-11	4.49380966647173	1E-30	5.28420503799651E-12	3.87352460306747E-02	1E-30	4.34363100276391E-11	3.11906725672867E-02	1.02094087950425E-06	1.17430600394696E-11	8.85741248626345E-03	3.57397550605912E-07	1.25998729140779E-11	1.31945560610107E-02	2.69999999999999E-11	9.99999999999999E-12	7	1E10	1E-30	1E-10	1E10	1E-30	1E-10	1E10	1E-30	1E-10
3	4.60272613479296E-07	1E10	106382979	1E-30	2.89310212414153E-11	1E10	1E-30	1E10	4.23584090672914E-03	1.44216511747228E-05	1E10	275.895840850126	2.58167660336423E-05	1E10	22.4256558725736	2.35168115031048E-05	1E10	4.47450660510068	2.89109194117142E-05	1E10	0.550501147422549	3.44667180343312E-05	1E10	5.02063013527229E-02	2.79019108548193E-05	1E10	1.15911411243998E-02	1E-30	1.80305551697424E-11	4.49380966647173	1E-30	5.28420503799651E-12	3.87352460306747E-02	1E-30	4.34363100276391E-11	3.11906725672867E-02	1.02094087950425E-06	1.17430600394696E-11	8.85741248626345E-03	3.57397550605912E-07	1.25998729140779E-11	1.31945560610107E-02	2.69999999999999E-11	9.99999999999999E-12	7	1E10	1E-30	1E-10	1E10	1E-30	1E-10	1E10	1E-30	1E-10
4	4.60272613479296E-07	1E10	106382979	1E-30	2.89310212414153E-11	1E10	1E-30	1E10	4.23584090672914E-03	1.44216511747228E-05	1E10	275.895840850126	2.58167660336423E-05	1E10	22.4256558725736	2.35168115031048E-05	1E10	4.47450660510068	2.89109194117142E-05	1E10	0.550501147422549	3.44667180343312E-05	1E10	5.02063013527229E-02	2.79019108548193E-05	1E10	1.15911411243998E-02	1E-30	1.80305551697424E-11	4.49380966647173	1E-30	5.28420503799651E-12	3.87352460306747E-02	1E-30	4.34363100276391E-11	3.11906725672867E-02	1.02094087950425E-06	1.17430600394696E-11	8.85741248626345E-03	3.57397550605912E-07	1.25998729140779E-11	1.31945560610107E-02	2.69999999999999E-11	9.99999999999999E-12	7	1E10	1E-30	1E-10	1E10	1E-30	1E-10	1E10	1E-30	1E-10
5	8.35585806806734E-07	1E10	5E7	1E-30	5.07975979425915E-11	1E10	1E-30	1E10	3.65451224208886E-03	2.18987630071405E-05	1E10	242.25865031737	5.75375564365323E-05	1E10	17.6511094191276	3.7032014923304E-05	1E10	4.74088835101666	4.16028909152051E-05	1E10	0.612324326671048	4.33649232219754E-05	1E10	7.58301307783653E-02	4.27971783485037E-05	1E10	9.80403276515496E-03	1E-30	1.08378582261529E-11	5.22290083839328E-02	1E-30	6.77021916902375E-11	2.26518105127158E-02	2.7252714372134E-06	1.01914006096041E-11	6.28764762504934E-03	1.12441154972818E-06	1.03337495003829E-11	8.74458565284051E-03	5.21289543438089E-11	4.51154966103328E-12	0.213649080818606	1E10	1E-30	1E-10	1E10	1E-30	1E-10	1E10	1E-30	1E-10	1E10	1E-30	1E-10
6	8.44073607978213E-07	1E10	5E7	1E-30	4.38625137454548E-11	1E10	1E-30	1E10	3.44128418927375E-03	3.14838092127299E-05	1E10	56.2356323911683	3.53590812373731E-05	1E10	5.8595474966411	3.52228156244384E-05	1E10	0.704381824376516	3.79304506646417E-05	1E10	6.63019115576039E-02	5.08896029542798E-05	1E10	6.77400557812599E-03	1E-30	8.74631017066348E-12	0.46711484422896	1E-30	8.43456195992484E-12	0.042008440775208	1E-30	5.3701874417657E-11	2.23123571657095E-02	1.88980507321382E-06	1.32912247018074E-11	7.05671937803622E-03	7.86967686250571E-07	1.27925932499662E-11	8.91383057106547E-03	1E10	1E-30	1E-10	1E10	1E-30	1E-10	1E10	1E-30	1E-10	1E10	1E-30	1E-10	1E10	1E-30	1E-10
7	8.50245461676191E-07	1E10	5E7	1E-30	4.76626925058679E-11	1E10	1E-30	1E10	4.78515149693857E-03	7.7331149121746E-05	1E10	24.8912531290157	8.55658186914453E-05	1E10	5.42743992367813	8.23671843726922E-05	1E10	1.06503858742679	8.17085125595679E-05	1E10	0.194483262914875	6.24275452649679E-05	1E10	3.86226141661812E-02	4.22867007338927E-05	1E10	7.46775408433597E-03	1E-30	5.22493817664517E-12	0.183263096694754	1E-30	9.69517045533638E-12	3.77097443844457E-02	1E-30	3.2752775464934E-11	1.66131572911727E-02	1E-30	1.60623544464193E-11	5.9620375060144E-03	2.01948934053329E-06	7.95094623011703E-12	4.6293457553585E-03	1.49132482392964E-06	3.64393080611584E-12	3.21925814486879E-03	1E10	1E-30	1E-10	1E10	1E-30	1E-10	1E10	1E-30	1E-10
8	8.83137092710314E-07	1E10	5E7	1E-30	4.16764405069253E-11	1E10	1E-30	1E10	4.25542520596456E-03	6.76863042139335E-05	1E10	37.8486527347297	7.72735062013818E-05	1E10	4.45773380659522	8.12841690161149E-05	1E10	0.642579778061994	7.93997977575777E-05	1E10	9.13492230822107E-02	5.80676008677489E-05	1E10	0.017723622932689	5.27917604984543E-05	1E10	3.24285832259727E-03	1E-30	4.08327996923224E-12	0.203367444412132	1E-30	1.10011588510447E-11	4.20014092916267E-02	1E-30	3.79560755263632E-11	2.09407885926506E-02	1.61831806991858E-06	1.19085678557819E-11	5.82962069320491E-03	4.64515530608539E-07	1.29852401457855E-11	6.12955641210888E-03	1E10	1E-30	1E-10	1E10	1E-30	1E-10	1E10	1E-30	1E-10	1E10	1E-30	1E-10
9	8.50245461676191E-07	1E10	5E7	1E-30	4.76626925058679E-11	1E10	1E-30	1E10	4.78515149693857E-03	7.7331149121746E-05	1E10	24.8912531290157	8.55658186914453E-05	1E10	5.42743992367813	8.23671843726922E-05	1E10	1.06503858742679	8.17085125595679E-05	1E10	0.194483262914875	6.24275452649679E-05	1E10	3.86226141661812E-02	4.22867007338927E-05	1E10	7.46775408433597E-03	1E-30	5.22493817664517E-12	0.183263096694754	1E-30	9.69517045533638E-12	3.77097443844457E-02	1E-30	3.2752775464934E-11	1.66131572911727E-02	1E-30	1.60623544464193E-11	5.9620375060144E-03	2.01948934053329E-06	7.95094623011703E-12	4.6293457553585E-03	1.49132482392964E-06	3.64393080611584E-12	3.21925814486879E-03	1E10	1E-30	1E-10	1E10	1E-30	1E-10	1E10	1E-30	1E-10
10	8.88699458497156E-07	1E10	5E7	1E-30	4.01996760702464E-11	1E10	1E-30	1E10	4.281236554487E-3	8.69447130153868E-05	1E10	9.06734713726916	8.44251800616128E-05	1E10	1.48140141042599	8.14940235532554E-05	1E10	0.227951994894316	6.25179190189448E-05	1E10	3.57973151562624E-02	4.96440879707153E-05	1E10	5.34593964184041E-03	1E-30	8.78032048491923E-12	0.596317044043757	1E-30	8.0543599771482E-12	3.81612696956369E-02	1E-30	2.91911671289807E-11	2.85008293701214E-02	1.62808887527762E-06	1.14919501213047E-11	5.45255810072434E-03	2.00650129244066E-07	2.43225284744016E-11	9.56229464347077E-03	1E10	1E-30	1E-10	1E10	1E-30	1E-10	1E10	1E-30	1E-10	1E10	1E-30	1E-10	1E10	1E-30	1E-10
11	8.70248539570303E-07	1E10	5E7	1E-30	4.76167146534854E-11	1E10	1E-30	1E10	5.03647030967528E-03	3.16787604469746E-05	1E10	167.467561699892	4.97342132090347E-05	1E10	11.5223356417834	5.82260567255898E-05	1E10	0.997606983867288	6.95257234365202E-05	1E10	8.12533489340645E-02	4.48877511529459E-05	1E10	1.26674101784505E-02	5.01428313027162E-05	1E10	7.22856671710467E-04	1E-30	6.30938840077783E-12	0.311991464302401	1E-30	1.09475536646606E-11	6.11774135562467E-02	1E-30	4.59938710168571E-11	2.27936768336982E-02	1.1879766439859E-06	1.28788272788953E-11	4.10290744888726E-03	1E10	1E-30	1E-10	1E10	1E-30	1E-10	1E10	1E-30	1E-10	1E10	1E-30	1E-10	1E10	1E-30	1E-10
12	8.70248539570303E-07	1E10	5E7	1E-30	4.76167146534854E-11	1E10	1E-30	1E10	5.03647030967528E-03	3.16787604469746E-05	1E10	167.467561699892	4.97342132090347E-05	1E10	11.5223356417834	5.82260567255898E-05	1E10	0.997606983867288	6.95257234365202E-05	1E10	8.12533489340645E-02	4.48877511529459E-05	1E10	1.26674101784505E-02	5.01428313027162E-05	1E10	7.22856671710467E-04	1E-30	6.30938840077783E-12	0.311991464302401	1E-30	1.09475536646606E-11	6.11774135562467E-02	1E-30	4.59938710168571E-11	2.27936768336982E-02	1.1879766439859E-06	1.28788272788953E-11	4.10290744888726E-03	1E10	1E-30	1E-10	1E10	1E-30	1E-10	1E10	1E-30	1E-10	1E10	1E-30	1E-10	1E10	1E-30	1E-10
13	1.75732321347182E-06	1E10	22727273	1E-30	4.28012712820828E-11	1E10	1E-30	1E10	3.33086468623399E-03	9.75648856310151E-05	1E10	19.3001196362597	1.40756653342268E-04	1E10	2.12043697061272	1.72735748056235E-04	1E10	0.444930619294963	1.42891716319949E-04	1E10	0.125683560354147	1.08988893057952E-04	1E10	2.71864316076321E-02	6.47115591413685E-05	1E10	5.76055106780098E-03	1E-30	5.99003602887956E-12	6.30696112083588E-02	1E-30	9.18137379556061E-12	2.83167186334503E-02	1E-30	2.34383950424178E-11	1.18524367256972E-02	1E-30	4.19712097535345E-11	1.02401367285634E-02	3.10644862267268E-06	1.46827252128994E-11	4.97506632617836E-03	2.10579590026508E-06	7.3474266176509E-12	4.14464851404901E-03	1E10	1E-30	1E-10	1E10	1E-30	1E-10	1E10	1E-30	1E-10
14	1.75732321347182E-06	1E10	22727273	1E-30	4.28012712820828E-11	1E10	1E-30	1E10	3.33086468623399E-03	9.75648856310151E-05	1E10	19.3001196362597	1.40756653342268E-04	1E10	2.12043697061272	1.72735748056235E-04	1E10	0.444930619294963	1.42891716319949E-04	1E10	0.125683560354147	1.08988893057952E-04	1E10	2.71864316076321E-02	6.47115591413685E-05	1E10	5.76055106780098E-03	1E-30	5.99003602887956E-12	6.30696112083588E-02	1E-30	9.18137379556061E-12	2.83167186334503E-02	1E-30	2.34383950424178E-11	1.18524367256972E-02	1E-30	4.19712097535345E-11	1.02401367285634E-02	3.10644862267268E-06	1.46827252128994E-11	4.97506632617836E-03	2.10579590026508E-06	7.3474266176509E-12	4.14464851404901E-03	1E10	1E-30	1E-10	1E10	1E-30	1E-10	1E10	1E-30	1E-10
END DSCRDATA
