BEGIN DSCRDATA
% INDEX	K01	L01	M01	K02	L02	M02	K03	L03	M03	K04	L04	M04	K05	L05	M05	K06	L06	M06	K07	L07	M07	K08	L08	M08	K09	L09	M09	K10	L10	M10	K11	L11	M11	K12	L12	M12	K13	L13	M13	K14	L14	M14	K15	L15	M15	K16	L16	M16	K17	L17	M17	K18	L18	M18
0	0	0	0	0	0	0	0	0	0	0	0	0	0	0	0	0	0	0	0	0	0	0	0	0	0	0	0	0	0	0	0	0	0	0	0	0	0	0	0	0	0	0	0	0	0	0	0	0	0	0	0	0	0	0
1	1.81841771241272E-06	1E10	22727273	1E-30	2.66701689156215E-10	1E10	1E-30	1E10	7.16858923177225E-03	1.62396572229469E-04	1E10	9.74027581729369	1.14323254485721E-04	1E10	6.09652880605017	9.82501079418345E-05	1E10	1.23242680294578	9.88443996956899E-05	1E10	0.257227075531208	7.51352018254875E-05	1E10	6.21786711467243E-02	4.46602189351969E-05	1E10	1.49694130105273E-02	1E-30	1.72510163369839E-11	0.25830213924982	1E-30	2.80496077002582E-11	6.81861057569264E-02	1E-30	1.86563537948079E-10	2.58674444652006E-02	1.40688322653602E-05	1.72467035681669E-11	4.44174776829898E-03	2.91293070266363E-06	3.96330667426345E-11	7.13295153649433E-03	1E10	1E-30	1E-10	1E10	1E-30	1E-10	1E10	1E-30	1E-10	1E10	1E-30	1E-10
2	1.73384608403599E-06	1E10	22727272.7272727	1E-30	1.61327935793091E-10	1E10	1E-30	1E10	6.22381429547583E-03	8.50861538990703E-05	1E10	30.7847992501467	7.56288590027315E-05	1E10	4.59085625863085	6.87285032109275E-05	1E10	0.627187924125884	5.80605025883264E-05	1E10	8.06372162941953E-02	3.99599048935619E-05	1E10	1.34717278251012E-02	1E-30	1.45018605729764E-11	9.85164516437345E-02	1E-30	2.13189069385338E-11	4.30564109035711E-02	1E-30	1.64198016149088E-10	2.75273468221847E-02	7.7959884914135E-06	2.32294601648923E-11	4.85624595424716E-03	2.69464847350108E-06	3.30492758540671E-11	7.70828573577308E-03	1.72411996550146E-12	7.74358477403739E-11	28.4898322369638	1E10	1E-30	1E-10	1E10	1E-30	1E-10	1E10	1E-30	1E-10	1E10	1E-30	1E-10
3	1.80219707000154E-06	1E10	22727273	1E-30	2.70271748350372E-10	1E10	1E-30	1E10	6.93671244025544E-03	1.60898129129539E-04	1E10	9.36942148659278	1.06471958474615E-04	1E10	7.07891362015827	9.37204790988045E-05	1E10	1.33320838630398	9.46617258487598E-05	1E10	0.276490751449719	7.04653564030461E-05	1E10	0.066076360076542	4.78530762870186E-05	1E10	1.43364843771594E-02	1E-30	3.31634431250148E-11	0.107422250930383	1E-30	1.37168330213866E-10	1.72974719729902E-02	1E-30	4.98365790136224E-11	1.12030205106736E-02	1.36652829064266E-05	1.76327989854645E-11	4.37818565761695E-03	2.57608242194184E-06	4.36282320116834E-11	7.37193941414932E-03	1.50351441474024E-11	1.73306093753786E-11	0.370117605244565	1E10	1E-30	1E-10	1E10	1E-30	1E-10	1E10	1E-30	1E-10
4	1.80219707000154E-06	1E10	22727273	1E-30	2.70271748350372E-10	1E10	1E-30	1E10	6.93671244025544E-03	1.60898129129539E-04	1E10	9.36942148659278	1.06471958474615E-04	1E10	7.07891362015827	9.37204790988045E-05	1E10	1.33320838630398	9.46617258487598E-05	1E10	0.276490751449719	7.04653564030461E-05	1E10	0.066076360076542	4.78530762870186E-05	1E10	1.43364843771594E-02	1E-30	3.31634431250148E-11	0.107422250930383	1E-30	1.37168330213866E-10	1.72974719729902E-02	1E-30	4.98365790136224E-11	1.12030205106736E-02	1.36652829064266E-05	1.76327989854645E-11	4.37818565761695E-03	2.57608242194184E-06	4.36282320116834E-11	7.37193941414932E-03	1.50351441474024E-11	1.73306093753786E-11	0.370117605244565	1E10	1E-30	1E-10	1E10	1E-30	1E-10	1E10	1E-30	1E-10
5	3.98439987482995E-06	1E10	10638298	1E-30	2.47413045162869E-10	1E10	1E-30	1E10	9.97290458941999E-03	2.0370326366277E-04	1E10	41.2763123046912	3.24849482838659E-04	1E10	3.80828833060904	3.23824400021354E-04	1E10	0.582109887836976	3.80238803572775E-04	1E10	5.42719936870425E-02	3.01250497345099E-04	1E10	4.86814940040271E-03	1E-30	2.96010940921822E-11	0.2659252641588	1E-30	4.69659891307838E-11	6.36060581514417E-02	1E-30	1.68159857430281E-10	2.51317379331888E-02	4.26939249771796E-06	7.83086636004403E-11	1.93427575648168E-03	3.55816687074463E-06	4.76663855941923E-11	1.93129762806521E-03	2.32443746044193E-11	1.16780742736302E-11	0.981876818979922	1E10	1E-30	1E-10	1E10	1E-30	1E-10	1E10	1E-30	1E-10	1E10	1E-30	1E-10
6	6.55011355256487E-06	1E10	5E6	1E-30	2.27211288700819E-10	1E10	1E-30	1E10	4.88110321872536E-03	4.302994430628E-04	1E10	4.25660317450667	5.85701919310072E-04	1E10	0.647487745617398	5.24336878185893E-04	1E10	0.144565431416109	5.54250383286202E-04	1E10	2.28257002273119E-02	3.35335209381215E-04	1E10	5.00786296929163E-03	1E-30	3.59226935473636E-11	0.102037504127924	1E-30	9.33650361850283E-11	2.71967854490609E-02	1E-30	2.19139824360995E-10	1.20146090729943E-02	6.88263186363548E-05	1.78742347468522E-11	1.53950042609314E-03	1.26740408824137E-05	4.20974627397839E-11	2.60583589947824E-03	1.14594665847501E-11	1.76565412744732E-11	0.781147163987947	1E10	1E-30	1E-10	1E10	1E-30	1E-10	1E10	1E-30	1E-10	1E10	1E-30	1E-10
7	7.84714358195338E-06	1E10	5E6	1E-30	2.41135460016913E-10	1E10	1E-30	1E10	7.09189242498223E-03	5.13050948526035E-04	1E10	7.15382615327312	6.2493907795904E-04	1E10	0.766275790913392	7.2190488055156E-04	1E10	0.103656581480126	5.66786621500289E-04	1E10	1.81520116337304E-02	3.12090074001794E-04	1E10	3.10204769392538E-03	1E-30	3.29485035853297E-11	0.132714804998382	1E-30	8.28501434122157E-11	0.037816078967345	1E-30	2.32203262815655E-10	0.017313976110233	1.3796827769267E-05	5.47274230443157E-11	1.85216951633059E-03	9.45886064834571E-12	2.11480553050384E-11	1.72161014190836	1E10	1E-30	1E-10	1E10	1E-30	1E-10	1E10	1E-30	1E-10	1E10	1E-30	1E-10	1E10	1E-30	1E-10
END DSCRDATA
