BEGIN DSCRDATA
% INDEX	K01	L01	M01	K02	L02	M02	K03	L03	M03	K04	L04	M04	K05	L05	M05	K06	L06	M06	K07	L07	M07	K08	L08	M08	K09	L09	M09	K10	L10	M10	K11	L11	M11	K12	L12	M12	K13	L13	M13	K14	L14	M14	K15	L15	M15	K16	L16	M16	K17	L17	M17	K18	L18	M18
0	0	0	0	0	0	0	0	0	0	0	0	0	0	0	0	0	0	0	0	0	0	0	0	0	0	0	0	0	0	0	0	0	0	0	0	0	0	0	0	0	0	0	0	0	0	0	0	0	0	0	0	0	0	0
1	2.09032517984342E-06	1E10	22727273	1E-30	2.93952905169228E-10	1E10	1E-30	1E10	4.47912176762053E-03	4.02648482664116E-04	1E10	3.37088037756804	3.25082932563567E-04	1E10	1.32154311227942	2.89455370617487E-04	1E10	0.36948636802883	2.7458654357948E-04	1E10	0.117065294925515	2.0075746437461E-04	1E10	3.41624796021695E-02	1.01541949989952E-04	1E10	8.16995901332058E-03	1E-30	1.80341144878746E-11	0.130051371440302	1E-30	2.05589759882619E-11	2.44457412921688E-02	1E-30	1.68465955839955E-10	1.92992223557967E-02	1E-30	7.82652697624958E-11	1.04701572570969E-02	7.08718077707301E-06	5.32422747064607E-11	0.014831881574859	1.86060596221157E-06	8.37659203624697E-11	1.14445517722364E-02	1.21990143951107E-11	5.15424929638408E-11	8.71730815377419	1E10	1E-30	1E-10	1E10	1E-30	1E-10
2	2.09032517984342E-06	1E10	22727273	1E-30	2.93952905169228E-10	1E10	1E-30	1E10	4.47912176762053E-03	4.02648482664116E-04	1E10	3.37088037756804	3.25082932563567E-04	1E10	1.32154311227942	2.89455370617487E-04	1E10	0.36948636802883	2.7458654357948E-04	1E10	0.117065294925515	2.0075746437461E-04	1E10	3.41624796021695E-02	1.01541949989952E-04	1E10	8.16995901332058E-03	1E-30	1.80341144878746E-11	0.130051371440302	1E-30	2.05589759882619E-11	2.44457412921688E-02	1E-30	1.68465955839955E-10	1.92992223557967E-02	1E-30	7.82652697624958E-11	1.04701572570969E-02	7.08718077707301E-06	5.32422747064607E-11	0.014831881574859	1.86060596221157E-06	8.37659203624697E-11	1.14445517722364E-02	1.21990143951107E-11	5.15424929638408E-11	8.71730815377419	1E10	1E-30	1E-10	1E10	1E-30	1E-10
3	3.61939149244504E-06	1E10	10638298	1E-30	3.08793606334577E-10	1E10	1E-30	1E10	4.03585874931424E-03	1.98448210624422E-04	1E10	10.3427162688028	3.02655580281126E-04	1E10	1.33512020414552	2.99884563878305E-04	1E10	0.356608688495016	2.53864601321537E-04	1E10	0.110650593521454	1.8208136621164E-04	1E10	3.04755800027663E-02	9.76033352002865E-05	1E10	7.58409782255909E-03	1E-30	1.72393295080934E-11	0.158351026431767	1E-30	2.06476948870098E-11	2.79146108932175E-02	1E-30	1.87189179853635E-10	1.64231931193863E-02	1E-30	8.22610303880623E-11	9.61201301420824E-03	1.33981802108195E-05	5.1624283189068E-11	1.11408905140234E-02	2.84985617380737E-06	1.04466489866062E-10	9.73539411133586E-03	1.08282769121049E-11	5.46645344463086E-11	16.5432903967957	1E10	1E-30	1E-10	1E10	1E-30	1E-10
4	3.61939149244504E-06	1E10	10638298	1E-30	3.08793606334577E-10	1E10	1E-30	1E10	4.03585874931424E-03	1.98448210624422E-04	1E10	10.3427162688028	3.02655580281126E-04	1E10	1.33512020414552	2.99884563878305E-04	1E10	0.356608688495016	2.53864601321537E-04	1E10	0.110650593521454	1.8208136621164E-04	1E10	3.04755800027663E-02	9.76033352002865E-05	1E10	7.58409782255909E-03	1E-30	1.72393295080934E-11	0.158351026431767	1E-30	2.06476948870098E-11	2.79146108932175E-02	1E-30	1.87189179853635E-10	1.64231931193863E-02	1E-30	8.22610303880623E-11	9.61201301420824E-03	1.33981802108195E-05	5.1624283189068E-11	1.11408905140234E-02	2.84985617380737E-06	1.04466489866062E-10	9.73539411133586E-03	1.08282769121049E-11	5.46645344463086E-11	16.5432903967957	1E10	1E-30	1E-10	1E10	1E-30	1E-10
5	7.7088086485086E-06	1E10	5E6	1E-30	3.2250954154659E-10	1E10	1E-30	1E10	3.35322501598902E-03	3.84858160401419E-04	1E10	4.04251673055874	6.63189273544436E-04	1E10	0.450947701057863	4.93382862366832E-04	1E10	0.137796907430761	4.31855863247609E-04	1E10	0.029484615654215	2.23578430462165E-04	1E10	6.39952202176101E-03	1E-30	1.76873542891692E-11	0.127884718077682	1E-30	3.15637035790128E-11	2.32286166290035E-02	1E-30	2.2298046284401E-10	1.15364536442404E-02	1E-30	8.73361001379689E-11	5.76602803387093E-03	4.17234845464417E-05	4.03580966274437E-11	5.34907830297885E-03	7.21431637426825E-06	1.09423485695155E-10	6.3326814387643E-03	8.77374563386038E-12	7.32343940471215E-11	18.5708261372654	1E10	1E-30	1E-10	1E10	1E-30	1E-10	1E10	1E-30	1E-10
6	7.7088086485086E-06	1E10	5E6	1E-30	3.2250954154659E-10	1E10	1E-30	1E10	3.35322501598902E-03	3.84858160401419E-04	1E10	4.04251673055874	6.63189273544436E-04	1E10	0.450947701057863	4.93382862366832E-04	1E10	0.137796907430761	4.31855863247609E-04	1E10	0.029484615654215	2.23578430462165E-04	1E10	6.39952202176101E-03	1E-30	1.76873542891692E-11	0.127884718077682	1E-30	3.15637035790128E-11	2.32286166290035E-02	1E-30	2.2298046284401E-10	1.15364536442404E-02	1E-30	8.73361001379689E-11	5.76602803387093E-03	4.17234845464417E-05	4.03580966274437E-11	5.34907830297885E-03	7.21431637426825E-06	1.09423485695155E-10	6.3326814387643E-03	8.77374563386038E-12	7.32343940471215E-11	18.5708261372654	1E10	1E-30	1E-10	1E10	1E-30	1E-10	1E10	1E-30	1E-10
END DSCRDATA
